Epoch	AverageEpRet	StdEpRet	MaxEpRet	MinEpRet	EpLen	AverageVVals	StdVVals	MaxVVals	MinVVals	TotalEnvInteracts	LossPi	LossV	DeltaLossPi	DeltaLossV	Entropy	KL	ClipFrac	StopIter	Time
0	55.881485	33.43799	91.0	-53.333332	535.8333	4.8823338	10.426878	37.75429	-46.89085	10000	-6.2088173e-10	86.61306	-0.013209335	-32.291065	0.4468526	0.0155824525	0.08490849	8.0	28.998822927474976
1	46.74167	38.119755	85.0	-33.333332	576.4375	6.47508	10.302705	32.03877	-45.42699	20000	-3.7252903e-09	77.826385	-0.011023771	-20.273596	0.4529587	0.015235092	0.086608656	12.0	51.77610683441162
2	40.270176	46.455463	88.3	-66.666664	503.21054	5.0648313	10.365732	30.88146	-50.368156	30000	8.692344e-09	117.45542	-0.013223913	-35.83186	0.4667677	0.0154562695	0.103710376	16.0	76.8691143989563
3	42.104164	39.008396	88.3	-33.333332	570.3125	5.6473484	9.25984	34.318928	-43.04404	40000	-2.1109978e-08	95.283905	-0.009746735	-28.878098	0.44245267	0.01573544	0.07140714	9.0	100.52890992164612
4	46.9386	42.123554	90.1	-73.333336	511.3158	5.125482	10.079533	34.553253	-40.322727	50000	8.692344e-09	106.3884	-0.009890113	-37.168015	0.4530454	0.015218712	0.07830783	9.0	125.63873744010925
5	48.862503	37.007397	88.0	-20.0	567.8125	6.7387404	8.92364	35.07013	-47.623867	60000	-1.2417634e-08	87.57728	-0.009550885	-25.480593	0.4388918	0.016808106	0.06750675	9.0	150.67758893966675
6	41.619606	44.807415	95.5	-46.666668	541.5294	6.1064825	9.912959	33.685455	-43.13509	70000	2.483527e-09	133.44539	-0.010643723	-34.229546	0.44836617	0.015231923	0.097809784	13.0	174.71862411499023
7	38.05185	45.37231	91.0	-40.0	540.6667	4.219813	11.355373	33.806484	-49.026478	80000	0.0	134.35309	-0.010787442	-35.95402	0.45979616	0.0152366785	0.07870787	11.0	198.7837028503418
8	40.710526	45.359795	91.0	-46.666668	513.4737	4.621464	10.606988	34.003567	-49.42052	90000	7.450581e-09	126.679344	-0.0105347065	-37.626354	0.464945	0.015008457	0.08590859	9.0	223.44693660736084
9	49.097916	40.536247	91.0	-26.666666	572.125	5.9033976	9.614531	31.48415	-40.18959	100000	4.967054e-09	85.513145	-0.009403229	-27.6598	0.45439819	0.015267369	0.08180819	9.0	247.21663236618042
10	42.82963	47.341915	91.0	-80.0	511.3889	6.2632523	9.761366	33.47377	-50.103695	110000	-1.0554989e-08	124.44784	-0.014321457	-26.213823	0.43344545	0.015507583	0.0910091	24.0	271.152640581131
11	50.689583	40.556534	85.6	-40.0	571.0625	6.987517	9.466345	33.04818	-43.886192	120000	-6.2088173e-10	87.62629	-0.009798364	-15.3593855	0.43379197	0.015770981	0.0740074	10.0	293.28953075408936
12	49.794117	30.822708	88.0	-20.0	555.4706	6.5055776	9.562306	31.921886	-48.374924	130000	6.2088173e-10	87.77637	-0.009756642	-26.004835	0.43345103	0.016081952	0.07880788	10.0	317.3294880390167
13	59.35294	29.163036	91.0	-13.333333	546.5294	6.2293415	8.554206	30.745262	-43.75298	140000	1.2417635e-09	87.02166	-0.010385108	-25.067682	0.42676568	0.015079652	0.08510851	15.0	340.05034351348877
14	53.239216	29.138914	93.7	-13.333333	561.94116	7.0989347	9.45811	31.202566	-47.63741	150000	-4.967054e-09	81.12005	-0.009183766	-24.63503	0.44056812	0.015163763	0.081408136	10.0	364.5543382167816
15	46.260784	36.1255	89.2	-26.666666	551.1177	6.9994626	9.83726	33.641224	-48.369576	160000	-1.5522042e-08	87.35672	-0.019469144	-28.35343	0.4441726	0.015106383	0.11391139	39.0	387.4548194408417
16	49.257896	46.164074	94.6	-66.666664	506.57895	5.406463	9.363622	29.686167	-48.398895	170000	-1.4901161e-08	142.80699	-0.011176713	-49.59912	0.45457315	0.016539814	0.070907086	8.0	411.96380400657654
17	50.5875	36.057335	88.0	-20.0	566.5625	7.2511926	9.681946	31.864338	-46.672356	180000	-1.2572855e-08	85.52578	-0.013920351	-30.846502	0.43472695	0.0151660135	0.09480948	24.0	434.69198298454285
18	47.264706	33.881542	84.7	-20.0	560.5294	5.822346	9.335886	30.464596	-37.293858	190000	1.7384687e-08	87.57208	-0.008238363	-21.580292	0.4322474	0.015458819	0.07790779	7.0	458.89543890953064
19	55.05686	36.756207	91.9	-26.666666	551.7059	6.584638	9.667587	31.234951	-43.753204	200000	9.313226e-10	69.34633	-0.0074134283	-14.032828	0.4268944	0.016388047	0.0721072	9.0	483.40421986579895
20	45.590744	42.49839	100.0	-40.0	532.2222	6.627384	9.935216	32.45979	-45.48891	210000	-1.2417634e-08	128.29707	-0.0098095	-36.28357	0.4409099	0.015099958	0.08830883	12.0	508.40522837638855
21	41.466667	47.04002	94.6	-60.0	535.8333	5.387782	10.134386	28.860592	-45.987465	220000	-9.934108e-09	129.138	-0.018100938	-44.49696	0.43108153	0.015091856	0.10581058	44.0	535.1479909420013
22	46.735294	41.074047	82.0	-66.666664	550.2941	6.8239474	9.845336	31.687195	-47.527756	230000	6.208817e-09	108.97357	-0.011336601	-40.106827	0.4556043	0.015440571	0.099709965	12.0	556.9881484508514
23	42.59333	44.685463	94.0	-46.666668	484.4	4.9381356	9.596621	31.810724	-42.56012	240000	-3.259629e-09	108.70437	-0.010771361	-31.321802	0.44738612	0.015058495	0.09090909	11.0	580.6994016170502
24	48.71754	42.179737	87.4	-53.333332	511.0	5.6726766	10.313201	30.002916	-42.695797	250000	-1.4901161e-08	75.077034	-0.0102420645	-19.095833	0.44475952	0.015360829	0.081108116	12.0	606.9281549453735
25	45.387722	46.91053	97.0	-73.333336	508.57895	6.591793	9.783878	33.27383	-43.83636	260000	-2.8560558e-08	112.47555	-0.010735675	-21.471298	0.45308042	0.015783833	0.07730773	12.0	631.6249799728394
26	43.205555	48.56932	88.3	-73.333336	511.27777	6.2206693	9.863676	31.849669	-40.226665	270000	0.0	113.120155	-0.009607704	-32.619186	0.44573274	0.015419942	0.08970898	10.0	657.1172862052917
27	44.384445	33.298656	86.5	-20.0	597.4	7.03722	8.643982	32.61075	-32.077442	280000	2.483527e-09	84.20246	-0.0083232215	-21.986702	0.42113185	0.015950983	0.08510851	9.0	678.4649152755737
28	41.8463	48.18927	94.0	-53.333332	521.05554	5.8414435	11.202301	34.666386	-58.0497	290000	-1.2417634e-08	138.54774	-0.009167892	-47.512344	0.44157562	0.01597167	0.08790878	9.0	701.7189404964447
29	50.552944	37.856293	92.8	-20.0	532.1177	5.790165	10.171751	29.189638	-47.782497	300000	0.0	117.95166	-0.00824606	-43.050953	0.44677028	0.01544986	0.07380738	8.0	724.6425428390503
30	47.266666	46.8082	91.0	-73.333336	504.0	6.0420585	10.340213	36.12063	-47.789673	310000	-4.967054e-09	127.4198	-0.013076062	-33.22905	0.4340202	0.015413686	0.08420842	20.0	749.0659463405609
31	49.192593	34.784737	82.9	-46.666668	532.2778	5.9975796	10.611383	31.690859	-49.270706	320000	-2.0489097e-08	81.850914	-0.012289439	-22.439627	0.44449696	0.015416716	0.08980898	15.0	772.4332671165466
32	53.970177	40.961697	94.0	-33.333332	494.05264	5.120526	10.501032	29.890179	-47.563904	330000	-1.1175871e-08	98.35553	-0.012141195	-26.2815	0.45022655	0.015461512	0.09830984	15.0	796.068531036377
33	32.280704	46.525234	87.4	-60.0	497.89474	6.349083	10.922729	32.743874	-46.361237	340000	-2.7629236e-08	144.59497	-0.011252373	-40.678963	0.4419563	0.015334815	0.08550855	12.0	820.7261514663696
34	39.79123	49.87779	90.1	-66.666664	490.57895	4.7913485	11.065138	27.339777	-47.37691	350000	-1.3659398e-08	137.71956	-0.011109388	-25.871424	0.4522662	0.015929423	0.09220922	11.0	843.4861342906952
35	54.129414	33.573437	90.1	-13.333333	551.35297	5.2230835	11.02807	28.818663	-47.705585	360000	2.20413e-08	93.21326	-0.0103704445	-32.74105	0.4459304	0.015624471	0.086408645	12.0	867.9147748947144
36	47.83519	32.0171	87.4	-13.333333	528.6667	6.5878754	10.214037	31.663242	-53.415245	370000	1.2417635e-09	95.69236	-0.010209303	-35.151623	0.4574034	0.0151816495	0.08870888	13.0	889.9232070446014
37	37.680702	51.474117	91.9	-80.0	491.8421	5.4565425	9.674076	27.118948	-48.192596	380000	-4.967054e-09	159.9459	-0.010920928	-65.78437	0.43949547	0.015028819	0.083708376	13.0	914.9248480796814
38	41.696663	50.05033	94.0	-93.333336	472.9	4.992395	11.431333	29.711033	-54.64402	390000	-1.14863115e-08	168.46913	-0.011881302	-42.174988	0.45005408	0.015359339	0.09070907	12.0	939.9500503540039
39	44.99298	42.76131	90.1	-53.333332	503.94736	5.805624	10.76704	30.714447	-52.000454	400000	1.1175871e-08	134.87384	-0.009683359	-43.246037	0.4482369	0.015863055	0.09950995	11.0	965.2112445831299
40	47.85614	43.618496	88.3	-53.333332	517.6316	4.3585525	11.531666	29.694035	-58.740543	410000	-9.934108e-09	98.03918	-0.010787587	-29.831781	0.44716382	0.015411311	0.08160816	13.0	989.5290784835815
41	53.383335	45.8514	93.7	-86.666664	526.6667	6.5075836	9.541165	28.09483	-41.719303	420000	1.2417634e-08	101.7376	-0.008863798	-30.950739	0.44664893	0.015542648	0.06750675	9.0	1015.334061384201
42	51.062744	32.92647	91.0	-13.333333	537.1177	7.3100986	9.846205	39.043182	-55.915936	430000	2.483527e-09	111.820984	-0.014780603	-43.8817	0.45945418	0.015612081	0.09940994	18.0	1038.6411974430084
43	42.191227	54.359726	100.0	-86.666664	476.05264	6.384853	9.899645	34.97128	-41.32148	440000	2.483527e-09	155.93188	-0.01159443	-44.513012	0.45244455	0.015372819	0.084008396	13.0	1061.3918805122375
44	46.136845	48.018764	91.0	-86.666664	501.6316	5.7515993	10.580089	29.84502	-45.189686	450000	-2.4214387e-08	114.21163	-0.014312599	-31.082487	0.44441438	0.015044101	0.0929093	23.0	1087.3389451503754
45	46.245834	36.27433	87.4	-20.0	559.6875	6.7262526	9.400196	30.214745	-47.975384	460000	7.1401396e-09	81.55475	-0.0114534395	-18.971405	0.44857788	0.015002823	0.09430943	13.0	1109.4949231147766
46	43.307407	41.117916	94.0	-66.666664	530.05554	5.7941823	9.8835	29.070734	-43.097836	470000	-1.1175871e-08	94.645294	-0.010179611	-23.408686	0.4513825	0.015899507	0.0860086	11.0	1134.7436077594757
47	58.033337	34.18541	97.0	-13.333333	551.5294	6.233412	10.031312	29.22985	-48.45241	480000	0.0	81.052246	-0.009768345	-20.730719	0.4570379	0.015274189	0.074407436	12.0	1158.339111328125
48	36.731113	40.208027	100.0	-26.666666	603.93335	8.0208235	9.604529	33.22059	-40.848526	490000	6.208817e-09	97.78324	-0.0074905325	-33.4873	0.43980813	0.015771277	0.058805883	6.0	1180.002473115921
49	48.933334	35.26309	91.0	-20.0	582.6875	5.399269	10.595757	30.878735	-44.364727	500000	-1.800557e-08	81.20077	-0.0113531975	-19.636423	0.4536593	0.015086086	0.08350835	19.0	1203.9713923931122
50	38.747917	33.2049	81.1	-20.0	594.0	6.8430552	9.678979	29.726461	-46.9009	510000	-3.0423205e-08	86.54427	-0.0067215287	-18.398176	0.45048967	0.01684945	0.054105412	6.0	1227.477385520935
51	46.38518	43.668045	94.0	-46.666668	518.94446	5.2074556	10.076621	27.444336	-43.162315	520000	-2.0489097e-08	106.76101	-0.0116064	-33.269337	0.47054866	0.015548363	0.09430943	12.0	1248.9172585010529
52	52.80417	34.57844	94.0	-13.333333	585.75	5.5512757	9.640934	28.184364	-53.075405	530000	4.1288633e-08	85.01189	-0.010161179	-25.640142	0.4493188	0.01525199	0.09180918	11.0	1272.1100656986237
53	41.63684	54.40516	100.0	-93.333336	490.0	6.204378	8.683907	29.43794	-40.909966	540000	1.6395157e-08	142.8485	-0.010593127	-52.962887	0.43328038	0.015471551	0.08330833	11.0	1298.6492471694946
54	42.19375	43.712173	94.0	-46.666668	581.8125	6.574743	10.190695	29.426699	-41.039	550000	7.450581e-09	123.878624	-0.009744798	-45.85974	0.44838032	0.0152852135	0.08020802	13.0	1322.13906788826
55	47.817783	35.27292	91.0	-13.333333	577.73334	7.4461865	9.486051	30.305723	-57.75794	560000	-1.2417634e-08	92.70102	-0.009488552	-25.428541	0.4226379	0.016797535	0.08540854	10.0	1344.4649851322174
56	50.366665	42.486217	93.7	-66.666664	547.58826	6.232539	9.915294	32.66491	-52.45056	570000	1.4901161e-08	89.07446	-0.008369845	-18.225775	0.44832614	0.01583909	0.073407345	8.0	1367.6141710281372
57	51.05625	32.60274	92.8	-6.6666665	572.875	6.5893574	9.748004	30.877565	-50.950375	580000	7.450581e-09	90.05552	-0.009917383	-22.540365	0.44495025	0.016258756	0.08060806	11.0	1391.4467930793762
58	49.05439	44.308308	100.0	-60.0	501.57895	6.345637	10.03112	29.569218	-58.91807	590000	0.0	153.93454	-0.008918535	-44.06848	0.44046447	0.015462187	0.07550755	10.0	1417.0463981628418
59	46.5807	46.40219	100.0	-80.0	499.0	6.0413404	10.252689	27.38787	-50.261047	600000	-2.483527e-09	134.48901	-0.015017719	-43.75403	0.45477155	0.01525211	0.10291029	28.0	1442.0321683883667
60	48.67895	42.446392	97.0	-53.333332	516.8421	5.484075	10.126328	29.009396	-41.953964	610000	-2.173086e-08	81.66981	-0.0076884856	-18.438082	0.4388863	0.016108498	0.06680668	8.0	1465.5561771392822
61	46.012962	41.17729	91.0	-33.333332	514.8333	5.7351975	10.417474	26.937529	-49.216743	620000	-4.967054e-09	102.6128	-0.015984455	-28.298513	0.4584044	0.015023753	0.09910991	24.0	1491.904757976532
62	55.287033	31.74754	96.4	-20.0	552.1111	6.623249	10.266151	31.801893	-51.02875	630000	-9.934108e-09	85.25536	-0.009884874	-24.386728	0.43417045	0.016062854	0.081408136	12.0	1514.5242373943329
63	45.964912	45.508537	100.0	-60.0	503.78946	6.1544285	10.429319	36.63565	-41.27607	640000	-7.450581e-09	98.87339	-0.01359912	-30.181574	0.4622334	0.015433851	0.10221022	17.0	1538.8048329353333
64	45.992985	42.735394	90.1	-40.0	505.73685	5.177974	10.749908	28.974552	-48.467274	650000	1.8626451e-08	84.62849	-0.009832007	-25.005468	0.4585594	0.015044955	0.07450745	8.0	1566.1358246803284
65	53.59375	29.310076	91.0	-20.0	581.9375	7.546552	10.59163	29.706192	-62.066296	660000	4.967054e-09	85.734985	-0.009825447	-28.160524	0.4410716	0.015751375	0.08860886	12.0	1590.5139691829681
66	53.28958	38.672962	97.0	-40.0	562.5	7.555881	8.942286	30.724257	-48.61324	670000	-6.3640377e-09	92.20463	-0.009941433	-27.989126	0.4466927	0.0150671825	0.08060806	13.0	1614.0379567146301
67	46.881485	44.418083	97.0	-66.666664	527.05554	6.4202476	9.51153	28.687132	-54.465073	680000	1.5522043e-09	109.40176	-0.010944373	-33.85692	0.44696403	0.015755028	0.07650765	14.0	1638.5453724861145
68	59.475925	39.357468	96.4	-26.666666	510.27777	6.2098165	11.238188	33.647964	-60.62987	690000	-3.7252903e-09	94.20063	-0.010469106	-24.299955	0.44248596	0.015758298	0.08810881	15.0	1662.4337284564972
69	57.52963	35.257557	100.0	-40.0	541.6111	7.687321	10.0506	32.43703	-45.36711	700000	0.0	70.63654	-0.010378209	-13.494531	0.44649455	0.01559713	0.08600861	11.0	1686.7872173786163
70	56.907845	32.903633	94.0	-13.333333	545.7647	7.725216	10.027659	31.730366	-49.290585	710000	1.3659398e-08	89.248924	-0.012864962	-27.701157	0.43255842	0.015285279	0.089008905	19.0	1710.977810382843
71	53.085186	40.668053	94.0	-33.333332	524.6667	6.9947453	10.175716	34.826233	-47.339233	720000	-1.7384687e-08	80.20074	-0.008595528	-21.795511	0.4408289	0.016640896	0.075307526	9.0	1736.7986059188843
72	53.172546	36.203297	97.0	-20.0	560.17645	7.059474	9.743906	31.796387	-42.900303	730000	-2.0489097e-08	79.8701	-0.013163515	-19.40042	0.4268124	0.015296328	0.09250925	20.0	1761.1358408927917
73	49.533333	35.409958	93.7	-26.666666	556.7647	6.9318175	10.322682	31.169289	-56.623695	740000	-1.4901161e-08	94.856346	-0.009348312	-34.30356	0.44698748	0.015164547	0.074307434	10.0	1784.8111345767975
74	45.73509	43.87933	91.9	-86.666664	512.5789	6.210886	9.707113	33.56156	-46.139942	750000	-6.829699e-09	118.73046	-0.009946181	-32.20548	0.4510926	0.016058551	0.086408645	11.0	1809.9274771213531
75	43.308334	38.03272	85.6	-26.666666	571.6875	6.8451543	9.748729	28.599285	-50.09513	760000	8.071463e-09	84.242744	-0.00863208	-25.531662	0.42691532	0.016202355	0.08440844	9.0	1833.4369838237762
76	49.572918	39.322926	90.1	-33.333332	560.3125	6.1810236	8.6333685	29.022493	-45.273865	770000	-1.7384687e-08	80.82414	-0.010165005	-20.759197	0.43597713	0.015509431	0.077707775	11.0	1856.922839164734
77	52.020832	35.992893	94.0	-13.333333	570.0	6.3765006	10.421115	35.094917	-46.847046	780000	2.483527e-09	83.49972	-0.009305199	-17.634365	0.442969	0.015536704	0.07460746	10.0	1878.459308385849
78	55.85208	26.752724	89.2	-6.6666665	588.125	7.5897326	8.679881	32.69758	-41.50829	790000	-5.5879354e-09	68.21538	-0.008520428	-20.534582	0.4194312	0.015113267	0.08250824	9.0	1902.1540768146515
79	53.99804	34.09204	91.0	-26.666666	551.17645	7.1709647	8.993589	28.230185	-39.171207	800000	2.2351742e-08	68.478065	-0.010069945	-16.168854	0.45392624	0.015878776	0.088208824	13.0	1925.445344209671
80	52.4	41.003876	97.0	-40.0	521.6111	6.907277	9.606077	30.26502	-36.64285	810000	1.2417635e-09	75.759026	-0.011766538	-22.009125	0.45314327	0.015251544	0.101910196	16.0	1948.814692735672
81	53.762962	35.69474	85.0	-26.666666	533.8889	6.5519876	10.672395	30.782566	-47.872414	820000	7.450581e-09	84.98461	-0.010596797	-20.350214	0.45495868	0.015017119	0.093209326	16.0	1972.282225370407
82	53.114815	33.560795	94.6	-20.0	534.94446	6.490012	11.062587	32.123775	-48.002407	830000	-1.3038516e-08	87.556366	-0.010068596	-19.543194	0.4312961	0.016557282	0.079307936	10.0	1995.2013998031616
83	53.49804	32.456196	88.0	-13.333333	548.82355	6.8653693	10.367107	30.33999	-55.857803	840000	-4.811833e-09	74.08985	-0.009296729	-22.784021	0.4383384	0.015251891	0.0839084	13.0	2018.2750658988953
84	56.012283	37.10263	100.0	-53.333332	502.94736	6.321379	9.449145	30.013062	-48.416245	850000	1.2417635e-09	103.63043	-0.009016937	-25.731306	0.43807057	0.016271947	0.06950695	9.0	2042.7885007858276
85	51.80889	36.24281	89.2	-20.0	601.6	8.101155	9.621243	31.394455	-51.75316	860000	6.208817e-09	70.044304	-0.00784878	-14.583027	0.42297137	0.016718546	0.07170717	8.0	2066.8938562870026
86	46.40556	43.781708	94.0	-66.666664	524.5	6.64101	9.703934	28.835287	-40.711178	870000	-3.8805106e-09	88.70315	-0.008609089	-24.742823	0.43335542	0.015045452	0.06920692	10.0	2091.4970231056213
87	60.107845	33.278927	92.8	-20.0	556.58826	6.37477	9.458556	31.927721	-46.760246	880000	1.1796753e-08	80.0299	-0.008787465	-21.842712	0.43393835	0.015867257	0.070907086	10.0	2115.2705159187317
88	51.760784	35.999645	88.3	-20.0	551.7059	6.8868256	10.401343	34.09952	-42.716007	890000	3.7252903e-09	115.72699	-0.010631786	-37.3477	0.44196334	0.015061901	0.07720772	11.0	2139.9510407447815
89	54.450977	30.521286	91.9	-6.6666665	541.8823	6.947862	10.719496	34.59457	-49.971058	900000	9.934108e-09	101.15159	-0.0057830936	-34.82248	0.42474344	0.018688448	0.040804077	5.0	2162.4429581165314
90	53.273685	45.138645	100.0	-53.333332	501.3158	5.8388753	9.7195425	28.99886	-41.240456	910000	2.483527e-09	97.5365	-0.009657469	-33.430004	0.43937382	0.015902812	0.10031003	10.0	2188.764393091202
91	43.35	37.609318	91.0	-20.0	565.0625	8.464844	9.618728	31.741995	-44.535355	920000	8.692344e-09	125.712074	-0.00738275	-36.49974	0.42751443	0.015299135	0.06110611	5.0	2211.40220952034
92	51.127083	32.519875	100.0	-20.0	575.875	5.4407997	9.758607	27.624414	-58.6754	930000	0.0	87.05155	-0.00700823	-24.22106	0.41970935	0.01634336	0.075007506	10.0	2234.1596331596375
93	48.525	38.662827	83.8	-53.333332	566.0625	7.174542	8.054877	31.02605	-37.902466	940000	-4.967054e-09	95.26193	-0.016791657	-23.444044	0.41545948	0.015013252	0.101910196	33.0	2258.3245437145233
94	55.819607	32.126476	100.0	-20.0	552.2941	6.3063617	8.257505	30.24103	-40.37443	950000	0.0	77.17286	-0.009539135	-18.29968	0.41772714	0.015043932	0.05440544	7.0	2281.3608632087708
95	55.190197	37.039318	88.0	-26.666666	541.4706	7.2115674	8.733378	33.208748	-44.769817	960000	8.071463e-09	90.90655	-0.011886452	-33.578033	0.41800585	0.0153055	0.09740975	19.0	2303.115342617035
96	53.93125	20.706512	82.0	13.0	577.3125	7.5065446	9.121404	30.538935	-47.32154	970000	3.7252903e-09	79.8998	-0.008193414	-26.685516	0.40777436	0.015990028	0.077107705	9.0	2325.4258778095245
97	53.59074	33.006607	87.4	-20.0	539.44446	5.930022	9.953952	30.284613	-62.94173	980000	-1.3659398e-08	77.55541	-0.013209175	-21.557482	0.42334476	0.0151215615	0.10171017	22.0	2350.7290217876434
98	51.18148	34.259388	85.6	-40.0	536.3333	6.652504	10.077189	29.882828	-60.373226	990000	-2.8715779e-09	71.24999	-0.009934288	-23.269928	0.4166201	0.015666246	0.07840785	11.0	2373.5742745399475
99	53.682457	41.18403	93.7	-40.0	503.57895	5.70948	10.140437	28.893866	-50.72153	1000000	-9.934108e-09	68.198006	-0.011516697	-14.562347	0.4198898	0.015107044	0.095009506	12.0	2397.804943084717
100	50.72666	38.429394	88.3	-53.333332	485.4	7.003186	9.913854	35.62255	-43.099495	1010000	2.483527e-09	81.28518	-0.0083135795	-18.615137	0.4331533	0.016682634	0.06210621	7.0	2422.043165206909
101	56.411114	32.467976	87.4	-13.333333	525.05554	7.3091817	9.371548	30.414652	-41.504555	1020000	9.002785e-09	77.29751	-0.011627375	-21.059513	0.4221852	0.015584733	0.088108815	15.0	2444.23033452034
102	50.083332	34.77786	89.2	-26.666666	540.8889	7.423062	9.103648	32.4809	-37.401848	1030000	-7.450581e-09	97.82654	-0.0074752667	-28.049515	0.40890586	0.015242263	0.066506654	8.0	2466.7904601097107
103	54.492596	36.9277	91.9	-40.0	540.2222	6.4110165	9.403863	31.566204	-46.49546	1040000	-2.8250119e-08	86.90424	-0.009295185	-27.953651	0.4175823	0.015079592	0.08410841	14.0	2494.3469858169556
104	49.489475	38.825684	85.6	-40.0	506.0	5.801874	9.661192	30.137161	-39.98899	1050000	-6.208817e-09	90.1553	-0.0103298705	-19.840117	0.41455722	0.015448994	0.08880889	13.0	2518.0461010932922
105	55.627777	41.816902	90.1	-60.0	518.8333	6.937207	9.6981535	37.447746	-40.13352	1060000	-1.8626451e-09	95.19181	-0.0098804645	-23.126793	0.42839202	0.015206616	0.08270827	11.0	2541.2644731998444
106	46.192593	38.027824	94.0	-33.333332	529.8889	7.436582	9.378225	30.599173	-44.230854	1070000	6.208817e-09	117.17631	-0.009856229	-44.10631	0.442942	0.015462684	0.07660767	10.0	2564.3643403053284
107	52.115685	37.135864	100.0	-26.666666	555.0	5.768692	9.84066	36.245964	-44.382217	1080000	-1.2417635e-09	103.523735	-0.0077035725	-35.487926	0.4190446	0.015999043	0.071607165	9.0	2588.110716819763
108	47.85686	38.6793	89.2	-33.333332	550.2353	6.6101885	8.937183	30.835325	-43.122513	1090000	-7.450581e-09	76.66598	-0.016034389	-15.618736	0.4255602	0.015019587	0.097809784	32.0	2610.509536743164
109	67.727455	27.224943	100.0	-13.333333	542.8823	6.4368367	8.836556	36.75146	-35.91505	1100000	-2.483527e-09	87.00842	-0.00937377	-27.472368	0.4283816	0.016246056	0.08240824	10.0	2633.2702023983
110	58.008778	38.483234	100.0	-46.666668	496.42105	7.9959025	8.93555	34.850605	-45.154926	1110000	-4.967054e-09	83.16442	-0.016732901	-20.597652	0.42457545	0.015066923	0.10161016	28.0	2659.6982991695404
111	56.111107	34.584404	84.7	-26.666666	533.1667	7.667703	9.231469	33.728676	-45.31317	1120000	-2.0799538e-08	80.99735	-0.011938932	-20.082073	0.41818324	0.015425466	0.09200921	14.0	2682.2752187252045
112	46.590195	37.79857	92.8	-33.333332	572.35297	6.7509775	9.183956	34.616524	-39.79145	1130000	-4.967054e-09	95.89633	-0.007895968	-32.57828	0.4173479	0.015243198	0.07540754	7.0	2706.494551420212
113	49.192593	40.686337	91.0	-46.666668	524.8333	5.4687195	9.874362	28.968977	-37.994186	1140000	-3.3178367e-09	71.57481	-0.014261219	-22.466822	0.41983292	0.015331191	0.09490949	22.0	2732.8432161808014
114	48.226315	41.46697	88.3	-53.333332	518.0526	6.3809795	10.097664	35.180702	-34.54168	1150000	0.0	72.456184	-0.008508895	-18.090431	0.41847968	0.016246982	0.06530652	8.0	2756.2198107242584
115	43.35882	32.631668	82.9	-46.666668	557.58826	7.1075783	9.264665	30.39211	-41.29013	1160000	0.0	84.50327	-0.012548391	-22.717768	0.42608285	0.015175517	0.092409246	21.0	2780.8541786670685
116	39.321568	38.724693	93.7	-33.333332	562.05884	4.9374533	9.004508	35.03544	-35.80153	1170000	3.7252903e-09	91.9057	-0.009505653	-23.728937	0.41928005	0.015825478	0.068006806	10.0	2803.805276632309
117	46.666668	36.928726	90.1	-40.0	556.05884	4.256617	10.047467	32.283875	-42.959938	1180000	0.0	93.48471	-0.0070881206	-28.120337	0.41034067	0.016576568	0.060906094	7.0	2826.73513174057
118	49.09216	36.3026	89.2	-26.666666	551.64703	5.693639	9.007509	29.124691	-37.30937	1190000	-4.0667754e-08	76.48004	-0.010531164	-20.504023	0.4285361	0.015119859	0.09160916	12.0	2851.4669885635376
119	49.962746	36.43241	88.0	-33.333332	572.7059	5.832355	9.445756	31.868967	-37.27953	1200000	-6.208817e-09	91.256905	-0.0077801286	-28.136787	0.42272043	0.0152337	0.0650065	7.0	2877.055439710617
120	57.36111	29.22395	85.0	-13.333333	519.8333	6.124311	8.187613	32.099064	-34.662678	1210000	-1.1175871e-08	80.79581	-0.013738084	-21.456553	0.4290396	0.015090384	0.09470948	21.0	2898.996457338333
121	48.58039	37.86318	97.0	-33.333332	542.58826	6.749428	8.582535	27.177456	-39.65349	1220000	7.450581e-09	102.997826	-0.009534463	-27.414873	0.42171016	0.015576827	0.07480747	9.0	2923.7919504642487
122	42.31961	44.528618	93.7	-46.666668	548.41174	5.5576334	10.381014	29.765287	-44.174416	1230000	8.692344e-09	64.00011	-0.007597999	-16.134912	0.42118123	0.015182625	0.066506654	8.0	2946.6264758110046
123	44.540737	41.896755	91.0	-40.0	550.2222	4.7087607	11.330432	32.802067	-44.083767	1240000	-7.450581e-09	105.37444	-0.009667109	-27.294426	0.40540385	0.0152598275	0.07090709	8.0	2970.135008573532
124	59.631252	30.150555	94.0	-20.0	577.0	6.055312	8.879536	32.051975	-38.424034	1250000	0.0	81.07365	-0.010494991	-20.375711	0.4218761	0.015457675	0.10291029	13.0	2995.646807193756
125	54.86667	35.27626	93.7	-20.0	556.2353	6.751208	9.480273	30.166956	-44.58285	1260000	-5.5879354e-09	72.97006	-0.010300701	-22.319757	0.41774857	0.015025497	0.072607264	18.0	3020.4045672416687
126	55.95686	31.282337	89.2	-20.0	562.7059	6.469824	9.399531	32.739113	-34.199215	1270000	-3.7252903e-09	84.91273	-0.00726532	-20.546041	0.42990467	0.015633145	0.061306134	7.0	3043.4262623786926
127	51.11296	39.177803	94.6	-40.0	524.7222	6.8029795	9.728917	33.453213	-36.922565	1280000	2.2351742e-08	87.20178	-0.017516166	-22.607124	0.41797963	0.015105658	0.106410645	53.0	3070.539241552353
128	49.18039	33.04607	91.9	-26.666666	553.94116	6.9396243	10.514585	33.972305	-62.003075	1290000	3.7252903e-09	74.76355	-0.009283423	-17.558575	0.42322066	0.015119734	0.07020702	9.0	3092.553869009018
129	39.729996	44.268017	90.1	-46.666668	482.75	4.8721223	11.124916	33.15753	-48.530132	1300000	6.829699e-09	102.66349	-0.012543437	-28.051943	0.42306757	0.01534929	0.09820982	17.0	3117.256413459778
130	46.808773	44.08139	91.9	-60.0	521.0	4.827138	10.801207	39.637688	-50.158524	1310000	-3.5390258e-08	68.53561	-0.0081648715	-17.892569	0.4274299	0.015613701	0.068506844	8.0	3141.8801057338715
131	49.92982	35.81163	90.1	-53.333332	515.9474	5.3739367	10.220527	37.156116	-41.332428	1320000	3.1044085e-09	74.97462	-0.010405691	-17.04213	0.41273797	0.015141822	0.09270927	13.0	3167.303928375244
132	48.72549	31.270931	79.3	-13.333333	556.35297	6.463055	9.967991	29.835768	-48.71594	1330000	2.483527e-09	75.84857	-0.010580401	-17.679214	0.42586958	0.015494955	0.094409436	13.0	3190.561014175415
133	40.005554	46.484665	89.2	-73.333336	524.2778	5.8250976	9.565676	29.827194	-36.777405	1340000	-1.2417634e-08	83.73794	-0.010216083	-27.676788	0.41998598	0.0154027715	0.07760776	13.0	3215.3526859283447
134	56.603706	34.719566	100.0	-26.666666	529.0	5.2160883	10.3970785	31.1448	-41.676487	1350000	4.656613e-09	95.323204	-0.012563723	-28.459396	0.44754818	0.0152904615	0.097009696	14.0	3238.113529443741
135	66.40741	26.118317	100.0	-6.6666665	531.1111	6.704579	9.859145	32.262627	-39.705097	1360000	1.1796753e-08	89.73053	-0.009482433	-28.0586	0.44000196	0.016505096	0.07450745	9.0	3259.557140827179
136	58.03704	31.458965	91.0	-26.666666	531.1111	8.015646	10.99061	34.39853	-49.622498	1370000	-1.4590721e-08	77.052	-0.017292857	-18.493206	0.43851855	0.01500908	0.1059106	37.0	3284.038814306259
137	51.20741	37.575455	100.0	-33.333332	535.3333	7.680817	9.43194	33.88574	-51.50428	1380000	-1.4901161e-08	126.754295	-0.01123257	-32.92628	0.42354807	0.015399645	0.08170817	13.0	3307.0196046829224
138	48.933334	47.624004	87.4	-73.333336	520.2778	5.8024764	10.409414	31.712948	-53.6712	1390000	4.967054e-09	90.925415	-0.0109448405	-24.798851	0.42219296	0.015214339	0.084708475	18.0	3331.647684574127
139	50.531372	35.71461	88.3	-26.666666	558.4706	6.8279715	9.870729	35.267487	-51.866146	1400000	-9.934108e-09	87.0588	-0.00981189	-26.866404	0.4164211	0.015159116	0.07670767	13.0	3357.565417289734
140	51.692158	34.779007	91.0	-26.666666	561.94116	5.776263	11.33186	29.093325	-62.49551	1410000	-1.4280279e-08	97.40058	-0.008332942	-28.984663	0.40825906	0.016656367	0.078907885	8.0	3380.4460780620575
141	58.763157	34.61587	91.0	-53.333332	512.6842	6.3630915	9.8451185	32.270393	-64.0576	1420000	7.450581e-09	79.94287	-0.009031433	-20.925545	0.4260598	0.015688865	0.08040804	9.0	3403.3912167549133
142	53.04074	34.579403	97.0	-26.666666	522.2222	6.9999757	11.00927	35.34236	-63.324703	1430000	-1.6763806e-08	96.40332	-0.021191081	-42.205353	0.44129527	0.015007974	0.13051306	74.0	3429.6705741882324
143	66.75	22.01596	94.0	19.0	518.55554	6.655544	9.110143	29.925695	-36.523216	1440000	1.8936893e-08	94.510284	-0.01091472	-40.40134	0.4435334	0.015826484	0.06960696	8.0	3451.7006838321686
144	48.390194	30.777655	82.0	-20.0	565.94116	8.425462	9.061555	29.476141	-41.67317	1450000	4.967054e-09	111.73752	-0.008391328	-44.882675	0.42996946	0.015712125	0.07730773	9.0	3474.878326892853
145	48.32456	33.569458	83.8	-33.333332	509.8421	6.1127963	10.807512	30.270588	-50.43051	1460000	-1.6686196e-08	91.88126	-0.010196875	-21.94961	0.44087896	0.015185739	0.095909595	11.0	3498.498744726181
146	58.94314	24.828264	85.0	-6.6666665	553.2353	6.456196	9.805246	33.17169	-58.65799	1470000	-9.313226e-09	77.925804	-0.013723682	-19.149637	0.45136747	0.015442035	0.0990099	18.0	3521.386321544647
147	44.85208	38.104576	87.4	-26.666666	589.4375	6.7836313	8.6764965	29.247822	-36.066257	1480000	9.934108e-09	69.7983	-0.00921909	-18.450413	0.43633592	0.016294977	0.096909694	9.0	3545.4680705070496
148	59.61569	29.569262	93.7	-33.333332	547.58826	6.0207086	9.138287	32.526417	-34.129593	1490000	-9.934108e-09	102.730385	-0.009642004	-41.040726	0.45858303	0.016732905	0.08570858	8.0	3568.6276841163635
149	58.353706	29.958601	84.7	-26.666666	510.44446	7.184837	9.238177	33.960163	-38.554035	1500000	2.483527e-09	99.31579	-0.014790741	-36.43046	0.4555296	0.020042231	0.120412044	19.0	3593.0639538764954
150	50.068626	38.224743	91.0	-26.666666	552.05884	6.872706	11.286542	31.852724	-60.186787	1510000	-3.7252903e-09	80.918304	-0.0068585263	-21.451391	0.471516	0.016892644	0.07920792	8.0	3619.7951946258545
151	47.292152	33.153625	88.3	-20.0	563.94116	6.0466537	10.167075	32.477295	-54.43956	1520000	2.173086e-09	84.239914	-0.008738044	-18.569553	0.48657694	0.015029914	0.080708064	9.0	3643.737273454666
152	40.375927	48.164635	88.3	-73.333336	530.8333	5.9393377	9.670653	29.496286	-46.890266	1530000	-1.4901161e-08	90.0292	-0.00918733	-18.966139	0.49381092	0.015932672	0.09440944	8.0	3666.9444258213043
153	49.85	31.458586	86.5	-20.0	534.8889	4.627338	9.654929	31.728983	-44.055355	1540000	-1.7384687e-08	101.747955	-0.00849525	-25.260017	0.47951412	0.015837898	0.092709266	10.0	3691.4407062530518
154	50.0	36.78605	100.0	-46.666668	570.8823	5.364043	10.01287	30.092264	-54.51562	1550000	-4.967054e-09	89.33838	-0.006873349	-15.278041	0.47072887	0.015433495	0.07460746	7.0	3716.019889354706
155	40.970177	42.577328	94.0	-33.333332	506.57895	4.985439	10.9720545	29.40278	-57.087437	1560000	-2.2351742e-08	83.75489	-0.0077930125	-20.597977	0.48856398	0.021579742	0.07060706	7.0	3741.7880897521973
156	45.425926	43.377445	91.0	-73.333336	521.1111	5.2797303	9.816971	34.115517	-52.49337	1570000	-4.967054e-09	106.3223	-0.009201639	-31.55527	0.4869146	0.015013356	0.08850885	10.0	3767.040798664093
157	43.494446	45.204075	93.7	-93.333336	518.3333	6.894016	9.854986	34.195175	-49.377926	1580000	4.2219956e-08	116.62797	-0.008579731	-29.781603	0.47571173	0.015851907	0.07510751	8.0	3791.3292005062103
158	53.731373	34.88256	91.0	-46.666668	540.58826	6.6401143	8.9989395	27.746553	-53.449997	1590000	-1.2417634e-08	79.6438	-0.01487182	-18.566448	0.5039329	0.015144908	0.11181118	17.0	3813.163323163986
159	40.601852	46.569786	100.0	-46.666668	519.8333	5.3292537	9.616466	26.687576	-46.56227	1600000	-7.450581e-09	118.45475	-0.01502028	-35.6726	0.49330246	0.015252504	0.11791179	18.0	3837.3257591724396
160	48.18148	42.987392	94.0	-73.333336	527.2222	4.5812774	10.140615	32.365486	-48.151756	1610000	-1.9868216e-08	100.90203	-0.012288277	-32.456516	0.4804293	0.015503634	0.08370837	11.0	3862.8523511886597
161	44.785416	35.809456	89.2	-13.333333	564.6875	6.1385565	9.413547	30.392632	-41.82123	1620000	1.2417634e-08	91.26014	-0.01261502	-26.227331	0.4774188	0.015071496	0.09010901	13.0	3887.587906599045
162	59.22549	31.496683	100.0	-6.6666665	557.7647	5.693047	9.893249	33.243656	-38.83036	1630000	0.0	98.73818	-0.008297466	-38.222393	0.47877893	0.015613866	0.061806176	7.0	3911.9879562854767
163	58.1125	35.6399	100.0	-20.0	575.4375	7.201376	8.901995	35.316715	-42.540157	1640000	-1.4901161e-08	69.77807	-0.009055839	-17.257086	0.47901928	0.016227452	0.09120911	9.0	3934.41277885437
164	53.785416	31.832836	94.0	-20.0	573.0	7.05919	8.11602	29.63548	-50.466953	1650000	-9.934108e-09	77.072716	-0.00837149	-21.2021	0.48266628	0.015472827	0.09270927	8.0	3957.4174411296844
165	44.105267	41.448196	96.4	-40.0	505.26315	5.386359	9.478625	28.19004	-43.477203	1660000	8.692344e-09	105.52057	-0.011729094	-25.132734	0.48629355	0.015064824	0.098709874	13.0	3980.4744741916656
166	38.590744	47.428715	91.0	-73.333336	539.2778	5.3512173	9.298562	26.906855	-41.86514	1670000	-2.9055325e-09	131.87827	-0.008955735	-41.447628	0.4788833	0.016551688	0.07330733	7.0	4003.679085969925
167	52.013725	35.52544	92.8	-13.333333	554.7647	4.225794	10.817519	35.42578	-46.792374	1680000	-3.1044085e-09	94.42886	-0.008640968	-31.604523	0.46223322	0.015198785	0.08420843	10.0	4027.7011365890503
168	46.933334	43.66358	91.9	-46.666668	524.1111	5.9243426	11.544929	44.862053	-51.77396	1690000	-7.450581e-09	85.463196	-0.009546134	-23.820318	0.4800183	0.015664024	0.09280928	10.0	4051.584329366684
169	53.448147	42.20983	91.0	-73.333336	533.8333	5.763826	10.111676	33.69333	-42.19307	1700000	8.692344e-09	97.17456	-0.0100904545	-30.720413	0.48589787	0.017728813	0.09080908	8.0	4076.401368379593
170	46.22353	29.187681	82.0	-13.333333	560.41174	7.327381	9.005457	31.089397	-44.19431	1710000	3.7252903e-09	108.04928	-0.01971563	-22.696756	0.48805094	0.0150605785	0.11711171	43.0	4101.804760217667
171	61.366665	24.02531	97.0	16.0	532.6667	4.9390883	9.6129	30.349224	-38.699	1720000	-1.9868216e-08	81.16269	-0.012669061	-24.41942	0.472015	0.015571658	0.08700869	13.0	4123.945101261139
172	46.639584	37.3819	88.3	-20.0	566.8125	7.9674044	9.018957	33.368355	-37.768932	1730000	1.5211603e-08	107.81586	-0.013730832	-26.837778	0.46118045	0.015245162	0.09660966	18.0	4148.380407810211
173	56.818752	34.879646	94.0	-26.666666	568.1875	5.944003	9.434225	37.22354	-51.75269	1740000	-1.3038516e-08	81.152626	-0.010692622	-25.126394	0.44320142	0.016088232	0.080708064	12.0	4172.544119119644
174	59.13704	24.338621	97.0	-13.333333	530.2222	7.143692	9.145581	31.766438	-40.499	1750000	-9.934108e-09	79.50628	-0.0116173895	-19.24526	0.45894614	0.015923811	0.08710871	11.0	4195.534720659256
175	55.850983	27.427008	86.5	-13.333333	562.58826	7.1987185	8.290019	30.397243	-40.40631	1760000	8.071463e-09	74.88656	-0.009868267	-19.157936	0.45109484	0.015830891	0.0790079	10.0	4219.681027889252
176	51.04445	41.796814	93.7	-66.666664	529.94446	6.758531	9.195887	38.578796	-43.09193	1770000	6.208817e-09	101.737885	-0.010471235	-22.100893	0.44961575	0.015660627	0.08490849	11.0	4242.500613927841
177	44.72353	39.69268	88.0	-46.666668	544.05884	6.1391954	9.299374	33.900654	-50.610653	1780000	-3.1044085e-09	100.394905	-0.007693128	-32.29816	0.45454356	0.015214429	0.064906485	7.0	4267.562646150589
178	54.807407	28.930405	84.7	-20.0	534.0	6.1980815	9.580268	34.508263	-38.011894	1790000	-2.483527e-09	97.93844	-0.008525162	-27.167923	0.44447467	0.015475298	0.0929093	9.0	4291.303173542023
179	53.04	29.50265	100.0	-20.0	591.4667	7.517785	8.694908	30.937065	-47.82813	1800000	6.519258e-09	83.59023	-0.008613796	-23.7173	0.44697332	0.015607555	0.061506152	8.0	4312.879779577255
180	44.744446	32.7261	88.0	-6.6666665	626.4667	7.430024	7.2641397	33.53464	-39.090008	1810000	-1.1175871e-08	81.8461	-0.0076884367	-27.49092	0.4366647	0.016066011	0.08260826	8.0	4337.282252788544
181	49.79474	42.027084	89.2	-66.666664	512.2632	4.685239	9.963105	31.330341	-47.730408	1820000	-3.1044085e-09	78.916756	-0.010043628	-19.529902	0.45176193	0.015791925	0.08330833	11.0	4362.702080965042
182	62.55687	29.699018	100.0	-13.333333	559.94116	6.655454	9.586181	33.656418	-36.14455	1830000	-7.761021e-10	82.73701	-0.009855001	-24.656082	0.43941322	0.015091769	0.085608564	10.0	4385.087619543076
183	58.02963	38.424675	100.0	-40.0	514.7778	7.4735136	8.931537	33.738037	-41.29814	1840000	2.483527e-09	99.194824	-0.012335259	-26.281998	0.453205	0.015643377	0.092009194	13.0	4412.158829689026
184	66.683334	19.19934	88.0	13.0	517.2778	7.7820573	9.175439	32.40046	-41.520103	1850000	4.967054e-09	67.62787	-0.010902067	-14.142344	0.44913658	0.015094224	0.0910091	13.0	4435.451000452042
185	45.895832	33.775173	94.0	-20.0	575.625	8.656751	8.5693445	29.056257	-45.276386	1860000	-1.8626451e-09	110.8424	-0.009542871	-37.79083	0.42313567	0.015052631	0.080008	11.0	4457.948904752731
186	50.545097	36.704414	100.0	-40.0	539.82355	6.067625	8.585517	34.521393	-44.13218	1870000	-1.1175871e-08	85.64081	-0.009679511	-22.719397	0.42111048	0.016496899	0.08140814	10.0	4481.685341596603
187	47.381252	30.359869	81.1	-13.333333	586.25	6.5033197	8.960973	31.144455	-38.242126	1880000	1.1796753e-08	93.22286	-0.01210528	-38.393444	0.42196703	0.015040159	0.089408934	19.0	4504.936587810516
188	50.718754	33.383198	100.0	-13.333333	564.0	6.363924	10.735567	43.116142	-49.70746	1890000	9.934108e-09	88.62313	-0.007940978	-17.984808	0.4287705	0.0163914	0.074207425	9.0	4527.447261333466
189	53.270588	35.792465	100.0	-33.333332	558.4706	6.2351246	8.779088	30.8753	-57.593357	1900000	-1.4901161e-08	80.29252	-0.0071905125	-15.553622	0.43449596	0.015030081	0.07590759	7.0	4551.163620710373
190	55.17255	33.399876	100.0	-26.666666	554.94116	6.828193	8.761689	31.224224	-36.43976	1910000	-2.483527e-09	73.676765	-0.007906654	-13.79895	0.43890297	0.01696956	0.07040704	7.0	4574.3990223407745
191	42.479168	39.19118	92.8	-40.0	590.3125	6.5907154	8.376972	28.3572	-36.37137	1920000	-3.4924597e-09	80.22357	-0.010678294	-23.336838	0.42995152	0.015564732	0.09450945	13.0	4598.864065647125
192	55.912964	34.239098	100.0	-40.0	538.0	5.5463104	9.870981	32.765957	-54.62855	1930000	9.934108e-09	86.05447	-0.008968667	-28.606577	0.4374117	0.016073078	0.067206725	9.0	4623.545545101166
193	66.13333	21.503462	100.0	19.9	545.1111	6.900221	9.192061	34.432682	-44.038033	1940000	-1.4280279e-08	59.84349	-0.013815911	-15.361079	0.43587136	0.015084556	0.0929093	17.0	4647.015465736389
194	53.962746	32.00234	87.4	-13.333333	537.7059	7.775223	8.594671	31.970661	-46.965237	1950000	-2.1109978e-08	89.79046	-0.017570013	-29.66694	0.44276622	0.015037562	0.10341034	37.0	4670.307742118835
195	55.10196	32.58858	88.0	-26.666666	548.8823	6.5442057	9.602483	31.605036	-53.255188	1960000	8.692344e-09	86.14996	-0.0140293045	-19.446081	0.4522686	0.015553785	0.0940094	17.0	4694.565335273743
196	43.36875	33.85674	88.0	-26.666666	584.5	7.4102664	8.441228	31.349478	-50.278286	1970000	-7.450581e-09	94.081825	-0.013711856	-29.083612	0.4384726	0.01526707	0.09490949	23.0	4716.120830774307
197	58.096085	28.057285	94.0	-6.6666665	544.58826	5.50914	8.541584	31.41055	-43.19967	1980000	9.934108e-09	85.14974	-0.011962548	-28.056982	0.4502279	0.015096529	0.09310931	12.0	4739.583733797073
198	60.590195	28.19466	94.0	-26.666666	565.4706	7.1786437	7.807029	32.549694	-38.949	1990000	0.0	75.4186	-0.016848614	-17.254099	0.44507948	0.015049771	0.105510555	36.0	4762.377572059631
199	55.80588	26.522655	100.0	-13.333333	544.35297	7.3015027	8.388495	31.125517	-43.564613	2000000	1.1175871e-08	82.389595	-0.012878622	-16.583714	0.45814428	0.022013301	0.09810981	13.0	4787.3316967487335
200	58.1125	33.161346	91.0	-20.0	562.0625	7.350628	7.9583397	33.2026	-48.996452	2010000	1.2417634e-08	76.38132	-0.010850679	-17.02421	0.44170174	0.015106507	0.08030803	13.0	4810.778213024139
201	59.040745	24.146591	85.0	-6.6666665	520.3889	6.9698224	8.954485	30.004221	-46.19549	2020000	-1.5522042e-08	76.68571	-0.012200204	-20.415777	0.46783844	0.015242758	0.10781079	16.0	4833.762581825256
202	52.254906	24.782007	81.1	-6.6666665	545.7059	7.744495	8.163256	33.215008	-32.971188	2030000	1.5366822e-08	76.06803	-0.008199602	-14.934212	0.4515456	0.015874764	0.07540754	7.0	4857.532766580582
203	52.48421	39.734627	97.0	-73.333336	492.89474	6.9300017	8.134098	34.73706	-38.02413	2040000	-8.692344e-09	118.71161	-0.011073832	-31.801455	0.46203122	0.015469112	0.098809876	11.0	4881.108854293823
204	48.82745	39.398327	85.0	-46.666668	553.41174	6.8846	9.076081	28.772398	-38.925465	2050000	-2.9802322e-08	88.33593	-0.011265577	-23.082376	0.46243593	0.015220474	0.08520853	10.0	4905.810797691345
205	52.123528	34.000713	91.0	-33.333332	542.7647	6.726681	8.890091	32.415836	-42.039146	2060000	-2.7318796e-08	98.571236	-0.011265889	-24.769545	0.4694489	0.015019931	0.109310925	15.0	4931.391214847565
206	60.588234	32.044052	100.0	-13.333333	558.1177	6.6671047	9.141027	30.85839	-41.187183	2070000	1.3964988e-08	78.298164	-0.007409776	-18.87634	0.45665583	0.015164447	0.060806084	7.0	4955.377478599548
207	60.98235	19.763996	82.0	13.0	557.1177	7.726018	8.765569	29.867609	-37.662743	2080000	-4.967054e-09	53.9991	-0.008835389	-13.688359	0.45317462	0.015042953	0.088108815	10.0	4977.967763185501
208	57.997913	29.131626	89.2	-6.6666665	552.4375	8.611028	7.583849	34.629852	-42.168777	2090000	-4.967054e-09	95.70685	-0.012451055	-27.424429	0.45271388	0.015764013	0.09480948	14.0	5000.801367521286
209	62.29815	31.664938	91.0	-53.333332	534.5	6.9394383	8.323422	35.279255	-51.447544	2100000	1.8626451e-09	75.81652	-0.009102366	-25.006102	0.4550397	0.015501377	0.0720072	8.0	5026.198491334915
210	55.864704	38.163544	100.0	-33.333332	555.41174	8.17944	8.432235	28.897331	-44.254093	2110000	-2.4835268e-08	97.7735	-0.018138349	-26.859436	0.47365507	0.015299496	0.114411436	27.0	5051.042085647583
211	58.600002	37.220814	97.0	-26.666666	504.10526	6.8168025	9.492119	30.277565	-50.981888	2120000	2.1109978e-08	108.86548	-0.01238683	-26.733475	0.47412157	0.016378274	0.0750075	8.0	5077.028356313705
212	70.75883	18.068434	100.0	25.0	548.0	8.372264	8.158857	32.98808	-36.063232	2130000	1.8626451e-08	62.152264	-0.011204301	-16.463667	0.46898296	0.015220515	0.08550855	13.0	5103.561510562897
213	63.699997	21.141754	85.0	10.0	568.0625	9.943795	6.7812147	28.600756	-30.73095	2140000	-6.208817e-09	63.006336	-0.009128342	-14.293164	0.4611129	0.015519627	0.07490749	11.0	5125.239962100983
214	60.46481	37.00928	100.0	-53.333332	511.16666	7.7155023	8.319773	30.914085	-49.63364	2150000	-1.831601e-08	73.69865	-0.008950521	-22.6874	0.46329692	0.016411535	0.07120712	7.0	5149.802942037582
215	63.02037	28.212093	100.0	-13.333333	527.8889	7.8047743	9.518104	31.693298	-40.300415	2160000	-1.7384687e-08	68.83668	-0.009769832	-17.60708	0.47369322	0.016309919	0.0580058	6.0	5173.192359924316
216	41.52807	46.39817	100.0	-53.333332	484.57895	6.8286195	9.859361	32.69145	-42.231518	2170000	-1.2417635e-09	129.53783	-0.008741507	-46.49512	0.47528055	0.015405764	0.09270927	9.0	5195.497534036636
217	58.064705	30.453861	100.0	-13.333333	534.7647	5.0217357	12.256934	34.197575	-56.992058	2180000	-2.1032369e-08	102.88776	-0.010124971	-27.622305	0.4472191	0.015681364	0.08850885	11.0	5219.680464506149
218	55.466663	32.807323	90.1	-26.666666	539.94446	6.825691	9.38705	31.983559	-47.115406	2190000	-3.601114e-08	84.35392	-0.0087534925	-19.183468	0.44771752	0.015912248	0.07570757	10.0	5243.309605360031
219	63.00625	19.071165	100.0	28.0	573.875	7.590296	8.435079	32.92592	-32.714806	2200000	-1.7384687e-08	75.52949	-0.0100706	-29.37678	0.45445952	0.015071175	0.07840785	9.0	5267.933165550232
220	61.274075	25.00463	87.4	-6.6666665	531.3333	7.545456	8.080021	35.370655	-39.87815	2210000	-4.967054e-09	93.928856	-0.02047856	-31.550888	0.46533617	0.012867209	0.13021302	79.0	5292.921583652496
221	66.16079	27.675518	100.0	-6.6666665	534.7647	8.068684	8.417779	31.723011	-38.757965	2220000	-3.7252903e-09	76.16572	-0.010108438	-19.502142	0.4585552	0.015398077	0.06690669	8.0	5317.593980550766
222	58.17037	30.004372	97.0	-20.0	523.6111	8.403912	8.320851	32.806328	-34.81705	2230000	2.1109978e-08	95.44033	-0.0094568925	-19.67366	0.4692401	0.015040156	0.08030803	10.0	5341.07545042038
223	57.461113	39.63332	97.0	-60.0	517.3889	7.6366625	8.738728	35.38696	-35.975502	2240000	-2.4369607e-08	100.09298	-0.010780081	-34.42037	0.45413646	0.015127246	0.07840784	9.0	5363.371109962463
224	62.2875	30.614925	97.0	-13.333333	578.0	8.307873	8.10895	31.720287	-42.670387	2250000	-2.483527e-09	75.3544	-0.009925005	-17.059998	0.44066536	0.01558353	0.09430943	12.0	5388.305831193924
225	61.749023	25.34343	94.0	-6.6666665	542.2353	8.344357	8.2691345	30.4538	-44.26217	2260000	2.6697913e-08	70.65097	-0.008602309	-13.680585	0.45633635	0.016106158	0.07130713	9.0	5411.039111375809
226	61.19804	27.61011	88.3	-13.333333	558.35297	8.244994	8.57018	30.478495	-35.09435	2270000	0.0	76.81474	-0.011244848	-19.519697	0.46027574	0.015232795	0.09270927	11.0	5434.348809957504
227	60.135296	25.506308	88.0	1.0	541.94116	8.544157	7.3461733	39.64285	-32.349167	2280000	-1.4901161e-08	73.0135	-0.009227195	-19.291918	0.4512833	0.016000386	0.07940794	8.0	5456.882440805435
228	63.224075	24.398462	100.0	-6.6666665	524.3333	8.084224	8.548613	31.239574	-48.092422	2290000	-3.1044085e-09	73.26876	-0.009904981	-15.062308	0.47307208	0.015632054	0.069106914	9.0	5483.293579339981
229	58.713726	22.126425	82.9	-6.6666665	548.41174	8.6216545	7.331021	30.997772	-33.141346	2300000	-3.1044085e-09	69.029625	-0.009897797	-17.241873	0.4721664	0.015209738	0.07980799	9.0	5504.473659038544
230	60.398037	30.409197	100.0	-6.6666665	557.8823	7.3404355	8.725009	34.95171	-40.066185	2310000	0.0	76.10995	-0.008012604	-16.091806	0.44432974	0.015755644	0.07980799	10.0	5529.923495054245
231	55.058823	35.211445	82.0	-40.0	548.7647	7.4020715	8.803088	40.27344	-34.070316	2320000	1.2922101e-08	85.275085	-0.012850144	-28.25113	0.4627994	0.015534096	0.09750975	13.0	5552.926190137863
232	65.707405	24.801346	97.0	-6.6666665	535.6111	6.9659123	9.040755	30.390005	-41.17998	2330000	-3.4769375e-08	87.07604	-0.009283085	-28.26944	0.46825185	0.015356217	0.0880088	11.0	5578.110983133316
233	69.1	23.388458	100.0	7.0	533.17645	8.719631	8.344649	31.340216	-37.689323	2340000	9.313226e-10	66.68354	-0.009768135	-26.351645	0.45955375	0.01570041	0.08430842	9.0	5601.0526423454285
234	45.62917	36.059555	100.0	-26.666666	569.4375	9.031862	8.365175	29.302624	-53.915825	2350000	1.3969839e-08	102.234276	-0.008392806	-29.811579	0.45987633	0.015122163	0.089308925	7.0	5623.075828552246
235	59.574078	23.716309	85.6	-6.6666665	528.2778	6.410308	9.143851	33.114513	-28.909733	2360000	-2.7939677e-09	78.503296	-0.008167863	-23.561693	0.46046785	0.01563124	0.068506844	9.0	5647.077236175537
236	67.07407	24.619345	100.0	-6.6666665	530.8889	8.048328	7.923403	28.403507	-41.258724	2370000	-1.4280279e-08	77.46194	-0.015925342	-21.88486	0.4517045	0.015041668	0.10491049	21.0	5669.332310438156
237	60.314583	25.005589	100.0	-6.6666665	556.3125	9.352335	8.302736	30.573107	-58.361706	2380000	9.934108e-09	83.77834	-0.010359447	-25.592718	0.44856867	0.015311013	0.09070907	13.0	5693.343651294708
238	68.02746	24.293304	97.0	-13.333333	550.35297	7.8004527	7.292104	28.147264	-32.57242	2390000	-1.9868216e-08	64.74249	-0.015286513	-19.293097	0.44127426	0.015009902	0.08980898	20.0	5717.08088350296
239	59.84314	24.962591	91.0	-6.6666665	529.7647	8.900107	8.148214	33.68225	-43.914368	2400000	-9.934108e-09	84.61994	-0.013667042	-18.050385	0.45660135	0.015269189	0.10271027	19.0	5739.683405637741
240	38.94167	44.77309	97.0	-46.666668	478.05	7.3111835	8.86644	30.646069	-49.149292	2410000	3.228585e-08	154.0049	-0.009963094	-58.488796	0.45406353	0.015061033	0.09230923	12.0	5764.656025886536
241	57.074078	29.638746	86.5	-13.333333	531.1667	5.184772	10.0148535	31.124678	-44.01871	2420000	1.7695129e-08	76.216835	-0.01906795	-21.027704	0.4351569	0.015050939	0.12311231	43.0	5789.566172361374
242	54.06471	27.57983	82.0	-20.0	556.5294	6.74309	9.4463215	28.162788	-37.777798	2430000	-4.0978193e-08	78.38912	-0.009007706	-21.820368	0.4268787	0.015771631	0.07490749	8.0	5813.820436954498
243	54.49474	31.202108	91.9	-26.666666	507.0	6.0928926	9.131123	35.010582	-43.210278	2440000	-4.967054e-09	88.48517	-0.010977305	-23.410685	0.4539391	0.015929475	0.08150815	11.0	5840.886256933212
244	50.933334	39.658043	97.0	-26.666666	521.3333	6.965014	10.357172	32.080265	-54.840446	2450000	-2.2351742e-08	89.69394	-0.010755099	-25.185953	0.44619003	0.015377149	0.08930894	14.0	5862.357796430588
245	56.52037	35.627846	91.0	-26.666666	541.5	5.5444107	11.139197	31.007814	-47.263317	2460000	9.002785e-09	66.598976	-0.008203782	-12.6064005	0.43925023	0.015778145	0.08640864	10.0	5888.727265834808
246	60.62037	27.016478	87.4	-13.333333	508.05554	6.7323437	9.838811	31.47032	-42.209743	2470000	-1.3969839e-09	67.51037	-0.008696716	-19.086565	0.46261933	0.01598532	0.07770777	10.0	5913.258791208267
247	62.52889	26.20928	91.0	-6.6666665	611.5333	8.321912	7.831764	32.136528	-27.093027	2480000	1.4901161e-08	81.12947	-0.007898739	-25.492752	0.41344953	0.0158461	0.06360636	7.0	5935.47456073761
248	59.78704	31.398874	97.0	-26.666666	526.6667	7.85238	9.277647	29.936071	-32.24207	2490000	9.934108e-09	71.61394	-0.010837951	-19.805416	0.45824942	0.016615653	0.09470948	11.0	5959.221939086914
249	64.435425	24.889456	100.0	-13.333333	564.875	7.8299584	8.622587	32.542934	-31.518852	2500000	7.450581e-09	80.03666	-0.00813844	-29.685148	0.45355928	0.017247327	0.07280728	7.0	5980.230542182922
