Epoch	AverageEpRet	StdEpRet	MaxEpRet	MinEpRet	EpLen	AverageVVals	StdVVals	MaxVVals	MinVVals	TotalEnvInteracts	LossPi	LossV	DeltaLossPi	DeltaLossV	Entropy	KL	ClipFrac	StopIter	Time
0	-93.87755	5.7201138	-76.0	-100.0	201.0204	0.115681686	0.1953386	0.7146775	-0.67506385	10000	-1.01824604e-07	1473.7123	-0.03618532	-474.4807	3.432727	0.01422004	0.19331932	79.0	26.352355003356934
1	-94.20408	6.1577215	-76.0	-100.0	199.7347	-8.318736	2.792131	9.03982	-9.217859	20000	4.718701e-08	970.8223	-0.038703706	-222.64734	3.4246356	0.013116253	0.18151815	79.0	51.5827054977417
2	-94.666664	5.1740932	-80.0	-100.0	190.90196	-13.763564	3.1550436	14.217006	-14.492778	30000	-3.228585e-08	772.147	-0.04001531	-177.5258	3.4158478	0.01335606	0.19541955	79.0	75.83605360984802
3	-93.63265	6.203007	-76.0	-100.0	196.34694	-18.404442	3.588543	18.661268	-19.21902	40000	-1.2417635e-09	572.46436	-0.042208333	-97.43137	3.404816	0.014481523	0.21512151	79.0	98.20965719223022
4	-94.333336	5.2809935	-80.0	-100.0	200.5	-21.757374	3.2708657	18.99856	-22.766848	50000	2.483527e-09	478.23828	-0.03387424	-81.39152	3.3952506	0.015014738	0.1609161	49.0	119.77603149414062
5	-94.196075	5.783749	-76.0	-100.0	193.84314	-24.125685	3.6857994	11.841358	-25.866953	60000	-2.7163575e-08	461.85022	-0.042864367	-65.139946	3.3841498	0.014166106	0.21712172	79.0	143.2120590209961
6	-93.19149	5.887738	-72.0	-100.0	207.80852	-26.008183	5.197998	24.232433	-28.968714	70000	2.173086e-09	345.3583	-0.04131314	-36.716522	3.3702977	0.015045579	0.20052005	73.0	166.8454053401947
7	-93.63265	5.9887443	-76.0	-100.0	201.42857	-26.99676	5.928802	20.171238	-31.183065	80000	-9.623666e-09	305.91202	-0.032606855	-32.366688	3.3591385	0.01510863	0.16221623	33.0	189.47204875946045
8	-93.36364	5.842987	-76.0	-100.0	215.43182	-27.440725	7.0646806	15.467583	-33.201946	90000	3.1044085e-09	267.00018	-0.038978662	-33.253235	3.3486922	0.015006945	0.18681867	55.0	211.90756177902222
9	-92.888885	6.132689	-76.0	-100.0	212.7111	-27.478249	8.32781	20.372013	-35.018787	100000	-1.1175871e-08	276.40283	-0.02651078	-43.583546	3.3354232	0.0150720375	0.1440144	25.0	233.36925888061523
10	-93.833336	5.595137	-76.0	-100.0	202.83333	-27.896917	8.191075	26.594727	-36.53702	110000	3.7252903e-09	245.93019	-0.02528277	-35.006626	3.3204243	0.015012734	0.16121612	22.0	254.90928602218628
11	-94.181816	5.7495956	-80.0	-100.0	217.97728	-28.725042	8.570701	13.869779	-38.37621	120000	6.3640377e-09	244.53064	-0.03373605	-35.611225	3.2965648	0.015104289	0.17651765	44.0	275.7437255382538
12	-92.71111	8.144861	-56.0	-100.0	214.73334	-28.190067	9.248862	16.40382	-39.892284	130000	-3.1044085e-09	218.90367	-0.030259782	-32.026752	3.2895024	0.015182115	0.16051604	33.0	297.107008934021
13	-93.478264	6.8959317	-68.0	-100.0	212.91304	-28.738153	10.659535	12.816965	-41.32137	140000	-2.483527e-09	217.02852	-0.03781853	-27.960754	3.2767928	0.015016884	0.18031801	60.0	318.69624876976013
14	-92.71111	7.317019	-72.0	-100.0	214.95555	-28.179293	11.310443	17.286142	-42.775303	150000	-3.5700698e-09	211.35431	-0.041792642	-34.591125	3.2671242	0.015062061	0.21132113	73.0	341.1006591320038
15	-93.166664	7.9144735	-68.0	-100.0	204.66667	-28.548103	11.626218	25.871525	-44.251865	160000	-1.4901161e-08	230.94554	-0.0413459	-46.213566	3.2418308	0.015009525	0.20072007	73.0	364.7811996936798
16	-92.09091	7.838768	-68.0	-100.0	222.97728	-29.749092	12.080559	11.677559	-45.71806	170000	4.656613e-10	206.12755	-0.026087277	-45.71472	3.237129	0.01503018	0.13021302	27.0	386.1994969844818
17	-92.18604	8.227169	-68.0	-100.0	224.39536	-27.717232	12.717867	26.929543	-46.914867	180000	-1.6142925e-08	181.53511	-0.026946759	-32.57764	3.2221565	0.0152025	0.16861688	30.0	408.51193857192993
18	-92.244896	8.452824	-60.0	-100.0	198.2449	-28.97262	13.087366	16.352112	-48.21513	190000	1.1175871e-08	184.78412	-0.02348072	-32.27546	3.200199	0.015052482	0.16351634	20.0	429.9830496311188
19	-93.65854	5.298918	-80.0	-100.0	231.58537	-28.395834	13.04175	23.497475	-49.524323	200000	1.4280279e-08	181.4386	-0.031729963	-31.144846	3.1918752	0.015052204	0.19961995	37.0	453.71269059181213
20	-92.695656	6.2026277	-76.0	-100.0	211.58696	-29.177536	11.970445	33.17304	-50.229366	210000	1.2417635e-09	194.0409	-0.042217348	-39.029755	3.1672318	0.01504049	0.21952195	73.0	477.47249698638916
21	-92.87805	6.462632	-72.0	-100.0	225.63414	-29.29012	12.5534725	18.066294	-51.188457	220000	1.5522043e-09	175.63965	-0.029544381	-36.119534	3.1602619	0.015261765	0.15891589	30.0	499.63032960891724
22	-92.18604	8.044227	-64.0	-100.0	225.04651	-28.61828	12.650324	13.305406	-51.923286	230000	1.2941503e-08	182.37447	-0.039381076	-44.672684	3.1498582	0.0147316195	0.19421943	79.0	522.6856980323792
23	-91.55556	8.399882	-68.0	-100.0	220.48889	-28.536024	13.652443	22.192532	-52.897697	240000	4.967054e-09	202.8629	-0.025912507	-43.511967	3.1365917	0.015010324	0.13381338	27.0	545.1710271835327
24	-90.181816	8.589827	-64.0	-100.0	221.93182	-28.969183	13.2434225	20.833195	-53.72936	250000	-1.8626451e-08	182.88493	-0.026304657	-41.57268	3.1082344	0.015081949	0.17321731	24.0	566.6455616950989
25	-90.95238	8.989286	-64.0	-100.0	229.88095	-28.980417	12.858721	8.526459	-54.436687	260000	-8.459513e-09	178.13818	-0.040002834	-36.71896	3.0750802	0.015032676	0.21112113	75.0	590.6957859992981
26	-89.14286	11.390412	-56.0	-100.0	232.38095	-27.509167	13.868375	13.847471	-55.096718	270000	1.2417634e-08	139.26419	-0.035570398	-32.674454	3.04799	0.015023465	0.20952095	54.0	613.9793198108673
27	-90.577774	8.439297	-72.0	-100.0	216.42223	-28.496319	15.50244	12.19329	-55.838017	280000	1.8626451e-09	164.79784	-0.0278468	-38.080193	3.0377805	0.015264238	0.15251525	27.0	636.4443366527557
28	-90.3	9.333274	-60.0	-100.0	233.175	-28.004856	14.416486	18.477404	-56.56651	290000	4.967054e-09	183.45525	-0.03570385	-42.36444	3.0276902	0.01500007	0.16831684	57.0	658.1696727275848
29	-90.63415	10.913754	-48.0	-100.0	239.82927	-27.919521	14.032682	8.877548	-57.246574	300000	-1.5522043e-09	170.82906	-0.027681476	-43.27649	2.996745	0.015059172	0.1530153	30.0	679.9823663234711
30	-88.97561	10.666766	-64.0	-100.0	238.04878	-26.9653	14.024769	13.557859	-57.812603	310000	-3.1044085e-09	166.6534	-0.038427476	-37.866707	2.972929	0.0150129385	0.19921993	59.0	703.7106294631958
31	-90.7	9.050415	-56.0	-100.0	236.55	-27.148855	14.636899	21.990765	-58.34445	320000	-6.2088173e-10	164.99104	-0.031328347	-31.053076	2.9351776	0.015146185	0.16791677	36.0	728.0247719287872
32	-91.809525	7.9018927	-68.0	-100.0	230.35715	-28.805748	14.135514	28.68377	-58.857967	330000	1.7074248e-09	151.27016	-0.032666612	-34.075672	2.9042585	0.015026506	0.1831183	35.0	751.1417217254639
33	-89.64103	11.157352	-56.0	-100.0	245.10257	-27.900633	14.417958	25.197973	-59.316647	340000	-4.346172e-09	146.5006	-0.033786166	-35.89795	2.897332	0.015195601	0.16751675	48.0	774.2753615379333
34	-90.4186	10.605467	-60.0	-100.0	222.7907	-27.14214	14.296716	6.8408456	-59.61537	350000	-1.8626451e-09	183.80788	-0.032436468	-62.117504	2.8820913	0.015008857	0.19701971	38.0	796.7769572734833
35	-90.28571	8.378788	-64.0	-100.0	231.21428	-27.402428	14.813926	24.819103	-60.054512	360000	9.934108e-09	177.74983	-0.03142089	-51.259144	2.8881042	0.015157302	0.17771776	35.0	821.1315886974335
36	-89.189186	10.391883	-60.0	-100.0	240.83784	-27.555367	13.677484	11.688699	-60.46553	370000	-1.5910094e-09	173.14317	-0.041710276	-54.16103	2.8599408	0.015038706	0.22762275	78.0	844.8788509368896
37	-90.97436	9.574237	-56.0	-100.0	243.82051	-25.412376	14.840779	12.705525	-60.76544	380000	-4.967054e-09	186.00978	-0.030519376	-50.393814	2.8341732	0.0150802685	0.17271727	40.0	868.8511297702789
38	-88.73684	11.3825445	-52.0	-100.0	253.21053	-26.833174	13.8894615	2.0080595	-61.192062	390000	3.1044087e-10	150.84596	-0.0382732	-27.682472	2.7991054	0.015007074	0.2240224	56.0	891.1548533439636
39	-89.789474	8.691065	-68.0	-100.0	245.97368	-25.670662	14.384435	5.444958	-61.335464	400000	-7.450581e-09	136.0577	-0.0231404	-26.121208	2.7750893	0.015247797	0.13741374	20.0	915.6361050605774
40	-89.0	11.05039	-56.0	-100.0	247.44444	-25.234127	13.734427	2.2332594	-61.59028	410000	9.313226e-10	138.19365	-0.030907707	-28.85559	2.7162416	0.015001371	0.15931593	38.0	937.9836485385895
41	-88.44444	13.784945	-40.0	-100.0	247.86111	-25.259075	14.167176	20.467054	-61.903206	420000	-3.1044085e-09	146.58052	-0.040652778	-28.78473	2.7159872	0.015043691	0.19951995	78.0	963.4292919635773
42	-89.666664	13.609637	-36.0	-100.0	247.0	-23.846016	14.106678	5.4105797	-62.087086	430000	-6.208817e-09	154.98521	-0.030625045	-31.199425	2.681326	0.015163007	0.16521652	32.0	986.8844976425171
43	-90.77778	9.034228	-68.0	-100.0	247.94444	-23.868998	14.912568	7.95728	-62.336163	440000	1.102065e-08	146.20366	-0.037261534	-30.784279	2.659228	0.015059203	0.19011901	57.0	1012.9531354904175
44	-90.111115	9.819984	-52.0	-100.0	239.38889	-23.990902	15.045433	2.9280844	-62.6378	450000	-4.346172e-09	160.05055	-0.025041873	-42.18922	2.6424005	0.01518698	0.16221622	20.0	1035.7887833118439
45	-88.0	13.075604	-40.0	-100.0	251.31429	-23.887697	14.248952	13.299093	-62.788467	460000	-4.656613e-10	144.34825	-0.03726572	-28.535507	2.6771345	0.015057553	0.1921192	69.0	1058.6271986961365
46	-86.0	14.437605	-44.0	-100.0	253.36111	-23.010115	15.138181	19.256481	-63.114304	470000	-4.967054e-09	179.2619	-0.023643663	-28.969233	2.6784248	0.015117784	0.13451344	20.0	1084.1854882240295
47	-88.11429	12.113208	-44.0	-100.0	262.3143	-23.293365	14.508971	13.127735	-63.290577	480000	-2.483527e-09	169.61389	-0.024312377	-43.28069	2.6706753	0.015131493	0.15181518	20.0	1108.0899472236633
48	-86.72857	15.502692	-19.5	-100.0	267.0	-23.458776	15.356386	21.836552	-63.52557	490000	-7.450581e-09	157.22968	-0.018444132	-41.733276	2.666236	0.015172911	0.13491349	15.0	1130.0257198810577
49	-89.51351	11.212015	-44.0	-100.0	263.54053	-23.156675	15.648618	7.592039	-64.062805	500000	4.967054e-09	174.4088	-0.020519467	-38.113506	2.6774876	0.015240219	0.1429143	19.0	1155.1014585494995
50	-89.189186	10.350187	-60.0	-100.0	244.91891	-24.000093	14.466209	2.3160286	-64.661224	510000	-3.4148495e-09	166.34572	-0.026195848	-37.275906	2.668704	0.015135742	0.15771577	25.0	1179.5783560276031
51	-88.77778	12.81733	-36.0	-100.0	254.75	-24.255754	14.626196	10.104339	-64.82655	520000	-1.1175871e-08	148.0472	-0.031996347	-35.126316	2.6868575	0.0150896115	0.1891189	40.0	1205.4317889213562
52	-88.0	12.2202015	-56.0	-100.0	253.27777	-23.879484	15.689593	11.72351	-64.95307	530000	1.8626451e-09	164.46376	-0.022789732	-31.758713	2.6644068	0.015084888	0.13801381	19.0	1229.0114378929138
53	-86.4	19.00857	-12.0	-100.0	265.82858	-24.165678	15.050487	3.98497	-65.20956	540000	-1.4590721e-08	164.31732	-0.017364282	-33.154423	2.635122	0.015223955	0.14241424	13.0	1252.66716837883
54	-86.23529	15.097837	-36.0	-100.0	276.05884	-23.732216	15.409905	14.507529	-65.532875	550000	-8.537124e-09	191.06078	-0.02130756	-46.86043	2.6182134	0.015026793	0.15021503	21.0	1274.129620552063
55	-87.42857	14.66246	-20.0	-100.0	268.82858	-23.918423	15.662315	4.0533357	-65.90798	560000	-8.071463e-09	167.53056	-0.025387863	-31.188965	2.6127636	0.015072201	0.1619162	28.0	1297.453894853592
56	-88.333336	12.306276	-48.0	-100.0	263.0	-22.079048	14.652337	17.068281	-65.82491	570000	-1.8626451e-09	158.92003	-0.029424248	-34.44857	2.5890749	0.015096788	0.16191618	39.0	1322.759577512741
57	-87.44444	14.303155	-36.0	-100.0	259.25	-22.560093	14.617054	13.74935	-65.8103	580000	2.483527e-09	173.8294	-0.0314708	-46.233936	2.5837975	0.0150451055	0.17321731	41.0	1347.1753115653992
58	-88.0	17.29079	-28.0	-100.0	277.7143	-22.439754	14.770651	15.627015	-66.35701	590000	0.0	166.23595	-0.03549884	-34.359234	2.5874054	0.015016027	0.19121914	57.0	1373.6628715991974
59	-86.79412	16.886784	-15.0	-100.0	280.08823	-23.008827	15.3405075	9.04443	-66.38256	600000	1.3659398e-08	143.96791	-0.024258882	-28.137148	2.5645075	0.015028019	0.140014	23.0	1397.3202571868896
60	-88.457146	13.881834	-40.0	-100.0	257.77142	-22.549269	16.15213	11.644999	-66.817726	610000	9.934108e-09	160.69984	-0.020941457	-37.432457	2.5452778	0.015161305	0.15321532	18.0	1420.0470759868622
61	-87.2	14.745071	-44.0	-100.0	266.34286	-24.035816	16.406685	22.466208	-67.525894	620000	-9.934108e-09	176.39124	-0.020153036	-36.818127	2.5127208	0.015204813	0.13351335	20.0	1443.500724554062
62	-86.328575	22.50617	-8.0	-100.0	270.17142	-21.947622	16.060335	4.9239216	-67.71798	630000	-9.002785e-09	164.7559	-0.030668385	-31.877474	2.5072181	0.015111071	0.1689169	44.0	1467.203629732132
63	-87.77778	15.633141	-36.0	-100.0	255.16667	-20.650541	17.302496	16.566742	-67.13247	640000	9.701277e-09	163.41371	-0.034430586	-42.03816	2.5079987	0.0150505295	0.19781978	53.0	1493.244621515274
64	-86.69697	21.948265	7.0	-100.0	287.87878	-23.694061	16.48159	2.643211	-68.573875	650000	1.2417635e-09	158.46265	-0.021829134	-43.69524	2.457559	0.015009259	0.12751275	21.0	1516.1626694202423
65	-86.82353	18.974396	-20.0	-100.0	278.17648	-21.98739	16.183199	9.731715	-68.72741	660000	-1.2417635e-09	165.73949	-0.026708916	-29.532936	2.4390583	0.015284142	0.15761577	30.0	1541.757827758789
66	-84.82353	20.483091	-12.0	-100.0	276.17648	-21.31519	15.889099	20.329535	-68.90137	670000	-3.7252903e-09	174.34444	-0.026665702	-42.84244	2.4400997	0.015192117	0.17241724	31.0	1567.935664176941
67	-83.22727	21.119102	-2.5	-100.0	292.87878	-21.042534	15.21048	22.337444	-68.28425	680000	8.692344e-09	147.7019	-0.019409275	-39.069572	2.3985593	0.015099417	0.15731575	14.0	1594.0727653503418
68	-83.65278	23.851337	32.5	-100.0	270.91666	-19.86805	16.752121	11.619869	-69.2967	690000	-1.8626451e-09	156.83067	-0.019551588	-47.510067	2.3854616	0.015149885	0.13281329	17.0	1619.0729310512543
69	-81.46774	26.486433	4.0	-100.0	299.64517	-22.601366	16.337795	31.697012	-69.67413	700000	-1.102065e-08	146.90184	-0.018681142	-38.37842	2.3665917	0.015319061	0.16401641	14.0	1642.14591050148
70	-83.75	21.97584	-4.0	-100.0	297.75	-21.728361	16.239159	7.5565715	-69.72363	710000	1.1175871e-08	173.1176	-0.023079745	-38.667934	2.3321135	0.015218138	0.13821383	25.0	1664.6359369754791
71	-80.48387	30.921461	32.5	-100.0	300.5484	-22.370703	16.706373	16.574179	-69.56963	720000	-1.8626451e-09	147.18587	-0.025771478	-45.41277	2.3214495	0.015142373	0.14501451	30.0	1687.6809418201447
72	-85.454544	16.965368	-20.0	-100.0	278.36365	-21.132122	16.837276	17.479195	-70.7032	730000	3.7252903e-09	176.28534	-0.020629702	-49.358246	2.3002083	0.01547609	0.14791478	17.0	1712.833547592163
73	-84.606064	18.635157	-20.0	-100.0	295.12122	-24.658384	15.4838085	33.40999	-70.05289	740000	8.381903e-09	155.99313	-0.03099533	-36.26437	2.2782433	0.015057106	0.17481749	51.0	1734.8565759658813
74	-79.0	32.01562	52.0	-100.0	294.53125	-22.952234	15.460577	7.1959248	-70.62274	750000	0.0	166.64178	-0.030066418	-34.58747	2.2745125	0.015033844	0.159916	39.0	1759.1421439647675
75	-84.0	21.097178	-12.0	-100.0	297.45456	-21.645086	17.132938	19.563593	-69.42782	760000	1.086543e-08	156.91206	-0.019797936	-35.552456	2.2634156	0.015002657	0.14181419	20.0	1780.2157008647919
76	-85.29412	18.502033	-16.0	-100.0	279.70587	-22.087606	15.596376	17.116722	-71.004745	770000	1.6142925e-08	178.44218	-0.021380415	-41.38043	2.2497938	0.015577042	0.13681369	20.0	1804.1085977554321
77	-80.43939	27.554836	29.5	-100.0	276.63635	-22.495903	15.961232	25.176294	-71.1455	780000	3.7252903e-09	148.20563	-0.028560838	-35.452984	2.247165	0.015018868	0.16911691	39.0	1828.8282041549683
78	-84.34286	22.165537	-12.0	-100.0	276.77142	-20.283516	16.904062	17.771103	-71.23015	790000	-1.5522043e-09	167.48885	-0.02134797	-28.605736	2.2124777	0.015002407	0.14961496	20.0	1855.2288625240326
79	-80.411766	28.490576	46.0	-100.0	284.17648	-22.76215	17.308493	43.71018	-71.96549	800000	-1.2417635e-09	154.90843	-0.022013394	-31.475492	2.182554	0.015058634	0.14541455	23.0	1879.1570403575897
80	-80.98529	24.27371	14.5	-100.0	286.5	-20.683699	17.15962	16.64835	-70.15567	810000	-4.967054e-09	154.43791	-0.025892386	-30.179602	2.1422117	0.015295689	0.15881588	36.0	1904.9576377868652
81	-79.8871	31.154585	31.0	-100.0	299.3871	-21.274017	16.703953	9.413799	-71.38643	820000	3.7252903e-09	144.6507	-0.030797904	-38.316578	2.1577978	0.015081699	0.15881588	40.0	1929.6452505588531
82	-83.15151	21.501404	4.0	-100.0	298.0303	-21.69517	17.254244	16.719538	-71.85538	830000	7.450581e-09	144.1141	-0.021160677	-37.27296	2.167513	0.015538457	0.14871489	17.0	1953.181214094162
83	-81.93939	23.594992	-8.0	-100.0	299.84848	-22.166775	15.996082	23.944693	-71.305504	840000	-6.558063e-09	164.36086	-0.021796197	-44.0537	2.16126	0.015419775	0.14771478	21.0	1974.3286995887756
84	-78.257576	33.642757	32.5	-100.0	299.0	-22.635534	16.377728	12.670428	-71.92918	850000	-4.1133412e-09	152.94576	-0.018482637	-33.24169	2.1829915	0.015115599	0.13221322	18.0	2000.0801901817322
85	-84.57353	21.69377	8.5	-100.0	275.35294	-18.1286	17.771303	12.142853	-71.37422	860000	2.483527e-09	144.61511	-0.017467214	-33.68301	2.1990101	0.015499811	0.12951295	16.0	2023.7471115589142
86	-83.42857	20.908352	-8.0	-100.0	279.54285	-19.856619	16.693594	9.271215	-73.04257	870000	-8.071463e-09	174.23708	-0.022412188	-45.76122	2.2237394	0.015483848	0.14721473	22.0	2049.3419094085693
87	-81.46875	25.702608	13.0	-100.0	298.0	-22.932932	16.599617	12.866304	-71.78938	880000	-4.967054e-09	148.99022	-0.026716614	-38.642982	2.2078822	0.015055339	0.16471648	29.0	2071.318321943283
88	-80.90909	29.827398	23.5	-100.0	285.48486	-20.524147	16.747967	13.424971	-72.15616	890000	-9.934108e-09	170.1097	-0.014218744	-29.43453	2.1758668	0.0150298225	0.11111111	13.0	2096.092561483383
89	-79.53125	27.956423	19.0	-100.0	301.125	-21.578148	16.490227	26.773394	-71.833694	900000	-3.1044085e-09	135.25932	-0.023271227	-31.405966	2.1586945	0.01517951	0.14981498	24.0	2119.1963250637054
90	-79.48485	33.06204	73.0	-100.0	275.63635	-19.980984	16.178019	12.415035	-71.80655	910000	-1.5522042e-08	192.1179	-0.024495432	-41.933456	2.164204	0.015238464	0.15141514	22.0	2144.2210907936096
91	-77.46774	32.415882	35.5	-100.0	300.80646	-21.601587	17.019897	26.126232	-72.430405	920000	4.656613e-09	135.16272	-0.013542437	-31.904577	2.1616974	0.015313634	0.12261226	11.0	2167.6004395484924
92	-80.77143	26.977331	22.0	-100.0	277.97144	-17.625122	18.125347	21.314888	-71.74821	930000	-2.483527e-09	153.89632	-0.033635262	-33.616444	2.1442015	0.015022074	0.1861186	53.0	2196.023643732071
93	-78.93939	31.431686	20.5	-100.0	282.12122	-21.233263	16.976847	13.806317	-73.15766	940000	2.483527e-09	190.14977	-0.027126595	-43.443768	2.139126	0.015058567	0.15911591	37.0	2223.034248828888
94	-81.916664	29.455828	20.5	-100.0	269.27777	-17.440022	19.191504	14.277098	-73.89266	950000	-2.483527e-09	163.56413	-0.03722513	-37.827488	2.1672478	0.015037489	0.20432043	75.0	2251.847407579422
95	-80.47059	31.291075	19.0	-100.0	285.2353	-21.761862	18.002066	13.91914	-73.11377	960000	1.2417635e-09	147.91472	-0.023261935	-33.046997	2.140552	0.015087091	0.12721272	24.0	2275.2373847961426
96	-79.22727	32.572315	43.0	-100.0	284.81818	-23.132236	18.030317	14.561092	-74.656364	970000	-1.2417634e-08	158.72704	-0.02136152	-37.876366	2.1157367	0.015227818	0.13061307	20.0	2297.948202610016
97	-79.140625	31.489885	16.0	-100.0	285.4375	-19.218761	18.244398	31.79391	-74.79226	980000	1.2417635e-09	145.84886	-0.021844968	-35.772953	2.099316	0.015241284	0.15291528	22.0	2326.036813020706
98	-80.58064	28.606083	7.0	-100.0	295.80646	-21.194973	17.105837	8.793911	-75.5596	990000	1.2029583e-09	148.47807	-0.019033147	-35.539494	2.0822031	0.015145195	0.16311632	18.0	2348.921998500824
99	-75.545456	40.34179	52.0	-100.0	285.75757	-21.342396	18.326086	9.931863	-73.12919	1000000	4.0357313e-09	153.99669	-0.015996296	-44.061718	2.041149	0.015412104	0.13631363	14.0	2373.311214208603
100	-77.05882	34.24195	38.5	-100.0	276.35294	-17.512642	18.898188	11.19996	-73.02622	1010000	4.967054e-09	142.3754	-0.023875134	-35.91266	2.056654	0.015541043	0.1551155	23.0	2399.406758785248
101	-79.16129	29.576687	28.0	-100.0	295.6129	-20.603271	17.930578	9.947694	-75.27925	1020000	1.2417635e-09	157.50203	-0.020130692	-39.54965	2.0535362	0.015018594	0.1350135	20.0	2422.3550271987915
102	-77.140625	33.75352	49.0	-100.0	297.71875	-21.294186	16.027319	10.131916	-70.99861	1030000	4.346172e-09	175.71501	-0.022814788	-35.74659	2.0153987	0.015105508	0.15541553	28.0	2444.218662261963
103	-82.045456	31.660213	32.5	-100.0	296.72726	-20.896782	16.66477	11.40338	-74.199005	1040000	3.1044085e-09	156.29787	-0.029906511	-31.943916	1.9718124	0.015071042	0.16061606	46.0	2467.0182943344116
104	-80.609375	32.271973	43.0	-100.0	291.96875	-21.26835	18.165197	9.649201	-74.019646	1050000	-1.1175871e-08	139.21251	-0.025258139	-41.553024	1.9786696	0.015078993	0.13881387	27.0	2494.2974910736084
105	-80.03125	33.165527	44.5	-100.0	288.09375	-19.37764	16.789516	9.965941	-68.643555	1060000	-4.656613e-09	144.93044	-0.030620977	-40.344524	1.9873147	0.015064082	0.1831183	44.0	2518.192080259323
106	-76.109375	42.55157	71.5	-100.0	295.09375	-21.910303	17.083517	9.149206	-76.90008	1070000	6.208817e-09	147.20105	-0.026584467	-39.754757	1.9698807	0.015359108	0.1520152	29.0	2540.7882289886475
107	-75.583336	36.58781	43.0	-100.0	292.76666	-20.527582	19.31751	14.818576	-71.96888	1080000	8.692344e-09	136.33244	-0.018698266	-36.44825	1.9037118	0.015486288	0.1420142	16.0	2562.8131358623505
108	-76.72727	36.178448	62.5	-100.0	286.0303	-19.668419	18.152266	14.721347	-76.75167	1090000	7.450581e-09	151.50078	-0.025759364	-39.171074	1.9017626	0.015055265	0.14731473	34.0	2590.793466091156
109	-79.469696	32.71547	32.5	-100.0	287.0606	-18.996838	18.328058	14.829783	-73.36408	1100000	9.623666e-09	152.95302	-0.015752776	-31.586477	1.8894978	0.015675183	0.13241324	14.0	2615.1279406547546
110	-77.0	39.048687	67.0	-100.0	274.02856	-20.10991	17.64796	9.574794	-73.94765	1110000	5.8983765e-09	153.08977	-0.018164253	-35.01869	1.874527	0.015286046	0.13331334	16.0	2638.0956752300262
111	-80.75	28.873648	22.0	-100.0	295.8125	-21.149284	18.065042	14.475362	-72.75369	1120000	-4.967054e-09	163.69922	-0.014352769	-36.77987	1.873222	0.01516734	0.12861286	13.0	2661.462826490402
112	-78.19355	33.629307	46.0	-100.0	292.5484	-22.91168	16.680317	9.364225	-71.659584	1130000	8.692344e-09	141.48865	-0.014851787	-35.09257	1.8854786	0.015471767	0.10001	13.0	2682.2695434093475
113	-78.242424	33.49449	58.0	-100.0	285.51514	-19.48073	16.905806	13.3282995	-70.365074	1140000	4.811833e-09	156.53833	-0.019710077	-34.219074	1.8494831	0.015503321	0.12951297	23.0	2707.46857714653
114	-77.21875	37.027847	44.5	-100.0	295.75	-22.633871	17.05531	12.689202	-70.789925	1150000	-2.483527e-09	141.62685	-0.01531208	-36.21423	1.8214918	0.015275437	0.13401341	15.0	2729.550471305847
115	-77.161766	34.56595	71.5	-100.0	288.14706	-19.440945	17.505974	18.796999	-67.220535	1160000	1.3659398e-08	168.9499	-0.029572845	-51.294147	1.8213028	0.015128716	0.1510151	42.0	2755.302140235901
116	-79.617645	34.589836	50.5	-100.0	279.79413	-19.351221	19.187271	13.702363	-77.86936	1170000	4.967054e-09	164.67632	-0.0172428	-47.127293	1.80612	0.015627328	0.15551555	15.0	2779.384245157242
117	-81.01613	29.32094	19.0	-100.0	298.5484	-22.011406	16.928953	15.180964	-72.52639	1180000	6.208817e-09	145.5524	-0.025424393	-45.619038	1.7597798	0.0151249925	0.15641564	33.0	2804.8413021564484
118	-77.36364	38.589973	64.0	-100.0	288.15152	-20.054129	17.075407	11.065212	-77.071	1190000	9.002785e-09	131.53178	-0.020436531	-35.19702	1.77596	0.0152805	0.113711365	27.0	2829.6652433872223
119	-79.734375	30.999994	34.0	-100.0	290.6875	-20.838726	18.029884	15.010263	-77.219894	1200000	-9.934108e-09	152.76166	-0.021164307	-41.702866	1.7457985	0.015099284	0.12621261	23.0	2852.8223972320557
120	-81.954544	28.567402	19.0	-100.0	286.15152	-19.840528	16.951797	15.858603	-73.38088	1210000	-1.2417635e-09	149.11504	-0.023905002	-36.870686	1.7580684	0.015149142	0.14501451	32.0	2876.162492990494
121	-79.854836	30.836508	22.0	-100.0	290.03226	-22.11421	17.419361	14.508253	-75.4424	1220000	3.7252903e-09	130.27905	-0.025575632	-31.295563	1.7761501	0.015209775	0.15141514	35.0	2900.3673317432404
122	-78.59375	35.164444	50.5	-100.0	289.21875	-24.024559	16.603592	20.928953	-71.351456	1230000	8.692344e-09	171.71614	-0.023074439	-38.91545	1.760642	0.015133028	0.15001501	28.0	2922.514747619629
123	-77.76471	34.842552	49.0	-100.0	288.97058	-20.167313	18.23097	12.472588	-75.759995	1240000	-6.519258e-09	126.277466	-0.017268661	-27.482416	1.7527326	0.0152919395	0.12371237	18.0	2947.8397035598755
124	-74.23333	40.998726	70.0	-100.0	296.16666	-20.354916	18.060532	14.27974	-72.372665	1250000	4.967054e-09	124.482185	-0.020689351	-32.61694	1.7752442	0.0151197715	0.14951496	20.0	2970.8565361499786
125	-76.7	34.837864	64.0	-100.0	294.43332	-19.733675	17.981237	13.970181	-74.74285	1260000	-2.483527e-09	126.839165	-0.017132144	-30.810999	1.7533965	0.015383001	0.1430143	18.0	2995.0584013462067
126	-74.333336	42.640617	67.0	-100.0	289.43332	-20.366318	16.40308	13.437808	-73.93769	1270000	-4.967054e-09	121.72309	-0.025499424	-35.18738	1.7267265	0.015035567	0.1560156	34.0	3018.1470997333527
127	-76.5	42.64293	71.5	-100.0	292.67743	-20.060703	18.510197	16.916115	-72.236595	1280000	0.0	122.859474	-0.024647107	-30.741514	1.7449435	0.015336054	0.13661367	25.0	3042.016455888748
128	-76.453125	41.66446	83.5	-100.0	296.9375	-21.692015	18.245148	13.685188	-71.04504	1290000	-6.208817e-09	154.90205	-0.023601672	-44.744	1.7516347	0.015187507	0.15561555	32.0	3064.7630014419556
129	-78.77941	39.7683	67.0	-100.0	274.47058	-17.539417	19.116764	20.448662	-73.36416	1300000	-3.7252903e-09	157.44324	-0.029062882	-51.921383	1.7446593	0.01508348	0.17681767	62.0	3089.8116149902344
130	-75.08064	42.792843	68.5	-100.0	296.7097	-23.248589	18.311182	16.014727	-73.105705	1310000	0.0	153.11589	-0.024725989	-56.49251	1.7093834	0.015028358	0.13111311	33.0	3112.4175148010254
131	-79.1875	29.495167	46.0	-100.0	287.28125	-21.492195	16.317104	19.378447	-68.93833	1320000	-6.208817e-09	152.21742	-0.01629206	-48.799633	1.6976299	0.015429375	0.115911596	14.0	3136.2642476558685
132	-77.4375	34.285736	44.5	-100.0	291.21875	-22.239393	17.326937	32.841434	-72.06123	1330000	-3.7252903e-09	150.51567	-0.022425087	-38.254116	1.7201977	0.015018216	0.1549155	25.0	3157.9551615715027
133	-77.29412	35.38343	74.5	-100.0	285.32352	-20.545181	17.264853	20.517788	-75.3422	1340000	-4.967054e-09	171.65346	-0.036090117	-39.46838	1.7199942	0.014521937	0.18001801	79.0	3186.274169445038
134	-78.5	32.943935	49.0	-100.0	299.33334	-22.661903	16.97165	14.793326	-72.0973	1350000	1.5522043e-10	135.43433	-0.015578932	-32.05111	1.7218918	0.016058696	0.12061206	13.0	3208.7464547157288
135	-79.5	29.437468	25.0	-100.0	306.1613	-20.759861	16.310112	12.13065	-67.54804	1360000	-3.1044085e-09	124.91335	-0.027706092	-35.05373	1.6927112	0.015419242	0.17501749	28.0	3232.5937824249268
136	-76.234375	38.51095	50.5	-100.0	294.1875	-21.18179	17.316116	14.094696	-73.24714	1370000	1.4590721e-08	160.36957	-0.017362194	-49.696484	1.7036978	0.015342352	0.10951095	16.0	3255.5613539218903
137	-78.796875	34.848297	65.5	-100.0	295.15625	-21.2147	17.395067	16.590637	-74.23957	1380000	-7.450581e-09	136.60704	-0.012746311	-31.392832	1.6963696	0.015064527	0.15141514	11.0	3278.4087793827057
138	-75.46774	35.967712	32.5	-100.0	306.8387	-20.178345	17.67903	10.733415	-74.917145	1390000	-1.8626451e-09	133.34294	-0.015928803	-35.584248	1.6749269	0.015467979	0.12451246	15.0	3302.0580043792725
139	-75.40625	41.695404	56.5	-100.0	289.6875	-19.048931	17.37154	11.579428	-71.77493	1400000	-1.2417635e-09	144.28397	-0.011864074	-28.983095	1.6682214	0.015263041	0.117611766	11.0	3325.7575075626373
140	-76.40909	36.925694	59.5	-100.0	295.66666	-19.721216	18.77332	13.345939	-72.45748	1410000	-1.2417634e-08	162.3538	-0.021521501	-42.525578	1.6725057	0.0152426055	0.14011402	24.0	3349.122481584549
141	-76.69355	34.379448	41.5	-100.0	299.58066	-20.52625	17.358974	13.9867325	-72.09307	1420000	2.483527e-09	131.45473	-0.027793178	-38.820297	1.663854	0.015005127	0.14831483	43.0	3372.961897134781
142	-75.629036	38.788292	62.5	-100.0	289.12903	-20.831451	17.541231	15.298526	-75.58266	1430000	-8.692344e-09	140.77226	-0.017395979	-38.433727	1.6646968	0.015753068	0.12561257	14.0	3394.9891397953033
143	-78.40909	39.06511	76.0	-100.0	287.72726	-21.728556	18.27796	14.783389	-72.7092	1440000	-3.7252903e-09	164.60925	-0.014837469	-44.70502	1.6489314	0.01507774	0.12921293	11.0	3420.1394600868225
144	-76.935486	35.3352	49.0	-100.0	291.7097	-21.123968	16.771364	14.541648	-70.60499	1450000	-1.8626451e-09	140.74052	-0.023542268	-46.924603	1.669693	0.015088064	0.13491349	27.0	3443.266082763672
145	-76.65	36.658592	38.5	-100.0	291.76666	-21.134493	17.239769	13.058853	-75.48926	1460000	-3.7252903e-09	138.82654	-0.015180912	-41.99018	1.6591183	0.015694197	0.11511151	12.0	3466.147362947464
146	-78.28125	35.622353	61.0	-100.0	284.53125	-18.69009	17.434113	14.5655775	-70.23839	1470000	4.346172e-09	138.58614	-0.013499126	-32.029663	1.6611285	0.01519807	0.14051406	13.0	3488.7674992084503
147	-74.359375	42.44228	59.5	-100.0	298.40625	-21.780115	17.421537	14.014523	-78.79489	1480000	-1.9868216e-08	118.43994	-0.015824424	-28.97339	1.6451427	0.015043341	0.11941194	16.0	3512.73863697052
148	-73.69355	42.657047	56.5	-100.0	291.2903	-20.404028	18.088526	14.271947	-76.31685	1490000	-1.2417635e-09	131.71623	-0.021544496	-36.067787	1.6298622	0.015198064	0.14261426	22.0	3535.9325993061066
149	-76.59091	35.91097	44.5	-100.0	294.81818	-21.34422	18.29099	14.788629	-75.17867	1500000	-1.2417635e-09	163.67387	-0.017430468	-43.39511	1.6096381	0.015017959	0.1069107	15.0	3559.7824470996857
150	-77.5625	36.04874	59.5	-100.0	300.8125	-22.2827	18.174545	13.165636	-78.239	1510000	-3.1044085e-09	131.02321	-0.019000925	-28.84038	1.6100179	0.0156129645	0.12581259	19.0	3581.5519740581512
151	-76.46774	36.914883	41.5	-100.0	292.4516	-20.116425	16.904379	13.372468	-72.37306	1520000	-1.2417634e-08	118.98963	-0.015702976	-28.997583	1.6240832	0.015479379	0.10691068	13.0	3605.110611438751
152	-76.530304	42.319122	76.0	-100.0	288.60605	-20.051008	17.771364	13.354927	-75.43161	1530000	1.2417634e-08	139.77873	-0.02291412	-31.008957	1.6182038	0.015194922	0.12851286	29.0	3627.5001604557037
153	-75.77419	41.150364	74.5	-100.0	299.3871	-19.404642	17.972956	17.367966	-76.76262	1540000	-1.5522042e-08	125.58136	-0.020851752	-36.738037	1.5996529	0.015164892	0.13831383	24.0	3652.3768486976624
154	-76.617645	35.290195	38.5	-100.0	288.70587	-18.802162	18.816973	22.410353	-77.85504	1550000	4.967054e-09	137.69966	-0.019794213	-42.29965	1.6247514	0.015053595	0.12991299	18.0	3678.2827780246735
155	-77.969696	34.23956	47.5	-100.0	289.33334	-19.564379	18.93613	15.7552805	-80.39057	1560000	-1.1175871e-08	129.16998	-0.016671104	-27.560648	1.6150697	0.015642349	0.12571257	16.0	3703.711465358734
156	-78.48333	32.607635	23.5	-100.0	303.13333	-21.100937	17.925194	14.320471	-81.01909	1570000	-8.692344e-09	137.52586	-0.014588714	-41.383015	1.5979389	0.015319618	0.11781178	13.0	3725.273826122284
157	-79.19118	35.680984	56.5	-100.0	290.52942	-19.072233	16.773748	14.542069	-73.734184	1580000	3.7252903e-09	130.11522	-0.020022681	-40.36456	1.5850815	0.015031508	0.14991498	23.0	3752.9762799739838
158	-76.8125	37.782635	55.0	-100.0	297.0625	-21.044205	17.484842	12.660601	-79.02816	1590000	1.4901161e-08	138.03815	-0.020670338	-34.802723	1.589451	0.015135431	0.12171217	24.0	3774.439854860306
159	-77.16129	35.331924	41.5	-100.0	296.35483	-21.23735	18.618845	15.410974	-77.25853	1600000	-1.3038516e-08	112.94213	-0.018229635	-28.905138	1.5757781	0.015232186	0.12861286	16.0	3797.8659965991974
160	-71.609375	43.09994	76.0	-100.0	294.8125	-22.049227	17.53188	10.726662	-75.74061	1610000	-4.346172e-09	150.64665	-0.026091805	-48.314697	1.5827945	0.015114539	0.15561555	47.0	3822.5359654426575
161	-71.96875	41.282738	74.5	-100.0	293.65625	-18.923683	18.438038	19.851055	-73.73144	1620000	-9.934108e-09	131.29092	-0.020118646	-24.418312	1.5898079	0.015400134	0.12811281	19.0	3845.576627969742
162	-78.234375	30.918486	34.0	-100.0	294.75	-21.192472	17.96788	14.5728855	-71.34185	1630000	1.1175871e-08	141.67888	-0.015519339	-34.006023	1.5677148	0.015571751	0.11121112	14.0	3868.229118347168
163	-75.82258	37.362766	59.5	-100.0	290.0	-20.542421	17.226694	11.252346	-73.66087	1640000	4.967054e-09	126.64255	-0.013411201	-31.120033	1.5757194	0.015782548	0.10931093	11.0	3892.422751188278
164	-77.893936	32.650757	35.5	-100.0	284.30304	-20.442919	18.011997	12.233851	-75.0839	1650000	7.450581e-09	128.08257	-0.03157573	-32.831417	1.584531	0.015025974	0.16881688	75.0	3918.8692495822906
165	-76.82258	34.4544	55.0	-100.0	300.0	-21.877632	17.00019	9.8702545	-79.56776	1660000	6.208817e-09	153.71082	-0.020500017	-35.048058	1.5698586	0.015244438	0.12341234	20.0	3943.2442367076874
166	-74.29032	34.222183	35.5	-100.0	296.8387	-20.455109	16.018375	12.323482	-75.91551	1670000	6.2088173e-10	125.4458	-0.018919058	-34.83318	1.587771	0.015528998	0.11151115	19.0	3965.5496995449066
167	-74.318184	37.828922	68.5	-100.0	284.0606	-20.262072	17.48276	14.084728	-80.74583	1680000	1.086543e-08	132.62639	-0.013006498	-31.075514	1.5815164	0.015590906	0.12211221	12.0	3990.0075488090515
168	-72.106064	38.58241	61.0	-96.0	288.0606	-19.164467	18.9238	13.6918545	-75.707436	1690000	1.0554989e-08	175.51172	-0.020572739	-42.184616	1.5718614	0.0151832625	0.1269127	20.0	4015.0684008598328
169	-73.53333	38.284008	58.0	-100.0	296.16666	-19.06941	18.29385	16.938425	-78.743126	1700000	6.208817e-09	123.38717	-0.018930333	-37.794323	1.574278	0.0153731285	0.11921192	19.0	4037.708446264267
170	-73.818184	33.013958	50.5	-100.0	286.45456	-19.048	17.27393	13.289172	-74.483665	1710000	-5.122274e-09	155.9977	-0.019798337	-32.711697	1.5812736	0.015006748	0.15861587	19.0	4061.5873594284058
171	-73.8125	38.55166	58.0	-100.0	284.71875	-19.70961	18.762596	13.724289	-73.515335	1720000	4.967054e-09	173.46912	-0.013997148	-49.417988	1.5649389	0.015240416	0.12511252	12.0	4085.004703760147
172	-72.484375	40.180737	55.0	-96.0	298.9375	-19.96365	17.025757	14.114524	-75.16069	1730000	3.1044085e-09	145.08716	-0.017001314	-31.07959	1.5598091	0.015406747	0.13341333	17.0	4109.946090459824
173	-76.911766	33.702957	62.5	-100.0	278.2647	-17.396067	18.6712	18.442501	-75.59103	1740000	-2.483527e-09	171.35168	-0.01393232	-30.884901	1.5455412	0.015137632	0.14081408	11.0	4132.491930246353
174	-69.548386	40.66114	67.0	-100.0	305.51614	-21.323929	16.88079	12.5420065	-74.214455	1750000	-4.0357313e-09	162.00352	-0.025158295	-47.402172	1.5225544	0.015078805	0.14781478	37.0	4160.392869472504
175	-72.566666	41.576782	58.0	-100.0	295.76666	-19.004704	17.221582	15.051037	-73.14885	1760000	6.2088173e-10	162.32925	-0.014746477	-39.17606	1.5369803	0.015703574	0.12081208	13.0	4184.204083204269
176	-78.16129	23.816633	13.0	-100.0	293.5484	-19.599314	16.316053	17.005072	-74.88944	1770000	-8.692344e-09	158.86966	-0.019722313	-50.82308	1.503245	0.015269837	0.13261326	21.0	4206.912857055664
177	-73.370964	33.635853	29.5	-100.0	305.12903	-20.274817	16.018997	10.3875475	-73.39472	1780000	-2.483527e-09	126.70898	-0.020245343	-29.283033	1.4952035	0.015083204	0.12841284	21.0	4233.989182949066
178	-75.64706	35.61137	55.0	-100.0	289.94116	-18.520163	17.489126	12.953256	-75.43539	1790000	9.934108e-09	163.19934	-0.020432457	-37.244183	1.5386409	0.0151805235	0.12401241	25.0	4258.709681510925
179	-70.203125	39.915504	64.0	-100.0	303.84375	-21.862461	17.180113	13.063826	-76.79613	1800000	7.450581e-09	165.79103	-0.024086617	-51.193462	1.5130872	0.015022647	0.1639164	32.0	4282.74099612236
180	-68.913795	43.798336	65.5	-96.0	311.89655	-18.38991	17.076492	14.176411	-73.953415	1810000	4.967054e-09	141.81337	-0.021163285	-43.58398	1.5408493	0.015039995	0.12281228	23.0	4305.75200343132
181	-73.46667	38.92877	64.0	-100.0	307.06668	-17.80501	17.018171	14.783015	-71.4457	1820000	-3.228585e-08	129.27551	-0.012037869	-31.479895	1.5082442	0.015148729	0.09990999	11.0	4330.407854557037
182	-73.22581	38.099792	55.0	-100.0	305.5484	-16.862167	16.682543	12.362768	-71.39638	1830000	5.5879354e-09	142.06033	-0.01994823	-41.379074	1.4972793	0.015054244	0.14061405	18.0	4356.223110675812
183	-69.91936	40.77715	58.0	-100.0	306.2903	-19.295036	15.431055	15.970817	-72.12063	1840000	-7.450581e-09	141.13945	-0.01401111	-38.288593	1.5054098	0.01573045	0.098609865	12.0	4378.812911272049
184	-70.5625	43.956432	74.5	-100.0	297.6875	-19.181984	16.802975	15.649859	-72.97591	1850000	5.5879354e-09	174.48334	-0.015378691	-51.62102	1.5153049	0.015127976	0.1141114	14.0	4402.951177597046
185	-70.3	41.603607	65.5	-100.0	310.66666	-19.149435	18.192776	14.831365	-69.593376	1860000	-2.483527e-09	148.64091	-0.025399506	-57.016434	1.4757733	0.015384104	0.14031403	36.0	4428.064551591873
186	-69.61667	39.377167	50.5	-100.0	314.76666	-18.75131	16.773819	14.447554	-72.62737	1870000	-3.7252903e-09	141.25734	-0.014486733	-31.966158	1.4782068	0.015218105	0.11311132	15.0	4452.610874414444
187	-69.45	41.92858	55.0	-100.0	314.6	-16.936724	16.314434	15.758008	-72.58045	1880000	-2.483527e-09	155.08879	-0.016850444	-46.52213	1.4526383	0.015499101	0.12331233	19.0	4476.624139308929
188	-69.46667	43.45782	64.0	-100.0	308.63333	-18.807766	16.72713	11.427286	-68.98917	1890000	1.0554989e-08	154.55772	-0.024530193	-43.10852	1.464537	0.015349944	0.13681369	31.0	4500.970674753189
189	-71.0	39.4809	59.5	-100.0	313.7931	-17.392963	16.730867	18.061462	-71.74832	1900000	6.208817e-09	171.18208	-0.016212244	-49.60149	1.4637643	0.015002407	0.15751575	15.0	4525.932945013046
190	-69.46667	38.427406	52.0	-100.0	312.56668	-17.144806	16.042543	13.840725	-69.44233	1910000	-1.3659398e-08	171.48907	-0.016319068	-47.34727	1.4803497	0.015501641	0.1350135	14.0	4548.715921640396
191	-68.95	42.555717	59.5	-100.0	312.56668	-17.80801	15.027613	16.813133	-68.28923	1920000	-1.6142925e-08	143.71715	-0.026123444	-41.74864	1.4999188	0.015078091	0.14571457	37.0	4574.66307258606
192	-67.73214	40.200054	46.0	-96.0	334.25	-17.01167	16.267525	15.301193	-68.32681	1930000	1.2417635e-09	169.9771	-0.021530243	-58.913105	1.4506584	0.015069183	0.13401341	20.0	4598.490613222122
193	-63.62069	48.318745	80.5	-96.0	326.31033	-16.970324	14.518379	13.400729	-65.818054	1940000	6.208817e-09	183.86047	-0.01811111	-48.187958	1.4696027	0.015021208	0.14921492	18.0	4625.473884820938
194	-67.89655	43.630974	64.0	-96.0	322.93103	-16.406107	15.890027	17.540518	-59.97031	1950000	1.4280279e-08	126.14594	-0.024376199	-36.193214	1.4619297	0.0151070915	0.18031804	30.0	4650.123400449753
195	-69.86667	40.726513	70.0	-100.0	331.06668	-16.12406	16.274761	15.773446	-68.632614	1960000	-1.8626451e-08	142.49779	-0.018300282	-44.699825	1.4694146	0.015111118	0.14701469	16.0	4674.635568618774
196	-68.13793	45.183514	77.5	-100.0	315.86206	-18.017702	15.690036	12.47372	-70.237434	1970000	-1.6996637e-08	180.59851	-0.012321274	-55.391735	1.4373926	0.01585282	0.099709965	10.0	4700.015403747559
197	-69.32758	46.64323	74.5	-100.0	328.9655	-16.931168	16.30332	14.993809	-66.00096	1980000	-6.2088173e-10	144.34917	-0.030765584	-38.032238	1.4646925	0.015057273	0.1639164	68.0	4724.979282617569
198	-65.27586	47.901226	70.0	-100.0	325.3793	-16.694654	16.164894	16.810934	-65.55804	1990000	1.5522043e-09	148.98244	-0.0150634935	-52.193356	1.4394697	0.015087231	0.119511954	12.0	4750.871313095093
199	-69.63333	45.01091	65.5	-100.0	323.2	-16.533865	15.932796	19.18442	-69.53482	2000000	-9.623666e-09	157.13696	-0.013166348	-43.970905	1.4468836	0.015489486	0.12591259	13.0	4775.210381984711
200	-71.433334	43.508568	68.5	-100.0	317.83334	-17.079615	15.550551	16.859333	-67.255325	2010000	5.122274e-09	157.62923	-0.012615128	-43.82887	1.4482517	0.015598481	0.11541154	12.0	4800.668371677399
201	-71.31035	41.765648	83.5	-100.0	314.34482	-17.385008	16.238243	14.745508	-70.35806	2020000	-1.9868216e-08	179.71516	-0.01919028	-59.86447	1.4458152	0.015294928	0.1478148	19.0	4822.004111528397
202	-69.46667	41.96664	64.0	-100.0	321.06668	-17.761383	16.208294	15.029136	-71.772125	2030000	-4.967054e-09	144.03247	-0.014889702	-40.751865	1.3928418	0.0154938	0.13061307	14.0	4846.743015527725
203	-72.564514	41.524525	56.5	-100.0	303.74194	-17.78116	15.987136	18.134918	-67.337234	2040000	-6.9849193e-10	163.21056	-0.021671692	-39.39591	1.4372796	0.0150106475	0.12491248	26.0	4870.626466035843
204	-72.12069	38.584805	55.0	-100.0	323.82758	-18.755352	16.14982	14.861852	-67.327515	2050000	-1.0554989e-08	152.86037	-0.026176369	-43.77452	1.4489046	0.015059107	0.1619162	47.0	4897.2778215408325
205	-69.844826	42.30658	58.0	-100.0	326.72415	-18.226446	14.834113	13.342398	-68.54754	2060000	-8.537124e-10	143.37134	-0.020939162	-46.071198	1.4421762	0.015441592	0.13571356	24.0	4922.1606385707855
206	-72.25	43.845406	61.0	-100.0	311.67856	-17.616844	16.1794	15.755612	-64.93396	2070000	8.071463e-09	173.43451	-0.015561699	-47.986958	1.3921	0.015075435	0.115211524	16.0	4945.556982755661
207	-70.18965	43.519203	71.5	-100.0	316.7931	-18.310175	15.58564	15.175698	-67.27245	2080000	4.0357313e-09	142.34505	-0.025874391	-38.17612	1.4382368	0.015032561	0.1481148	36.0	4970.330890417099
208	-70.31035	46.399582	83.5	-100.0	319.0	-17.804321	15.81719	19.389538	-74.940605	2090000	2.483527e-09	163.5061	-0.012179417	-59.22822	1.4273585	0.015541901	0.097009696	12.0	4996.078822851181
209	-68.51724	46.1309	73.0	-100.0	312.13794	-17.681269	16.721514	16.3194	-64.896675	2100000	5.5879354e-09	153.00665	-0.016316215	-35.274464	1.4358467	0.015418435	0.13931394	14.0	5017.5468764305115
210	-71.370964	36.633312	65.5	-100.0	308.32257	-18.35702	15.672287	15.453538	-65.44733	2110000	6.208817e-09	141.3846	-0.016773375	-45.321594	1.451073	0.015876234	0.11131113	14.0	5043.4700882434845
211	-70.10714	43.331234	58.0	-100.0	324.35715	-17.959728	16.19916	13.635142	-69.2242	2120000	4.346172e-09	144.91548	-0.019202108	-38.736134	1.4278792	0.015439351	0.12471247	20.0	5065.910274267197
212	-72.388885	38.299583	40.0	-100.0	333.7037	-16.024765	15.791175	17.12837	-68.63698	2130000	-6.208817e-09	157.28821	-0.016401878	-35.54233	1.4144939	0.015393968	0.13681369	14.0	5087.8779311180115
213	-66.21667	47.850758	82.0	-96.0	325.5	-18.3021	15.178167	12.528338	-71.03707	2140000	-9.313226e-09	184.30678	-0.015536915	-66.898544	1.4112161	0.015514885	0.13571358	14.0	5112.207261323929
214	-69.155174	46.137558	74.5	-100.0	316.55173	-16.545565	15.797513	19.977098	-69.13438	2150000	1.086543e-09	179.1499	-0.022938816	-59.478027	1.3932489	0.015120402	0.13221322	31.0	5135.3224511146545
215	-67.566666	44.393456	85.0	-100.0	310.5	-16.905024	15.823488	17.54162	-72.3596	2160000	8.692344e-09	173.70692	-0.02260466	-45.013203	1.4325916	0.015126099	0.13761376	28.0	5160.651574373245
216	-63.87931	47.821625	77.5	-100.0	331.86206	-16.708282	16.762276	16.536383	-69.66694	2170000	4.967054e-09	158.3019	-0.020933168	-57.134327	1.4304506	0.015368144	0.15321532	18.0	5185.366237163544
217	-69.655174	41.492233	58.0	-100.0	308.06897	-16.746225	16.399826	15.753943	-72.11658	2180000	-7.450581e-09	186.5818	-0.014538895	-71.53522	1.4279084	0.015525378	0.12271228	14.0	5210.514870405197
218	-65.43104	46.888298	85.0	-92.0	327.31033	-17.38805	15.064212	16.681793	-66.18147	2190000	3.1044085e-09	165.80838	-0.027708834	-59.291153	1.4435469	0.015086253	0.14771478	39.0	5234.36359834671
219	-70.19643	39.984447	50.5	-100.0	328.32144	-14.967389	16.126686	19.726461	-61.728127	2200000	3.1044085e-09	150.50252	-0.013671446	-49.957783	1.4516422	0.015538965	0.11931193	9.0	5258.755373716354
220	-66.625	47.767784	79.0	-100.0	314.89285	-17.900784	16.025934	13.154606	-69.02088	2210000	1.3581787e-08	164.31975	-0.012652348	-56.3891	1.4284587	0.015284364	0.11481148	10.0	5282.265701532364
221	-68.75	45.370007	76.0	-100.0	308.40625	-17.736372	15.167517	15.805505	-68.73837	2220000	-1.1175871e-08	159.34074	-0.016087338	-41.025723	1.4253206	0.015516422	0.13681369	14.0	5306.216152906418
222	-68.75	41.475445	62.5	-100.0	317.7	-17.037125	16.62737	20.783764	-69.42546	2230000	-1.2417634e-08	152.27303	-0.016774332	-43.75465	1.4028864	0.015317984	0.114111416	15.0	5330.08273100853
223	-69.333336	38.098194	56.5	-100.0	323.76666	-18.574123	15.996697	15.863724	-69.08316	2240000	-1.0244548e-08	153.03804	-0.013169025	-40.193645	1.3828605	0.0151312305	0.10211021	11.0	5355.430962562561
224	-65.32758	45.286877	73.0	-100.0	316.31033	-17.95506	14.796895	14.167917	-69.88453	2250000	4.967054e-09	155.39069	-0.020219376	-51.87798	1.443806	0.015085331	0.14061406	19.0	5379.5883321762085
225	-69.62963	41.91782	59.5	-100.0	322.37036	-16.453127	17.662407	17.762024	-71.61522	2260000	2.1109978e-08	149.0051	-0.01689944	-42.22124	1.4097729	0.016334482	0.124812484	14.0	5405.024696111679
226	-64.48148	41.68166	67.0	-96.0	342.48148	-16.823627	16.116962	13.416217	-67.52031	2270000	-1.8626451e-09	146.08775	-0.015361776	-53.50115	1.4321328	0.015358571	0.1240124	14.0	5427.514150619507
227	-67.206894	46.26116	70.0	-100.0	334.4138	-15.408969	13.792723	14.4882	-72.41166	2280000	6.208817e-09	152.86876	-0.017249033	-54.66862	1.4041876	0.015099808	0.1510151	17.0	5454.475786685944
228	-70.03333	39.926373	85.0	-96.0	307.53333	-16.16129	15.598272	18.16393	-72.47123	2290000	-6.208817e-09	194.52916	-0.012787846	-60.79825	1.3567963	0.015763102	0.1119112	12.0	5478.0488085746765
229	-63.74074	46.715725	74.5	-96.0	332.2963	-18.84243	15.323862	13.129959	-71.39421	2300000	1.071021e-08	169.18663	-0.018834585	-72.85758	1.4031616	0.015239674	0.15031503	19.0	5503.002060890198
230	-67.68519	39.773697	53.5	-96.0	343.96295	-14.745109	15.318513	17.06558	-64.59573	2310000	2.173086e-09	153.38808	-0.019340102	-56.150463	1.3719982	0.015156906	0.13291329	19.0	5525.946327209473
231	-64.4	44.40972	62.5	-96.0	324.76666	-16.019081	15.11673	14.706532	-64.656265	2320000	5.2774944e-09	150.3565	-0.019454768	-47.75935	1.3961463	0.01503146	0.12541254	21.0	5553.336871623993
232	-62.692307	48.961147	67.0	-100.0	360.15384	-16.808382	16.637308	15.588186	-62.97552	2330000	2.3283064e-09	157.18729	-0.018547617	-62.87091	1.3928674	0.01519918	0.10971097	16.0	5577.67814707756
233	-68.89286	41.410263	52.0	-100.0	328.39285	-14.294043	15.579057	16.004105	-64.622955	2340000	-1.5987704e-08	166.42964	-0.02409493	-46.078144	1.3402418	0.015010434	0.14271428	37.0	5603.362984657288
234	-70.58929	39.43101	43.0	-96.0	337.0	-16.761744	16.186129	14.566161	-65.933205	2350000	-1.19325705e-08	145.51416	-0.013345941	-50.674633	1.34127	0.015406246	0.13331331	11.0	5636.3651287555695
235	-68.82143	43.094	56.5	-100.0	325.82144	-17.149914	15.487241	14.706082	-67.1997	2360000	-6.208817e-09	136.64299	-0.0144484	-47.831192	1.3462006	0.015861312	0.121312134	13.0	5669.832601070404
236	-65.80357	48.811653	74.5	-96.0	318.5357	-18.211123	15.608142	12.812572	-64.909294	2370000	-1.2417635e-09	125.183525	-0.015688915	-45.120228	1.3384014	0.015312006	0.13411342	15.0	5699.282275438309
237	-71.55173	36.64211	59.5	-96.0	336.3793	-16.6656	15.5317	17.170555	-67.23196	2380000	-7.450581e-09	164.9557	-0.020216262	-55.917313	1.3894447	0.015196063	0.12751275	24.0	5725.003899812698
238	-65.96429	47.601948	89.5	-100.0	337.9643	-16.35756	14.941383	16.709274	-66.57922	2390000	-8.692344e-09	172.16042	-0.015787547	-65.86549	1.3998045	0.015000559	0.12601261	14.0	5752.422555923462
239	-68.93104	40.04797	68.5	-100.0	327.51724	-15.385055	16.925339	25.334702	-63.68081	2400000	2.9491882e-09	143.92786	-0.015961636	-51.655193	1.3470955	0.015069281	0.14381438	17.0	5779.62738442421
240	-71.48148	36.006554	46.0	-100.0	328.25925	-17.490423	15.529762	13.65511	-68.09676	2410000	-4.346172e-09	144.82588	-0.013955536	-48.66185	1.3385545	0.015586297	0.103310324	12.0	5804.622492074966
241	-67.05357	47.365665	79.0	-100.0	332.2857	-17.442917	15.329732	10.113888	-67.842834	2420000	-1.2417635e-09	146.62236	-0.015688818	-54.785816	1.3233072	0.015065454	0.12531252	12.0	5828.182560682297
242	-67.55	40.623543	59.5	-96.0	317.4	-17.618439	15.361793	15.316673	-66.13649	2430000	4.967054e-09	176.75893	-0.009939328	-56.025326	1.3279773	0.016683346	0.14421444	8.0	5850.955290317535
243	-67.46429	42.267204	59.5	-100.0	327.57144	-15.86527	14.829836	18.469774	-69.594635	2440000	-1.6142925e-08	130.40863	-0.014667102	-35.318607	1.3523134	0.01503282	0.111611165	15.0	5877.763318777084
244	-70.316666	39.074818	52.0	-96.0	321.13333	-16.392794	15.4908285	15.315678	-68.51887	2450000	-4.0357313e-09	154.42714	-0.015256002	-51.21335	1.3249084	0.015625343	0.11561155	14.0	5902.449758529663
245	-66.913795	42.83047	68.5	-100.0	322.34482	-18.068449	15.716143	11.611622	-65.991035	2460000	-1.2417635e-09	146.94981	-0.013589653	-39.656723	1.326456	0.015436794	0.10491049	15.0	5928.070462465286
246	-67.36667	45.595676	76.0	-96.0	326.03333	-17.109968	15.0197115	14.302327	-68.57052	2470000	-9.934108e-09	133.64519	-0.016338969	-37.73975	1.3442589	0.015099251	0.122312225	14.0	5951.821400403976
247	-69.46429	41.425262	68.5	-100.0	342.92856	-16.298517	15.679086	14.458937	-63.75566	2480000	1.1796753e-08	134.07988	-0.014434722	-41.846287	1.3363429	0.015615494	0.15251525	14.0	5975.52906370163
248	-66.86667	42.271927	61.0	-100.0	314.46667	-17.438787	15.049311	16.142664	-64.534	2490000	2.2351742e-08	137.71252	-0.01561788	-46.32133	1.314849	0.015394363	0.114611454	14.0	5999.032892942429
249	-66.48276	48.083527	79.0	-96.0	331.86206	-18.474525	15.289076	14.382845	-65.31739	2500000	-6.4416477e-09	142.70082	-0.018602738	-50.288433	1.3699669	0.015156575	0.12891288	20.0	6022.847190141678
