Epoch	AverageEpRet	StdEpRet	MaxEpRet	MinEpRet	EpLen	AverageVVals	StdVVals	MaxVVals	MinVVals	TotalEnvInteracts	LossPi	LossV	DeltaLossPi	DeltaLossV	Entropy	KL	ClipFrac	StopIter	Time
0	22.22381	40.293137	90.1	-40.0	671.2857	2.1712496	9.492698	30.813833	-46.00036	10000	2.6077032e-08	85.364006	-0.016136138	-27.481413	0.7842391	0.01553307	0.1130113	14.0	31.55472230911255
1	7.2589746	38.256466	65.8	-53.333332	724.0769	2.5191162	9.4065695	25.431301	-62.211105	20000	-1.6142925e-08	67.70904	-0.011730566	-20.625376	0.7528983	0.015376489	0.087408744	10.0	55.28591728210449
2	12.9476185	45.84205	93.7	-53.333332	643.2857	0.4484856	9.146026	27.009731	-63.97518	30000	-5.5879354e-09	90.263306	-0.013949253	-29.02839	0.73851514	0.015123855	0.09560957	14.0	82.28790187835693
3	7.9538455	44.889004	79.3	-60.0	702.9231	1.7296387	10.264639	28.10809	-54.73717	40000	-1.4901161e-08	94.08439	-0.016245972	-29.843466	0.75694674	0.015401629	0.10771077	19.0	106.34370803833008
4	20.882051	40.175407	68.5	-53.333332	723.53845	2.0932207	10.606785	27.07656	-56.060345	50000	-9.934108e-09	85.74027	-0.0085054	-28.99784	0.75272894	0.015146094	0.086508654	8.0	129.35298013687134
5	14.807693	44.510662	83.8	-53.333332	702.9231	3.0879114	8.392896	25.613844	-55.446625	60000	1.9868216e-08	80.83905	-0.010981967	-19.111347	0.76405984	0.015948823	0.087408744	12.0	156.20615696907043
6	19.183332	48.390724	91.9	-60.0	665.7857	2.5521445	8.633279	26.921707	-50.12087	70000	-1.2417635e-09	69.46444	-0.012680579	-20.433565	0.75824	0.015306179	0.09250925	13.0	180.18568873405457
7	34.79778	37.51415	95.5	-20.0	612.26666	2.2485745	9.199876	26.791164	-56.221287	80000	1.8626451e-08	76.34122	-0.011106179	-24.703598	0.7185168	0.015582426	0.10111011	14.0	206.4485342502594
8	29.704445	42.073734	88.3	-26.666666	632.26666	3.0528045	9.6743355	26.656504	-51.626385	90000	-2.483527e-09	86.96439	-0.009820222	-22.48652	0.7537391	0.015396443	0.10941094	11.0	231.23468017578125
9	20.657778	50.847622	89.2	-60.0	575.93335	1.9211723	9.461179	25.917315	-56.211555	100000	-2.9802322e-08	99.81899	-0.02088531	-28.67605	0.7391606	0.0151597345	0.12601261	29.0	257.6433231830597
10	23.246668	45.22325	92.8	-33.333332	590.6667	0.6381894	9.745641	25.1974	-53.084656	110000	-1.4901161e-08	113.44244	-0.013783655	-29.195005	0.7518914	0.015793823	0.097009696	13.0	280.8817799091339
11	15.911904	38.92824	86.5	-46.666668	674.0	1.2473317	9.400594	25.63015	-64.50751	120000	2.5456151e-08	92.84733	-0.013158255	-27.602463	0.7451143	0.015808266	0.09680968	15.0	306.29142594337463
12	9.582223	40.662487	84.7	-46.666668	617.4667	0.7297994	10.195496	29.710934	-60.66171	130000	-6.829699e-09	97.577736	-0.013396636	-35.95558	0.76229143	0.01501589	0.10441044	13.0	330.45193243026733
13	10.262222	46.070045	82.0	-46.666668	631.8	-0.7303071	9.20293	23.497261	-50.519516	140000	-5.8983765e-09	99.08011	-0.012705825	-25.293188	0.7498622	0.015094335	0.08890889	16.0	357.4609885215759
14	17.653334	50.232574	95.5	-53.333332	586.2	0.24393907	8.732397	25.901709	-52.775097	150000	-2.483527e-09	111.47858	-0.011725116	-28.353256	0.723043	0.015886584	0.09830984	10.0	381.7618341445923
15	2.9215698	55.77797	92.8	-66.666664	531.35297	-0.43063238	10.43611	25.08198	-55.4684	160000	-4.967054e-09	133.18842	-0.01798251	-33.26424	0.7268274	0.015152551	0.122112215	21.0	407.5810031890869
16	9.714286	39.70096	75.7	-53.333332	666.7857	-0.15480725	10.371433	26.101364	-53.810177	170000	1.2417634e-08	97.083824	-0.012317969	-26.55852	0.69293374	0.015230845	0.104610465	11.0	432.3407208919525
17	2.8833344	51.205982	88.3	-66.666664	662.2143	0.4528573	9.977422	25.449371	-63.314083	180000	7.450581e-09	88.42666	-0.01637552	-26.755617	0.71207124	0.015172191	0.10771077	26.0	458.94995760917664
18	23.675558	44.483135	93.7	-53.333332	614.13336	0.26870212	8.738584	25.325686	-56.720154	190000	-6.2088173e-10	123.110466	-0.021659875	-56.14198	0.6796682	0.015235684	0.12221221	37.0	482.94502425193787
19	16.976192	45.17905	89.2	-53.333332	673.7143	1.0819166	10.374385	25.915201	-59.567158	200000	2.173086e-08	109.10198	-0.012269561	-41.439846	0.6666904	0.015968043	0.09480948	12.0	509.7477900981903
20	19.40476	39.319218	90.1	-46.666668	689.6429	1.1264689	9.256713	24.53012	-61.64645	210000	3.7252903e-09	118.02372	-0.01933596	-33.582676	0.66500837	0.015070205	0.12291229	41.0	536.9365558624268
21	7.3694444	44.48276	72.1	-46.666668	661.9167	1.3435255	9.374139	27.072315	-63.932533	220000	1.4901161e-08	94.07855	-0.013817822	-25.614569	0.6732928	0.0152076185	0.10271027	19.0	561.8522107601166
22	24.57778	45.61751	97.3	-46.666668	591.93335	0.5136498	10.2987175	26.596264	-59.47185	230000	2.483527e-09	89.49239	-0.014363691	-22.688631	0.6780732	0.015578528	0.10831084	16.0	586.4839549064636
23	20.586666	39.011395	85.6	-33.333332	611.93335	1.2716138	10.455111	28.712378	-57.910145	240000	-4.967054e-09	83.732994	-0.010029699	-23.87799	0.6808756	0.015268079	0.08710871	9.0	610.1416783332825
24	0.13333392	51.087246	97.3	-86.666664	601.25	0.8915463	9.398009	23.617985	-55.26644	250000	-2.1109978e-08	151.44298	-0.012157317	-63.004456	0.6679037	0.015112159	0.0890089	9.0	633.6726293563843
25	16.75641	45.27894	88.3	-46.666668	729.0769	1.1999038	10.477719	27.002937	-64.16543	260000	-1.3659398e-08	95.92249	-0.014188143	-41.107376	0.6574878	0.015156063	0.10251025	15.0	659.646203994751
26	19.384615	38.57051	80.2	-46.666668	708.8461	2.2904823	9.85304	28.926132	-42.902493	270000	1.1796753e-08	83.08492	-0.015533467	-26.376099	0.6543221	0.015394614	0.10081008	18.0	683.3021841049194
27	13.316667	44.350437	83.8	-73.333336	646.7143	2.4939556	9.589963	28.61239	-55.695652	280000	-1.4901161e-08	90.08081	-0.014031165	-27.220047	0.6641303	0.015385202	0.09570957	17.0	708.8838951587677
28	18.348717	41.039295	66.7	-73.333336	641.3077	1.0814552	8.415318	25.644987	-60.74683	290000	0.0	79.4298	-0.012877616	-23.211884	0.65873605	0.015506667	0.119511954	11.0	731.5480196475983
29	16.061111	37.210346	67.0	-46.666668	777.4167	2.509993	7.9506164	24.278408	-53.38967	300000	-1.9868216e-08	70.12029	-0.011824873	-18.346182	0.66475296	0.01543298	0.09920993	13.0	756.167154788971
30	22.619999	45.409733	80.2	-60.0	618.0	2.1309166	8.52682	25.790157	-55.020184	310000	-1.6142925e-08	100.17981	-0.013457824	-26.08832	0.6653246	0.015228004	0.096209615	16.0	779.5902564525604
31	7.976923	31.027248	80.2	-40.0	715.2308	1.2447824	10.364604	25.76476	-67.09428	320000	0.0	80.68296	-0.011531825	-25.876837	0.66018015	0.015461651	0.1020102	12.0	804.6254062652588
32	23.77857	43.60607	87.4	-46.666668	662.7143	1.0208608	9.807419	30.861172	-62.597336	330000	1.4901161e-08	89.91665	-0.015688904	-24.374949	0.65856427	0.015461479	0.11651165	17.0	827.7633879184723
33	17.079489	32.609028	83.8	-26.666666	723.6923	2.5848703	9.712758	27.541367	-56.72973	340000	1.2417635e-09	79.109375	-0.015324853	-22.298166	0.65602785	0.0154925585	0.10561056	16.0	852.6332986354828
34	35.87857	35.099678	92.8	-26.666666	695.0	1.2176297	10.348825	28.548567	-58.049057	350000	2.483527e-09	94.747246	-0.013153784	-38.908184	0.6427743	0.015139659	0.10051005	14.0	877.0643758773804
35	12.142425	31.301577	61.0	-46.666668	740.7273	3.4580941	8.30336	32.18639	-47.307743	360000	8.692344e-09	77.76029	-0.012505266	-28.028334	0.65550244	0.015369333	0.109210916	14.0	901.257550239563
36	25.23077	35.888504	80.2	-40.0	711.9231	2.6877034	9.241683	28.79852	-54.274147	370000	1.8626451e-08	89.9101	-0.011095214	-27.44483	0.6810236	0.015661104	0.08540854	13.0	924.6784937381744
37	20.522223	36.775867	85.0	-33.333332	705.5833	2.3590884	8.465863	24.952192	-59.653736	380000	1.2417634e-08	68.963295	-0.0097236475	-17.69264	0.62998086	0.015026588	0.081108116	11.0	949.4660322666168
38	28.490479	46.003185	88.3	-46.666668	697.7857	1.6768746	8.971367	25.389849	-43.408222	390000	6.208817e-09	77.15583	-0.01330997	-26.962646	0.6530563	0.015142578	0.120112024	16.0	973.588746547699
39	19.050001	42.002148	85.6	-53.333332	689.7857	2.7759674	9.211284	27.002167	-50.594955	400000	0.0	111.43842	-0.017210178	-28.24118	0.648591	0.015195605	0.10751075	22.0	999.5554449558258
40	14.139395	44.36979	82.0	-86.666664	731.4545	2.0101337	7.951783	27.861643	-56.423256	410000	8.12967e-09	105.82278	-0.011945217	-18.531876	0.6498605	0.015268915	0.09960996	13.0	1021.3974578380585
41	35.335716	37.41768	94.6	-40.0	684.4286	2.0676756	9.034496	29.845953	-46.403408	420000	4.967054e-09	74.94078	-0.010352302	-20.489153	0.6534879	0.015221503	0.09980998	10.0	1046.7140872478485
42	28.876923	33.247314	92.8	-26.666666	728.46155	3.7029762	8.375047	29.30954	-42.979256	430000	2.483527e-09	103.86356	-0.012813556	-40.080822	0.63559806	0.015295704	0.09600959	15.0	1070.4443063735962
43	8.692858	39.307243	88.3	-46.666668	672.5	3.1430442	10.148223	31.670568	-60.663933	440000	-2.4835268e-08	108.52399	-0.011126276	-32.581997	0.6526423	0.0152409235	0.10531054	12.0	1095.9416327476501
44	34.144447	40.38022	86.5	-33.333332	634.5333	-0.26046363	11.359474	27.781734	-68.0627	450000	6.2088173e-10	83.126625	-0.013472182	-32.650402	0.65418696	0.015199381	0.09920993	16.0	1121.1313710212708
45	20.088888	36.27484	70.0	-40.0	787.0833	3.628967	9.593956	27.069998	-62.427208	460000	0.0	70.38923	-0.008476518	-14.474804	0.62769526	0.015757697	0.07330733	8.0	1145.5007438659668
46	40.282223	40.208546	85.0	-46.666668	652.5333	1.7875683	10.379643	27.451881	-58.82611	470000	-3.1044085e-09	83.95436	-0.010958889	-18.983307	0.6470558	0.015404742	0.09860986	13.0	1171.393872976303
47	36.456413	33.739178	90.1	-20.0	710.8461	3.4390163	9.289514	27.812397	-52.772015	480000	3.7252903e-09	122.52091	-0.007922734	-34.800884	0.64720607	0.015830798	0.10081008	8.0	1196.8259117603302
48	25.210257	42.71693	79.3	-60.0	644.38464	2.4909215	8.938447	27.93201	-60.142487	490000	-1.7384687e-08	97.61713	-0.016956545	-34.11973	0.6331405	0.01600833	0.1231123	31.0	1220.8453495502472
49	29.319048	40.825146	94.0	-33.333332	672.9286	1.5324616	9.801764	27.683271	-51.269047	500000	-9.934108e-09	78.414825	-0.014083735	-21.764517	0.67785186	0.015487379	0.100610055	17.0	1245.5005371570587
50	11.107692	37.226715	85.0	-53.333332	708.38464	3.0053146	9.430391	27.102606	-49.23589	510000	7.450581e-09	117.18988	-0.019693432	-31.782524	0.6965973	0.015141416	0.11361136	28.0	1269.041978597641
51	30.41905	37.434917	88.3	-40.0	664.5714	1.4545904	9.613353	27.106678	-50.005013	520000	-9.235616e-09	101.12885	-0.01407425	-43.446762	0.67183113	0.0153647065	0.088408835	16.0	1293.873931646347
52	35.20238	42.43403	85.0	-40.0	669.7143	2.9958522	8.863293	26.653656	-54.56544	530000	1.2417635e-09	71.20631	-0.015259367	-21.584314	0.6988349	0.015423305	0.10411041	20.0	1319.3923103809357
53	7.6692305	44.40389	72.1	-53.333332	685.6923	3.4768095	9.361042	24.695637	-51.422356	540000	-1.3659398e-08	120.26806	-0.012916676	-45.60173	0.6860966	0.015765468	0.102110215	12.0	1339.7237894535065
54	20.994873	41.64967	93.7	-40.0	703.8461	1.6303613	8.952561	25.531078	-44.428986	550000	1.7113052e-08	92.06763	-0.011636605	-29.893988	0.6865148	0.01570784	0.10161016	10.0	1361.9214313030243
55	24.74889	43.685863	94.6	-53.333332	604.86664	1.4377006	9.1091	26.678757	-52.35761	560000	1.1331092e-08	94.61395	-0.011398007	-28.21992	0.70098144	0.01538603	0.07850785	10.0	1386.478443622589
56	25.24	45.559845	96.4	-60.0	595.6667	1.3200943	9.261106	23.539232	-48.776733	570000	-3.7252903e-09	98.83912	-0.012380498	-23.230688	0.6934226	0.015806481	0.1190119	11.0	1408.7356021404266
57	26.606667	48.41749	94.6	-46.666668	609.6667	1.1890417	10.16474	28.774475	-59.483135	580000	-1.7384687e-08	85.257195	-0.009830721	-15.054573	0.6985473	0.016015476	0.10081008	9.0	1435.8645558357239
58	20.243591	39.668232	73.9	-46.666668	729.61536	2.6217666	9.483653	27.414349	-56.75044	590000	8.692344e-09	89.822235	-0.014262891	-20.54554	0.68174577	0.015441533	0.101910196	17.0	1458.9532594680786
59	21.835554	42.351936	86.5	-53.333332	633.93335	1.9554794	9.216104	24.29197	-55.535442	600000	-1.4901161e-08	72.18264	-0.011385749	-18.72692	0.6961768	0.015978256	0.09440944	9.0	1485.179047346115
60	23.269047	38.163464	80.2	-46.666668	684.7143	2.1245148	9.361879	28.380974	-58.96598	610000	-1.8626451e-09	70.92834	-0.009233209	-18.508448	0.6882293	0.015184502	0.09560955	10.0	1509.8469388484955
61	28.021433	36.759563	88.3	-40.0	671.7857	2.145795	9.090862	26.119425	-48.27085	620000	3.7252903e-09	99.872444	-0.010936198	-26.48725	0.67844874	0.015148044	0.102810286	14.0	1535.0217595100403
62	15.716666	46.338074	93.7	-60.0	637.7143	2.427915	10.67399	26.689957	-61.476524	630000	9.002785e-09	113.91735	-0.015038441	-46.512024	0.6841853	0.015115415	0.09850985	20.0	1558.4395878314972
63	27.052382	37.494217	84.7	-33.333332	674.6429	0.069787	11.122487	26.97252	-59.047226	640000	9.934108e-09	88.374275	-0.011741184	-33.19774	0.6650149	0.015080276	0.08140814	14.0	1586.1359648704529
64	27.997437	40.02006	82.0	-33.333332	730.1539	3.7079864	8.543251	24.996578	-49.464462	650000	-4.1909516e-09	100.774506	-0.011410907	-37.79719	0.6902259	0.01558999	0.10141014	11.0	1610.3251702785492
65	32.352383	37.965286	82.0	-40.0	685.1429	2.5862458	9.001119	25.94233	-43.60833	660000	3.7252903e-09	72.27671	-0.008998736	-24.916586	0.67528254	0.015801383	0.087408744	8.0	1636.6964344978333
66	22.266666	42.252262	69.4	-46.666668	641.6	1.8517898	9.121359	26.440851	-51.138683	670000	-1.1796753e-08	87.47158	-0.009300756	-24.73643	0.6787532	0.015538306	0.080208026	9.0	1661.2839679718018
67	22.033333	50.90151	91.9	-60.0	630.6	0.91780406	9.149649	25.311243	-57.734566	680000	-1.9868216e-08	105.36187	-0.011201751	-32.66502	0.6776951	0.015381239	0.086608656	12.0	1685.9266686439514
68	41.70667	39.38698	94.6	-33.333332	595.5333	0.7475622	9.121376	25.514551	-46.839455	690000	1.0516184e-08	100.15527	-0.013310869	-51.51881	0.6720721	0.015393589	0.11041105	13.0	1709.137103319168
69	24.220512	48.266968	85.0	-60.0	602.46155	3.1712377	7.8643074	27.994225	-38.145782	700000	2.483527e-09	123.86709	-0.0159718	-47.90923	0.6664208	0.015467852	0.111711174	18.0	1733.2495765686035
70	25.519047	42.037216	92.8	-60.0	666.5	1.8753827	10.537217	34.965004	-49.874634	710000	3.7252903e-09	93.00521	-0.009495878	-23.309835	0.7006368	0.016323822	0.09620962	7.0	1757.1324105262756
71	26.30278	37.615784	76.0	-26.666666	774.0833	3.7569575	9.407603	26.962273	-61.589207	720000	2.1109978e-08	101.20856	-0.008480814	-32.95396	0.658562	0.015120019	0.0810081	10.0	1781.0899820327759
72	30.342222	46.394375	91.9	-40.0	641.06665	2.2150326	8.378339	26.219912	-50.827305	730000	1.7384687e-08	109.45121	-0.022910058	-41.171204	0.6610469	0.015029614	0.12851286	38.0	1808.2980682849884
73	31.611906	42.294434	91.0	-40.0	698.0	2.600696	9.601642	27.632393	-62.371647	740000	-6.208817e-09	96.38305	-0.01070265	-30.866552	0.64915377	0.015615641	0.097909786	13.0	1834.9401338100433
74	11.905128	40.6578	82.0	-53.333332	716.6923	3.0237262	9.199051	26.237867	-52.64254	750000	9.934108e-09	80.44759	-0.011308682	-25.105417	0.65848476	0.015994675	0.09730973	12.0	1857.915652513504
75	27.302382	40.00152	92.8	-40.0	675.8571	1.3211522	9.334553	27.70776	-62.2199	760000	-2.4835268e-08	92.96702	-0.00832093	-32.33994	0.67120314	0.015373628	0.086708665	9.0	1884.2713372707367
76	22.820002	46.032127	94.6	-53.333332	612.6	2.432428	10.205668	29.627455	-65.77446	770000	-8.692344e-09	110.96472	-0.012795701	-36.18774	0.68024874	0.015277977	0.10011002	14.0	1908.12557387352
77	21.54889	46.180946	91.9	-40.0	604.06665	0.9924814	9.4535055	30.375324	-60.865227	780000	-3.1044085e-09	112.32328	-0.015708119	-38.22694	0.673377	0.015325653	0.110011004	16.0	1934.3410136699677
78	16.800001	40.50744	84.7	-46.666668	660.7857	1.2514379	10.22349	25.983292	-55.97536	790000	-1.2417634e-08	95.00491	-0.011258033	-24.004324	0.6578879	0.015431012	0.0840084	13.0	1957.1841773986816
79	14.580953	38.68864	73.0	-46.666668	661.2143	1.3516212	10.129692	32.452335	-60.7851	800000	1.1175871e-08	89.10612	-0.012908635	-29.269674	0.68227124	0.015167297	0.10111011	13.0	1983.4899082183838
80	22.958334	49.27177	96.4	-60.0	572.3125	0.6630452	9.236752	25.533789	-54.902966	810000	7.450581e-09	120.20335	-0.015767537	-42.796703	0.7131875	0.015355329	0.11481148	16.0	2008.343474149704
81	21.915556	44.94558	91.9	-46.666668	618.8	1.6443393	9.513186	29.371504	-57.81074	820000	1.3737008e-08	113.5344	-0.017757861	-29.427958	0.66644806	0.015145932	0.12781279	25.0	2032.8448703289032
82	20.34	43.372154	93.7	-46.666668	615.4667	2.073298	8.827637	30.890854	-42.34587	830000	1.5832484e-08	136.39787	-0.011352413	-53.815918	0.6652317	0.0164141	0.08260826	8.0	2058.4442245960236
83	18.662224	46.13005	82.9	-53.333332	613.13336	1.5098293	9.5721245	37.598988	-58.55086	840000	-8.2266824e-09	120.748726	-0.012031209	-42.534283	0.6777174	0.015803488	0.10621062	9.0	2081.0941214561462
84	17.128572	39.03011	81.1	-40.0	640.7857	1.8145858	8.727674	24.513947	-54.64183	850000	-3.1044085e-09	102.27915	-0.012559742	-47.383953	0.680659	0.0153743625	0.103710376	13.0	2106.075968980789
85	35.186665	40.676163	96.4	-40.0	627.06665	0.3723611	10.27822	30.168829	-55.54228	860000	1.0554989e-08	80.97357	-0.01011111	-33.030167	0.65255725	0.015255484	0.07480749	10.0	2130.7484662532806
86	21.75111	40.31196	85.6	-40.0	655.5333	2.192585	9.295289	27.514894	-38.703846	870000	4.0357313e-09	87.063385	-0.015474913	-30.718216	0.6592077	0.015034873	0.1080108	18.0	2156.9140751361847
87	33.138096	45.954533	90.1	-53.333332	679.9286	1.7500865	8.394912	25.884918	-41.595734	880000	6.2088173e-10	64.715385	-0.015194319	-26.267237	0.67699116	0.015190835	0.11361136	18.0	2182.440938949585
88	21.57619	43.103878	89.2	-53.333332	658.5	2.8534923	10.108378	27.0463	-43.13767	890000	-4.967054e-09	116.61029	-0.01096853	-41.67587	0.685924	0.015063353	0.0930093	11.0	2206.6691749095917
89	26.524445	43.77162	86.5	-53.333332	626.2	1.1285524	9.228763	28.480213	-39.932957	900000	5.8983765e-09	93.3711	-0.012551305	-27.420502	0.6627849	0.0155116925	0.09220922	12.0	2231.1660788059235
90	32.645237	39.652504	87.4	-33.333332	674.6429	2.125353	9.693497	27.643038	-48.274055	910000	6.208817e-09	84.978516	-0.014629723	-26.672623	0.6633598	0.015193353	0.10861086	19.0	2255.9906842708588
91	16.306665	47.780006	93.7	-60.0	634.4667	1.6992005	10.403753	26.856041	-53.578278	920000	-6.2088173e-10	132.17819	-0.011095491	-50.266193	0.66385496	0.015042498	0.09160916	14.0	2282.53054022789
92	10.28718	43.923233	82.9	-46.666668	582.0	-0.18280901	8.577941	28.475506	-42.428177	930000	1.2417634e-08	106.36335	-0.016022721	-31.718565	0.65777606	0.015082822	0.10141014	16.0	2305.3478710651398
93	24.50769	47.19997	84.7	-66.666664	643.8461	0.047542803	9.182696	27.461943	-43.71303	940000	-9.313226e-09	88.69767	-0.015549657	-34.195263	0.6510821	0.015220225	0.117911786	17.0	2331.7396335601807
94	25.769047	36.453815	83.8	-33.333332	689.8571	1.2388802	11.100839	27.088522	-56.372925	950000	1.4280279e-08	74.264656	-0.010826114	-29.9383	0.65639925	0.01567035	0.09160916	11.0	2356.803550004959
95	29.824446	41.657936	86.5	-46.666668	641.6667	0.9644052	9.529812	25.82584	-46.432102	960000	3.1044087e-10	71.2475	-0.01582175	-21.515192	0.6396392	0.01512324	0.10201021	23.0	2382.2886443138123
96	27.238094	44.854397	94.6	-46.666668	667.1429	1.5133783	10.467157	26.879963	-59.968784	970000	9.934108e-09	71.45742	-0.016673462	-14.593051	0.6248136	0.015100163	0.10971097	22.0	2405.8449704647064
97	25.204445	46.983055	95.5	-40.0	614.6667	0.61975545	11.993621	35.147923	-55.513107	980000	0.0	114.73153	-0.012014494	-47.431034	0.62332577	0.015675334	0.10491049	15.0	2429.839422941208
98	36.93111	48.224762	90.1	-60.0	630.0	1.6933209	8.708583	25.831158	-42.90687	990000	4.967054e-09	87.02947	-0.011483978	-28.312994	0.6173933	0.0151650505	0.09740973	12.0	2455.5322046279907
99	35.753334	44.103725	94.6	-20.0	628.3333	2.5377593	9.524942	29.344625	-40.93346	1000000	7.450581e-09	89.64048	-0.011678976	-24.858118	0.62349325	0.015013464	0.10771077	11.0	2480.3328511714935
100	25.806667	38.423325	78.4	-40.0	647.4	3.5123026	9.337417	27.827486	-47.59117	1010000	2.4059166e-09	93.95953	-0.012240243	-27.529053	0.6093721	0.015386596	0.09120912	12.0	2506.015835762024
101	13.752777	39.77143	85.6	-40.0	685.1667	2.581108	8.782706	30.612719	-56.49862	1020000	-2.483527e-09	99.27093	-0.011710889	-23.300913	0.603206	0.015375994	0.083808385	13.0	2529.83997631073
102	29.916668	38.35273	91.0	-26.666666	681.0714	1.7212571	9.292404	33.629555	-54.659367	1030000	2.6077032e-08	85.912506	-0.014141411	-28.984705	0.6269768	0.015333772	0.10021002	15.0	2554.8524293899536
103	40.192852	35.401493	97.0	-20.0	682.4286	3.117538	8.763669	26.167028	-52.86411	1040000	-4.967054e-09	97.71198	-0.011720188	-27.797102	0.6342353	0.016077302	0.08960897	12.0	2579.7756690979004
104	34.83095	38.94887	90.1	-33.333332	651.0	3.4613419	8.959824	25.559082	-51.145554	1050000	-1.7384687e-08	102.19918	-0.011063491	-33.962383	0.61537224	0.015174278	0.10601059	9.0	2604.339829683304
105	27.414286	38.77571	79.0	-20.0	659.7857	4.218325	10.050278	28.861864	-53.335808	1060000	2.483527e-09	96.3316	-0.023132378	-28.205542	0.62303406	0.0150147425	0.14331433	61.0	2630.498165369034
106	29.49762	36.472725	81.1	-46.666668	670.0714	3.0703552	8.791811	28.208038	-45.7204	1070000	3.5700698e-08	68.87659	-0.022597322	-17.238905	0.62498164	0.015061282	0.118511856	45.0	2655.0393409729004
107	16.633333	51.99979	84.7	-93.333336	613.5	2.3876393	10.543051	30.912136	-49.39098	1080000	6.5968684e-09	108.87646	-0.01198103	-35.533966	0.60596824	0.015777783	0.09470948	10.0	2682.8361909389496
108	17.238096	46.711456	91.9	-40.0	665.0	2.2186697	9.104648	26.868254	-43.829147	1090000	-6.208817e-09	116.11501	-0.016272714	-37.616993	0.60515064	0.015053888	0.11451145	23.0	2708.0656962394714
109	32.653336	36.17451	95.5	-20.0	624.6	1.0780301	9.667527	29.100422	-50.96299	1100000	-1.4901161e-08	65.71715	-0.013900522	-23.07637	0.5972534	0.015771523	0.09850985	18.0	2732.8472821712494
110	33.00238	41.374752	91.9	-40.0	674.1429	2.7663417	9.389124	29.729256	-53.59955	1110000	2.483527e-09	93.72166	-0.010875656	-20.527893	0.60985166	0.01564355	0.083808385	11.0	2759.5637469291687
111	36.77381	31.25618	85.6	-13.333333	676.7143	3.2027545	9.442246	26.197178	-46.566322	1120000	1.2417634e-08	122.082306	-0.012095044	-34.353256	0.61464924	0.015068632	0.10051005	13.0	2783.7276396751404
112	28.764444	38.93599	84.7	-40.0	629.06665	2.408527	9.21315	26.978617	-56.961235	1130000	-1.3659398e-08	86.599144	-0.01655383	-25.952616	0.61338854	0.015193016	0.10961095	24.0	2810.532828092575
113	22.961905	37.625824	82.9	-33.333332	672.3571	1.9315076	8.959871	26.873816	-48.924213	1140000	1.9557774e-08	97.68976	-0.011591616	-24.191381	0.61190015	0.015159123	0.09860986	12.0	2834.4308276176453
114	39.28889	35.666252	91.9	-20.0	626.6	1.0169375	8.23924	26.63172	-43.77059	1150000	-3.7252903e-09	109.48004	-0.014313574	-37.82369	0.6009775	0.015069507	0.11061106	20.0	2862.6210639476776
115	19.861906	40.146458	92.8	-53.333332	683.5714	3.000543	10.928246	30.362986	-56.289707	1160000	-1.1796753e-08	84.82766	-0.01900571	-27.317492	0.601795	0.015086293	0.11721172	30.0	2887.2992553710938
116	18.807692	39.88497	82.0	-53.333332	731.2308	1.8971734	9.639638	26.316679	-51.17022	1170000	1.2650465e-08	119.66003	-0.0111425705	-27.917452	0.6108511	0.015312709	0.08540854	11.0	2910.4583377838135
117	18.82745	49.81284	77.5	-93.333336	570.05884	1.9474373	10.234937	29.684391	-60.125076	1180000	4.967054e-09	142.72922	-0.020176083	-54.90451	0.6305738	0.015244796	0.120512046	23.0	2936.7816591262817
118	30.47111	42.48158	88.0	-33.333332	599.3333	1.724916	9.247677	24.875921	-62.769764	1190000	1.27280755e-08	120.77195	-0.010533121	-42.31901	0.6040115	0.015410681	0.09110912	8.0	2961.6659586429596
119	35.4	39.03216	86.5	-33.333332	625.26666	2.1292179	9.604965	26.336023	-65.06601	1200000	-1.27280755e-08	98.245125	-0.009265459	-28.518229	0.6021004	0.015216097	0.08970898	12.0	2989.2204287052155
120	29.930769	30.9143	97.3	-13.333333	727.9231	3.3602371	9.136607	25.378828	-45.875	1210000	7.761021e-09	102.33071	-0.008485293	-32.64974	0.57667905	0.016331442	0.07730773	10.0	3014.339987754822
121	42.32889	43.33779	91.9	-46.666668	647.06665	2.6883483	10.03789	28.242853	-66.68721	1220000	-1.1175871e-08	88.22422	-0.010837701	-27.769487	0.60739976	0.015189501	0.10651065	13.0	3040.721181154251
122	26.92619	34.39408	82.0	-13.333333	673.6429	3.1452155	9.600128	29.134964	-55.140053	1230000	6.208817e-09	110.855	-0.0124089895	-33.748535	0.588327	0.01612019	0.09120911	13.0	3064.812932252884
123	27.240477	40.50321	91.0	-33.333332	676.2857	2.6615186	9.937711	27.08737	-57.61289	1240000	3.1044085e-09	92.60433	-0.010981488	-19.803362	0.5891281	0.015029519	0.097009696	13.0	3090.603238582611
124	28.141668	39.873825	73.9	-60.0	674.0	2.7767901	9.2406845	25.165209	-61.601448	1250000	-6.829699e-09	82.68076	-0.009636924	-25.665604	0.58963513	0.015326959	0.10291029	12.0	3113.1363513469696
125	43.4	39.295975	91.0	-26.666666	634.8	1.6584009	9.193612	26.196789	-55.426105	1260000	-1.086543e-08	102.067024	-0.014767437	-34.38472	0.57079697	0.01582831	0.10231023	17.0	3140.258364677429
126	26.49524	32.51382	82.0	-33.333332	680.6429	3.5874553	8.911175	27.344654	-49.54131	1270000	-1.0554989e-08	106.74383	-0.010960616	-31.413877	0.5831	0.0151860295	0.082108214	13.0	3165.3641624450684
127	22.704445	40.740215	96.4	-40.0	644.2	2.2318165	10.373109	28.81831	-60.179127	1280000	-6.208817e-09	118.58344	-0.010055654	-32.055943	0.57042724	0.015277299	0.08870887	12.0	3191.680023431778
128	21.466667	46.3834	83.8	-53.333332	610.06665	0.9297124	10.849893	28.710953	-59.926533	1290000	2.4835268e-08	100.59255	-0.012818344	-33.55264	0.5995956	0.015133049	0.108210824	14.0	3214.927541732788
129	20.188887	42.330452	88.3	-40.0	641.6	1.2111225	9.873284	28.665365	-54.383797	1300000	-2.483527e-09	100.989815	-0.013649616	-27.50608	0.59116566	0.0152063845	0.10231023	17.0	3240.5880036354065
130	24.626667	42.7833	93.7	-46.666668	606.73334	1.7343459	10.748632	26.99462	-61.995644	1310000	-1.2417635e-09	119.420845	-0.013040776	-27.853266	0.57273954	0.015963973	0.0940094	13.0	3264.7459466457367
131	31.955557	40.36873	91.9	-46.666668	618.13336	0.8092571	10.230593	28.528305	-49.146088	1320000	-1.2417635e-09	94.12664	-0.01712287	-20.853228	0.5627908	0.015002479	0.101910196	29.0	3289.790314435959
132	31.009525	39.33215	91.9	-46.666668	689.2143	2.6662314	9.498715	33.345505	-51.93289	1330000	-2.2972623e-08	57.976772	-0.0122414855	-14.21227	0.5639663	0.015081488	0.086608656	17.0	3316.7612504959106
133	26.295557	42.92179	91.9	-60.0	630.73334	3.3505013	9.217139	30.850124	-54.84511	1340000	0.0	87.35526	-0.009992837	-26.466284	0.5907595	0.016007213	0.0930093	11.0	3341.514268875122
134	20.669048	38.430706	73.0	-33.333332	685.0	1.4473867	9.51166	25.849047	-52.253204	1350000	-3.1044085e-09	96.49105	-0.013506069	-32.234432	0.54836446	0.015585233	0.084708475	15.0	3367.77978682518
135	29.226192	39.313427	89.2	-40.0	672.3571	2.004429	7.8064036	23.828772	-41.43157	1360000	7.450581e-09	87.571724	-0.013595794	-29.072046	0.57918674	0.015034728	0.108310826	15.0	3391.866800069809
136	33.616665	39.30662	84.7	-53.333332	672.4286	2.5620787	9.2998905	28.50075	-42.436993	1370000	-4.967054e-09	79.95758	-0.010318532	-20.500832	0.5649569	0.015452112	0.09380937	11.0	3416.075166463852
137	25.628206	41.2494	89.2	-26.666666	635.2308	2.4052818	9.567678	27.857449	-50.407356	1380000	-2.4835268e-08	92.43095	-0.013155946	-30.460007	0.5626872	0.015346316	0.10451045	18.0	3442.983213663101
138	30.604761	36.78385	93.7	-33.333332	647.4286	1.6935698	9.496262	27.670359	-51.68543	1390000	4.811833e-09	74.27173	-0.014118698	-32.961765	0.5921808	0.01503894	0.0980098	18.0	3467.39537358284
139	38.67111	39.818092	89.2	-33.333332	619.73334	2.4996426	8.795251	28.383871	-39.17051	1400000	-5.5879354e-09	107.21716	-0.009571868	-37.32645	0.5815112	0.016982242	0.08160817	9.0	3491.8153002262115
140	29.952383	45.689686	88.0	-53.333332	627.5714	2.8865123	10.240382	30.201326	-59.34075	1410000	0.0	123.490395	-0.014680032	-25.701643	0.5644396	0.01514484	0.09230923	20.0	3514.9973545074463
141	24.87381	40.861244	91.0	-40.0	673.6429	2.8705795	10.492109	29.483566	-63.11069	1420000	-9.313226e-10	80.50553	-0.015117067	-22.353958	0.5773882	0.015278727	0.10061007	22.0	3539.1437470912933
142	16.166668	53.022964	83.8	-93.333336	579.125	3.327924	11.083502	32.435493	-56.53182	1430000	7.450581e-09	134.55154	-0.013814803	-54.9033	0.62042207	0.015182267	0.100610055	14.0	3564.678785800934
143	28.854763	45.479027	89.2	-60.0	641.5	2.0311863	9.048465	27.238684	-43.1704	1440000	0.0	86.73721	-0.009142931	-30.82724	0.58263415	0.015591432	0.07490749	9.0	3586.7581119537354
144	35.033333	35.797974	86.5	-20.0	637.3333	2.597117	8.801962	27.610481	-44.48773	1450000	8.692344e-09	110.325325	-0.009578153	-38.60782	0.59689385	0.016197398	0.08360836	9.0	3614.6290533542633
145	33.16905	39.12535	91.9	-33.333332	645.2143	2.1813354	10.111781	27.280962	-57.123417	1460000	2.483527e-09	93.45249	-0.01959378	-32.542828	0.6041797	0.015106867	0.124112405	41.0	3639.9368925094604
146	23.841024	44.69693	94.6	-46.666668	717.9231	3.3946352	9.329346	30.319105	-47.790264	1470000	1.2417634e-08	72.99548	-0.012374848	-22.84697	0.57135653	0.015754998	0.10251025	13.0	3664.7188472747803
147	29.986668	44.359093	95.5	-53.333332	637.86664	3.501201	8.699118	34.17174	-43.229992	1480000	-6.208817e-09	74.18262	-0.015739478	-16.366306	0.56799173	0.015294805	0.10941094	25.0	3690.6980242729187
148	22.456411	41.485046	81.1	-60.0	711.2308	3.0788438	8.1977	27.971846	-48.439213	1490000	7.450581e-09	81.85476	-0.011066757	-25.81352	0.5893881	0.015150662	0.0890089	10.0	3716.486507177353
149	33.17857	40.425774	85.6	-40.0	643.9286	1.7521673	9.253014	27.115082	-55.84154	1500000	9.934108e-09	74.39149	-0.012657951	-20.409908	0.58495456	0.01578559	0.11661166	12.0	3739.8605132102966
150	40.353336	43.446045	91.0	-40.0	624.8	3.5794082	8.046001	25.008118	-52.649055	1510000	3.1044085e-09	82.59681	-0.009451491	-25.47696	0.5767074	0.0153201595	0.10121012	9.0	3765.820250272751
151	28.82	42.5474	87.4	-53.333332	609.6667	4.028066	9.20451	29.2458	-49.071175	1520000	1.4901161e-08	85.63941	-0.011711677	-31.526083	0.5744463	0.016319526	0.100410044	13.0	3789.861370563507
152	35.878574	41.743496	92.8	-46.666668	687.8571	3.0917776	7.888941	26.879667	-42.45815	1530000	-2.483527e-09	68.352875	-0.013204381	-16.60694	0.5688974	0.015388927	0.10621062	18.0	3814.916484117508
153	34.07381	41.49344	90.1	-40.0	690.0714	3.6252897	9.30865	27.99797	-45.17366	1540000	7.1401396e-09	61.355957	-0.010726086	-14.37574	0.5491945	0.015460056	0.094209425	14.0	3840.913799762726
154	24.428572	45.569855	89.2	-60.0	669.1429	3.9855046	8.60416	28.144613	-47.510265	1550000	6.208817e-09	70.0596	-0.009344335	-20.218493	0.57818747	0.01515131	0.078607865	9.0	3865.760487794876
155	43.244442	45.261692	91.9	-60.0	620.8	1.3885028	9.013385	28.821484	-46.594658	1560000	-9.934108e-09	72.64794	-0.0099252155	-24.160883	0.54868567	0.015901366	0.09520952	11.0	3891.9878256320953
156	32.966667	50.340633	94.0	-60.0	616.3077	2.7679436	9.952136	28.347025	-43.160305	1570000	-4.967054e-09	77.71763	-0.012385921	-20.829145	0.54612803	0.015749024	0.10361036	14.0	3918.4350624084473
157	36.302383	40.794548	85.0	-46.666668	666.0714	3.6890588	9.496341	26.939022	-43.639828	1580000	-1.9868216e-08	83.090004	-0.012528545	-29.017075	0.57696813	0.016872326	0.10341034	11.0	3941.556806564331
158	27.538889	44.602142	82.0	-46.666668	783.6667	4.6500354	8.335123	27.782494	-42.52965	1590000	1.2417634e-08	93.96332	-0.009868377	-24.958216	0.55702835	0.015123948	0.09640964	14.0	3964.1864869594574
159	41.55476	39.540134	92.8	-33.333332	688.5714	3.0444064	9.813909	26.82324	-60.467117	1600000	-1.2417635e-09	75.18474	-0.010533239	-14.600174	0.55862635	0.015986083	0.109310925	13.0	3990.4088337421417
160	38.04889	36.281178	85.6	-33.333332	648.4	3.1849055	10.5582	29.710041	-56.235992	1610000	-3.1044085e-09	63.29861	-0.011779175	-12.470191	0.5476605	0.01513854	0.09600959	12.0	4015.833948135376
161	43.195557	38.01195	91.9	-33.333332	640.4	2.3705025	10.043066	27.095955	-45.686436	1620000	-4.967054e-09	68.43699	-0.012194365	-11.438365	0.54566914	0.015257423	0.10121012	17.0	4041.9494857788086
162	21.118183	40.787205	70.0	-80.0	733.2727	5.003106	8.280742	27.834124	-44.126945	1630000	1.9868216e-08	99.0105	-0.012849782	-22.205328	0.5408278	0.015583913	0.1080108	16.0	4064.723028421402
163	27.410257	43.710674	76.0	-46.666668	709.9231	2.9426427	10.418813	27.633057	-55.70515	1640000	-1.2417635e-09	90.87638	-0.0081326505	-22.523825	0.5332385	0.015532759	0.0880088	10.0	4089.029726266861
164	34.31795	40.57146	90.1	-33.333332	730.46155	4.0959353	9.020445	28.45031	-47.970478	1650000	-2.483527e-09	64.17736	-0.0097011095	-16.530088	0.5477805	0.015847864	0.085508555	10.0	4114.975672721863
165	51.404446	30.913301	85.0	-20.0	638.13336	3.8053641	9.939136	27.56992	-51.56638	1660000	-4.967054e-09	90.26069	-0.009841184	-29.623917	0.53192145	0.015564743	0.07940794	11.0	4139.431539773941
166	35.102222	49.58636	85.6	-60.0	633.06665	4.3404536	8.793342	27.305716	-52.805912	1670000	8.692344e-09	103.10131	-0.019712562	-44.17654	0.55789584	0.015078563	0.122312225	48.0	4166.696734189987
167	40.785713	34.730515	94.6	-20.0	691.8571	3.0769665	8.6879225	28.385853	-47.190956	1680000	1.8626451e-09	100.99164	-0.008788015	-34.499012	0.5509921	0.015592341	0.076207615	8.0	4190.954288721085
168	34.220512	37.33449	91.0	-33.333332	749.1539	4.045525	9.27987	30.047077	-51.3455	1690000	2.2351742e-08	68.381065	-0.008990677	-18.95406	0.5381951	0.01646796	0.09540954	11.0	4216.970246076584
169	42.266666	37.14625	94.6	-20.0	721.46155	4.0035458	9.123323	31.306273	-46.516167	1700000	1.5522042e-08	68.449394	-0.012375993	-16.803	0.543958	0.01519758	0.09010901	18.0	4240.242142915726
170	40.26923	33.674812	79.0	-20.0	712.61536	4.6692157	9.986088	29.832989	-57.05803	1710000	-1.1098261e-08	62.931538	-0.012113191	-10.961936	0.53627324	0.015044042	0.094209425	18.0	4266.219233512878
171	39.420513	41.22491	82.0	-33.333332	717.46155	4.92241	10.1441555	33.83108	-50.178406	1720000	2.483527e-09	64.75585	-0.011645756	-13.326007	0.53549755	0.015231979	0.09640964	17.0	4291.80312871933
172	32.602222	48.816032	91.0	-60.0	622.4667	4.820994	9.3028345	29.449152	-55.356567	1730000	2.483527e-09	115.88714	-0.013817158	-47.630337	0.5384612	0.015306368	0.114111416	16.0	4317.207033872604
173	24.951284	42.454563	83.8	-53.333332	700.7692	3.135849	8.993065	27.399143	-44.019455	1740000	1.1175871e-08	101.470985	-0.012004671	-30.6481	0.53373384	0.015780646	0.10861087	15.0	4339.683686971664
174	38.43572	37.48125	84.7	-33.333332	677.6429	2.7171173	10.251299	29.174294	-56.00193	1750000	-4.967054e-09	98.56784	-0.0074831047	-32.832413	0.5166661	0.01656311	0.0690069	7.0	4364.3018918037415
175	36.87179	39.917347	85.0	-26.666666	721.0769	4.096903	10.621451	32.25564	-58.813625	1760000	7.450581e-09	64.57017	-0.015056568	-10.639694	0.52868015	0.01529378	0.09810981	29.0	4390.265091657639
176	38.779995	37.164227	90.1	-26.666666	638.26666	3.7950811	10.493115	34.890083	-60.648888	1770000	-1.0050523e-08	82.81732	-0.010214702	-21.636469	0.54280376	0.015073498	0.07790779	12.0	4415.824656248093
177	45.19762	39.761845	94.0	-40.0	668.1429	3.5083644	9.325788	35.180065	-61.4282	1780000	1.6142925e-08	79.50477	-0.009144779	-23.348276	0.54522353	0.015279726	0.10321032	11.0	4440.284414768219
178	38.09111	35.298264	88.3	-13.333333	627.0	3.5721083	10.438363	27.464003	-57.428776	1790000	-1.1175871e-08	82.54571	-0.009873485	-20.144825	0.5472863	0.015207626	0.098609865	12.0	4467.864572525024
179	44.3381	35.34782	86.5	-26.666666	675.0	2.87262	10.587796	27.00959	-53.96483	1800000	5.5879354e-09	68.412056	-0.015674166	-16.499865	0.51876605	0.015132286	0.10271027	32.0	4494.141003608704
180	38.55953	37.13176	90.1	-26.666666	676.2143	3.4541032	12.438574	30.83249	-55.337738	1810000	-2.2972623e-08	80.16398	-0.011315363	-24.120127	0.5369522	0.015023559	0.08250825	21.0	4519.290346860886
181	45.11778	33.809803	82.9	-13.333333	640.73334	2.7190573	10.685298	27.98061	-53.555523	1820000	-4.967054e-09	68.23129	-0.010357422	-19.190306	0.5493138	0.016156783	0.09430943	12.0	4545.073920249939
182	37.80714	45.224174	90.1	-33.333332	624.1429	3.7705317	10.49696	34.168507	-49.310143	1830000	-7.3729702e-09	96.76074	-0.012762065	-23.981363	0.55101436	0.015784001	0.10721072	15.0	4568.442300796509
183	39.640476	34.23799	79.3	-33.333332	672.6429	3.5932531	10.152825	31.244007	-49.210575	1840000	1.9868216e-08	83.55393	-0.015797237	-22.447365	0.52346945	0.015032978	0.09140915	34.0	4593.907251834869
184	47.824444	36.418755	86.5	-20.0	620.13336	3.6711376	10.978276	33.298534	-59.909637	1850000	-4.9282485e-09	78.15881	-0.011755161	-18.405052	0.5395208	0.015072714	0.096809685	15.0	4617.287402391434
185	51.27692	31.116858	84.7	-13.333333	720.2308	5.144451	10.207873	31.211246	-57.88024	1860000	9.934108e-09	74.28491	-0.00835617	-26.826029	0.5432119	0.015159984	0.07220722	11.0	4641.941112518311
186	40.38222	39.580917	98.2	-33.333332	637.93335	5.2737403	9.408787	33.09895	-51.584576	1870000	-1.2417634e-08	74.7196	-0.013810898	-27.591745	0.5433909	0.015118432	0.10351035	20.0	4666.402148246765
187	33.835556	38.74563	85.0	-33.333332	617.26666	3.6831956	8.737957	33.009613	-47.32319	1880000	1.3038516e-08	63.75343	-0.011393372	-18.343874	0.5553248	0.015478633	0.089008905	12.0	4690.894668102264
188	38.861904	36.344418	87.4	-20.0	644.5714	2.704846	9.012307	34.66787	-40.72374	1890000	-1.7384687e-08	87.45519	-0.012146264	-19.228039	0.54515165	0.015853958	0.08720872	15.0	4713.274004459381
189	36.306664	42.04174	91.0	-40.0	630.4667	3.5540934	9.119132	31.453196	-38.539814	1900000	-7.761021e-09	86.56324	-0.010098566	-22.333382	0.55105644	0.01559829	0.10681068	11.0	4740.264961004257
190	42.779995	34.22285	91.9	-26.666666	637.8	3.7035904	8.917491	30.51973	-42.653362	1910000	2.483527e-09	84.68258	-0.008305125	-25.091995	0.56262773	0.015405026	0.07990799	8.0	4764.834918260574
191	40.933334	33.74421	88.3	-26.666666	638.86664	3.4064956	9.194504	28.178226	-51.11257	1920000	4.967054e-09	63.52216	-0.017857099	-14.058875	0.5553594	0.0152883185	0.1190119	38.0	4789.630141496658
192	32.984444	44.291656	93.7	-60.0	600.3333	3.6377246	10.022561	33.144386	-51.88293	1930000	0.0	117.03622	-0.0123897055	-35.05568	0.5564776	0.0151615655	0.095309526	11.0	4815.050494194031
193	39.99111	45.525135	90.1	-53.333332	602.6667	2.5896795	9.066621	31.25467	-44.991047	1940000	7.450581e-09	76.43068	-0.00916968	-28.725317	0.53417706	0.015140635	0.076907694	9.0	4838.135964393616
194	31.264286	41.520855	93.7	-40.0	662.0714	3.771278	8.596075	32.773712	-37.063496	1950000	-1.8626451e-09	84.40758	-0.013623815	-23.638046	0.5567716	0.015386692	0.101910196	14.0	4862.930562257767
195	52.27333	29.142925	85.0	-13.333333	603.4667	2.5894425	8.795301	31.776684	-41.906887	1960000	-4.346172e-09	91.85001	-0.015768854	-45.153667	0.5522079	0.015480056	0.10381038	13.0	4887.485753774643
196	44.266666	41.16052	89.2	-33.333332	634.13336	3.3970246	9.21594	29.37832	-35.997925	1970000	1.6142925e-08	77.71981	-0.008075272	-28.027237	0.5593016	0.015566748	0.088508844	7.0	4914.065702915192
197	39.613335	36.31654	89.2	-26.666666	630.5333	3.2403152	10.701173	28.36167	-51.07932	1980000	6.208817e-09	91.4692	-0.016747994	-23.87226	0.5349547	0.015045221	0.11161116	30.0	4939.524599790573
198	41.32292	42.569393	99.1	-33.333332	590.0625	2.677218	10.819993	30.630041	-55.71752	1990000	-9.934108e-09	78.91474	-0.016798416	-19.228537	0.54193944	0.015137109	0.11451145	23.0	4964.609576702118
199	43.88	35.90175	86.5	-26.666666	634.0	4.3014827	10.187332	28.982113	-54.99481	2000000	-9.934108e-09	62.701595	-0.012830594	-16.109385	0.5473472	0.015148405	0.09150914	18.0	4989.1001970767975
200	36.657143	33.71797	88.3	-26.666666	678.4286	3.9665902	9.104598	34.35265	-42.775093	2010000	3.7252903e-09	83.45873	-0.013018876	-20.892385	0.5373784	0.0152159305	0.08890889	17.0	5012.923147678375
201	41.416668	40.478962	85.6	-33.333332	687.8571	3.0580776	10.068752	30.332762	-54.977623	2020000	1.3038516e-08	75.81017	-0.009829768	-20.46119	0.55071425	0.015078091	0.08140814	14.0	5038.699410915375
202	39.140476	46.437813	94.6	-33.333332	670.3571	4.0833592	10.565734	31.9849	-57.090008	2030000	-4.967054e-09	64.84353	-0.010499957	-14.697801	0.5466147	0.015321155	0.080008	10.0	5063.155248641968
203	58.3	30.224363	96.4	-20.0	604.93335	3.8807943	9.227549	30.296711	-45.67809	2040000	4.967054e-09	67.60467	-0.012052291	-17.25873	0.5369633	0.015160918	0.08940894	16.0	5088.007526397705
204	43.435555	34.608166	90.1	-33.333332	619.0	4.614896	9.701133	34.93875	-49.745586	2050000	2.483527e-09	72.563385	-0.014359745	-19.254202	0.5337324	0.01602897	0.10341034	18.0	5114.252068519592
205	36.175552	34.62738	92.8	-33.333332	636.0	3.8855498	9.816541	32.663578	-51.899803	2060000	1.8626451e-09	73.83506	-0.009818976	-18.99976	0.5520921	0.016083807	0.083808385	8.0	5138.83038020134
206	27.033335	35.269417	88.3	-26.666666	653.7143	2.9047213	9.606272	27.1554	-55.0097	2070000	-2.7939677e-09	81.59462	-0.011277523	-21.31208	0.5651064	0.015006964	0.09860986	11.0	5166.133084774017
207	34.607143	38.993244	83.8	-46.666668	651.7857	2.6850693	9.513819	27.158873	-50.36414	2080000	-1.4901161e-08	70.54168	-0.013617627	-25.337624	0.5715353	0.015116106	0.097109705	19.0	5190.007830142975
208	32.004444	41.117306	90.1	-46.666668	620.26666	3.5863016	8.686226	33.701637	-40.99069	2090000	-2.1109978e-08	86.66575	-0.01144662	-24.640627	0.57928324	0.015677923	0.07680768	11.0	5218.75195813179
209	33.17949	28.6076	70.3	-13.333333	649.38464	2.5659206	8.651176	33.16819	-45.473793	2100000	-1.6763806e-08	65.59121	-0.0076129236	-23.252012	0.56728464	0.015804105	0.064606465	8.0	5242.405117750168
210	39.17857	38.399258	83.8	-33.333332	651.6429	3.145191	9.455776	30.843403	-48.021255	2110000	1.4901161e-08	79.86453	-0.009652764	-20.938765	0.55802876	0.015319631	0.08080808	13.0	5267.082968473434
211	37.44762	29.007256	76.0	-20.0	662.0714	3.8300676	11.190401	31.140064	-57.87981	2120000	1.2417635e-09	81.33835	-0.0110632265	-19.745882	0.5620241	0.015072209	0.101310134	14.0	5291.693495988846
212	38.05385	29.973724	76.0	-13.333333	697.8461	4.2323875	10.163946	26.449726	-61.354225	2130000	0.0	59.10351	-0.00887971	-16.860277	0.555553	0.015404054	0.07880788	8.0	5314.850546360016
213	33.094875	41.079624	85.0	-33.333332	698.9231	4.119035	9.288033	27.458246	-51.735813	2140000	2.483527e-09	77.00827	-0.012253764	-21.481552	0.5857107	0.015036258	0.109110914	14.0	5340.424473524094
214	38.782223	39.90233	86.5	-40.0	597.26666	3.612473	8.99785	27.705584	-44.688	2150000	4.967054e-09	73.805214	-0.011189296	-14.491172	0.5680977	0.015927486	0.07970797	11.0	5363.760069608688
215	38.682224	39.119797	88.3	-33.333332	632.93335	3.9055672	9.56536	29.127558	-52.70755	2160000	-2.6077032e-08	65.52223	-0.007970035	-15.499072	0.585567	0.015327413	0.098709874	8.0	5390.145686864853
216	36.246666	41.360355	92.8	-40.0	625.26666	3.2413998	9.525389	27.816921	-52.032356	2170000	-8.071463e-09	84.19787	-0.008404543	-14.142558	0.5692053	0.015078366	0.09740975	11.0	5415.661778450012
217	31.302221	41.31042	85.6	-46.666668	620.4667	3.6852806	8.868446	25.028929	-56.85801	2180000	-9.934108e-09	76.03344	-0.010340431	-20.017689	0.60186285	0.015414495	0.09350935	10.0	5441.17607998848
218	37.97555	34.538555	75.7	-26.666666	622.6667	2.2944565	8.689799	22.65667	-52.70624	2190000	-4.967054e-09	76.07187	-0.0087375585	-28.10205	0.57977057	0.015041061	0.08590859	9.0	5466.16780424118
219	37.957146	30.659986	80.2	-13.333333	673.2143	2.9224646	9.834225	24.081938	-52.69068	2200000	1.7229468e-08	70.01554	-0.0096735	-17.01356	0.5721957	0.015704846	0.08880887	9.0	5491.244300365448
220	40.164444	33.38147	85.0	-20.0	638.4667	2.4638083	9.613652	25.775528	-51.49958	2210000	4.967054e-09	55.785675	-0.009198218	-19.08759	0.5746972	0.015346173	0.09150914	11.0	5516.612466573715
221	41.08	34.00714	76.6	-20.0	625.3333	3.8256	8.896841	26.165968	-47.257835	2220000	-5.5879354e-09	75.41277	-0.013825531	-18.844957	0.5847533	0.015328224	0.09650966	19.0	5543.971925973892
222	31.042858	32.267326	85.6	-26.666666	661.2857	4.0048633	8.37599	23.470675	-41.627865	2230000	-5.7431557e-09	89.07479	-0.00980265	-30.732712	0.58978665	0.015970504	0.08870887	9.0	5568.031821012497
223	29.039999	34.758972	76.6	-33.333332	614.2	2.5923474	10.086292	29.064571	-54.52109	2240000	-6.829699e-09	98.419075	-0.016878622	-19.820906	0.5776167	0.015079147	0.10851085	27.0	5594.96342587471
224	41.326668	37.9555	91.9	-46.666668	604.73334	3.3306987	8.069298	25.668118	-55.70905	2250000	1.9868216e-08	100.19582	-0.012289733	-28.113367	0.55591136	0.015088488	0.09390939	14.0	5619.878418922424
225	48.704765	31.038874	88.0	-20.0	664.6429	4.172666	8.362367	27.940224	-54.203148	2260000	-1.6065314e-08	66.33176	-0.011780123	-16.58116	0.5696036	0.015359358	0.10341034	14.0	5644.915967226028
226	38.119045	29.747137	74.8	-26.666666	660.2857	5.148138	8.663182	30.904827	-54.6723	2270000	1.5522043e-09	76.33405	-0.015129511	-15.758731	0.5672241	0.015125134	0.102410235	22.0	5668.835065841675
227	40.104443	37.453438	88.3	-40.0	598.2	3.275121	9.165637	25.628881	-58.038746	2280000	6.829699e-09	118.45581	-0.014004064	-31.819368	0.5680844	0.015486621	0.1040104	19.0	5694.452850818634
228	37.837776	42.99658	85.0	-40.0	618.6	3.4643366	9.132662	32.471317	-47.36484	2290000	1.9247333e-08	113.27789	-0.015586942	-35.763897	0.57785356	0.015253072	0.09430943	31.0	5720.692946434021
229	41.295555	37.38373	85.6	-40.0	619.0	3.2160892	8.558094	31.173939	-41.29216	2300000	7.1401396e-09	97.71033	-0.013469701	-38.12002	0.568935	0.015543386	0.08390839	18.0	5745.053435325623
230	52.555553	33.21142	98.2	-20.0	608.0	3.444595	9.484788	25.26598	-58.965492	2310000	-4.967054e-09	82.55976	-0.012508837	-24.564505	0.5808685	0.015333549	0.08260826	13.0	5773.103062152863
231	39.514282	38.54946	82.0	-46.666668	657.9286	5.1204805	8.810404	32.3126	-49.286926	2320000	1.2417635e-09	66.86858	-0.014118298	-19.532873	0.5592494	0.015230559	0.09820982	16.0	5796.222465276718
232	25.00238	37.286472	80.2	-40.0	656.6429	4.3046546	8.517633	26.604315	-41.327763	2330000	-1.1175871e-08	98.96603	-0.011437497	-35.84984	0.5740798	0.017006563	0.08870888	12.0	5821.519810676575
233	37.231113	36.267612	82.0	-33.333332	643.13336	2.8113408	8.448486	25.839375	-63.799526	2340000	4.967054e-09	92.95468	-0.010007586	-34.144154	0.58901376	0.015199438	0.06730673	9.0	5845.906871318817
234	30.383333	46.18958	91.9	-66.666664	671.9286	3.1751661	8.401575	29.357847	-52.824165	2350000	1.6763806e-08	100.654884	-0.011525396	-30.43424	0.602483	0.015742822	0.08250826	11.0	5871.641624927521
235	30.930767	40.526684	82.0	-46.666668	729.8461	4.2292666	9.507173	30.278652	-52.732765	2360000	-1.0554989e-08	79.218346	-0.014009383	-27.954737	0.60471857	0.015609148	0.099809974	17.0	5896.95942568779
236	21.0	38.04411	88.3	-33.333332	704.0	3.6245422	8.453355	31.020924	-54.936295	2370000	-4.967054e-09	102.65222	-0.010797656	-35.71356	0.5687914	0.015702661	0.10591059	12.0	5919.643498182297
237	27.479488	32.761227	80.2	-26.666666	695.8461	3.3877609	9.15275	29.269747	-43.382965	2380000	6.208817e-09	71.37268	-0.010167847	-22.59971	0.5817519	0.015279204	0.1030103	10.0	5944.38716340065
238	34.933334	37.19795	91.9	-33.333332	649.73334	2.8875637	9.2357	28.845394	-46.13008	2390000	9.934108e-09	78.675766	-0.012681714	-20.932352	0.57681906	0.015927693	0.10081008	13.0	5969.1365740299225
239	44.444443	37.461723	85.0	-20.0	633.8	3.1094332	8.934515	34.150127	-44.665657	2400000	-2.2351742e-08	84.9477	-0.009902645	-26.395594	0.58551735	0.015158267	0.08990899	9.0	5995.011095046997
240	38.637775	43.02961	100.0	-46.666668	623.26666	4.0585427	8.205617	30.557014	-35.22018	2410000	0.0	100.84213	-0.010718984	-24.118738	0.5955727	0.015657755	0.09520952	10.0	6021.06239771843
241	38.780003	42.646587	91.0	-26.666666	618.2	4.0453596	9.098579	31.96713	-42.312927	2420000	2.483527e-09	88.944824	-0.015645178	-30.47291	0.57408446	0.01502126	0.123812385	20.0	6043.874010562897
242	35.760002	31.757551	72.1	-33.333332	611.8	4.3490753	9.059023	29.491632	-59.760662	2430000	-1.9247333e-08	95.48142	-0.011027396	-26.158888	0.59097487	0.015722776	0.09490949	9.0	6068.5655727386475
243	31.288097	38.149307	79.3	-40.0	669.5714	3.3060446	9.945282	26.33626	-65.96337	2440000	6.208817e-09	88.5264	-0.009835245	-21.54796	0.5872801	0.01514477	0.08680868	9.0	6095.367407083511
244	26.711905	25.608627	85.6	-13.333333	681.5	3.6057117	9.763077	27.793293	-70.81107	2450000	1.9868216e-08	88.45148	-0.008634943	-23.075876	0.5614309	0.015224047	0.07090709	9.0	6119.353422164917
245	30.058973	37.042217	91.9	-33.333332	715.6923	2.8957324	10.176179	30.241728	-65.012794	2460000	1.2417634e-08	82.77689	-0.010695911	-25.41713	0.5883415	0.01579314	0.097209714	13.0	6143.148969650269
246	36.82381	36.856594	85.0	-46.666668	642.2857	3.7004051	9.988983	34.141445	-66.63948	2470000	-1.8626451e-09	76.14648	-0.01314533	-17.326345	0.590779	0.015327775	0.09850985	15.0	6166.827129840851
247	44.466667	41.189217	91.0	-33.333332	622.06665	3.7854369	9.063918	28.979473	-68.16663	2480000	1.4280279e-08	78.547935	-0.011701677	-26.02504	0.6123283	0.015310976	0.09660966	12.0	6192.024497509003
248	43.79778	34.85291	91.0	-20.0	634.3333	4.0027456	8.458102	29.14025	-44.40756	2490000	-2.173086e-08	97.87609	-0.010610271	-30.931694	0.5982883	0.016058538	0.094209425	10.0	6217.735512495041
249	43.353844	32.007217	86.5	-6.6666665	642.46155	3.8209424	10.04197	31.429655	-55.316307	2500000	-1.5522043e-09	79.08182	-0.0123109715	-17.327057	0.5660388	0.01505971	0.09720972	17.0	6241.055433988571
