Epoch	AverageEpRet	StdEpRet	MaxEpRet	MinEpRet	EpLen	AverageVVals	StdVVals	MaxVVals	MinVVals	TotalEnvInteracts	LossPi	LossV	DeltaLossPi	DeltaLossV	Entropy	KL	ClipFrac	StopIter	Time
0	96.79487	4.3856964	100.0	83.5	125.948715	35.05914	18.217558	80.90588	-9.58511	10000	6.2088173e-10	65.0749	-0.0050364654	-14.342594	0.29387534	0.015556588	0.06010601	2.0	24.65260601043701
1	97.12436	4.528179	100.0	82.9	125.07692	35.31345	17.67018	82.1998	-1.8826442	20000	5.044664e-09	67.987305	-0.0064177904	-13.06268	0.30110762	0.015790485	0.05420542	8.0	50.03752112388611
2	96.88534	4.414331	100.0	85.6	130.10667	35.201344	17.452068	79.06492	-22.969305	30000	-6.2088173e-10	67.27316	-0.008158831	-15.095372	0.28793678	0.015587424	0.07830783	12.0	72.81664967536926
3	96.45921	5.1396084	100.0	78.0	127.86842	35.170486	17.550962	78.158066	-2.787579	40000	-2.1109978e-08	75.010506	-0.00836229	-16.932539	0.2953862	0.01579228	0.06790679	12.0	96.14769768714905
4	97.32531	4.163569	100.0	83.8	123.18987	34.80872	17.478354	81.49936	-9.012696	50000	-1.5522043e-09	65.68732	-0.011760018	-16.1607	0.2890665	0.015053261	0.06780678	40.0	121.2892394065857
5	97.429115	4.041968	100.0	84.4	123.341774	35.453373	18.135336	81.24483	4.36202	60000	-8.692344e-09	60.98511	-0.008041029	-12.324894	0.2863665	0.015112191	0.060806077	16.0	144.31014823913574
6	96.93797	4.4504676	100.0	83.2	122.49367	35.856575	17.49308	79.71527	-1.2864633	70000	2.1575639e-08	59.860073	-0.0074040815	-12.23967	0.28530303	0.015918784	0.05680568	9.0	167.55958652496338
7	97.139244	4.388807	100.0	82.0	123.177216	35.772385	17.69453	80.88031	-4.509986	80000	-4.967054e-09	65.19253	-0.0065847314	-14.266975	0.28335896	0.015424999	0.056305632	9.0	191.77310800552368
8	96.96753	4.179556	100.0	84.7	127.25974	35.326138	17.587572	82.40903	-2.4813867	90000	-1.3659398e-08	57.0134	-0.008023611	-11.999424	0.28704938	0.015654206	0.06680668	11.0	214.68615460395813
9	96.92308	4.6921077	100.0	73.3	124.0641	35.648724	17.852428	80.40345	-13.213775	100000	2.483527e-09	63.00848	-0.005888554	-11.7795725	0.28000313	0.015088315	0.060005996	9.0	237.89692974090576
10	96.76539	4.1600304	100.0	85.9	126.0641	35.442795	17.908365	79.784874	-4.163727	110000	5.122274e-09	61.097248	-0.0071371496	-13.445381	0.29817972	0.015634065	0.06640664	10.0	262.1142387390137
11	97.032906	4.1635466	100.0	84.1	124.177216	35.434128	17.517569	77.475174	-5.78512	120000	-8.8475645e-09	60.898617	-0.009438428	-13.414757	0.2869123	0.01510452	0.069806986	17.0	285.75228667259216
12	96.847435	4.858688	100.0	79.3	124.73077	35.476128	17.788713	80.48101	-14.910719	130000	8.071463e-09	73.5779	-0.0065824403	-18.21358	0.30539015	0.015186739	0.06030603	6.0	308.76864671707153
13	97.2605	4.4721823	100.0	84.7	122.049385	34.83194	17.322811	79.30201	1.2284276	140000	-1.8626451e-09	59.024677	-0.0058611953	-12.136386	0.29724956	0.015137777	0.05960596	8.0	333.95090317726135
14	96.73247	4.4675	100.0	84.0	127.25974	35.334858	17.991776	81.09927	-23.27405	150000	-1.0554989e-08	66.97509	-0.006726216	-15.06627	0.29834774	0.01600609	0.06520653	8.0	356.8249385356903
15	97.026924	4.3597717	100.0	82.3	125.20513	35.520405	17.704882	77.646225	-9.103579	160000	-2.7629236e-08	72.307175	-0.0071400106	-20.999859	0.2968801	0.016496928	0.06030603	10.0	380.4152309894562
16	96.68702	5.424364	100.0	68.8	127.14286	35.00519	17.756609	80.12756	-2.6004524	170000	-2.7318796e-08	66.70281	-0.008552722	-14.82923	0.29535922	0.015773548	0.06880688	15.0	403.35324001312256
17	96.84445	5.1397023	100.0	73.3	122.72839	34.972847	17.569855	81.070465	-13.874622	180000	9.313226e-09	63.444958	-0.006854338	-12.7229185	0.29342207	0.015862819	0.08180819	11.0	428.60098099708557
18	96.78718	4.256198	100.0	85.6	126.64103	35.914833	17.654125	79.61219	-14.30053	190000	1.3969839e-09	63.47049	-0.005931768	-13.851784	0.2949262	0.015101033	0.06270627	7.0	450.47289872169495
19	97.36456	4.1650457	100.0	82.9	123.87342	35.434067	17.234627	77.63451	-1.1598009	200000	-1.1175871e-08	61.12686	-0.0070855212	-11.114614	0.28108624	0.015212481	0.06010601	13.0	474.0434379577637
20	96.86626	4.9056835	100.0	74.0	122.1375	35.790745	17.308458	80.22931	-0.5875323	210000	1.8626451e-08	66.521	-0.0087119555	-13.07563	0.28312173	0.016070584	0.07190719	15.0	498.8532874584198
21	96.76709	4.7900143	100.0	80.0	125.025314	35.360733	17.527697	79.83302	-2.5416253	220000	-1.3659398e-08	67.541725	-0.0063257813	-13.0819435	0.2908149	0.01600332	0.05950595	8.0	524.5665309429169
22	96.54416	4.940779	100.0	73.9	127.623375	34.932945	18.183025	80.319885	-29.585938	230000	-1.0554989e-08	73.139336	-0.0041290373	-19.085863	0.28699008	0.016865436	0.03240324	4.0	548.3493885993958
23	96.41795	5.793846	100.0	65.0	124.4359	35.553818	17.239927	79.68456	-9.672	240000	6.208817e-09	77.797676	-0.0059121884	-17.893204	0.28582454	0.015865846	0.04750475	8.0	571.9646365642548
24	96.60385	5.090071	100.0	76.0	125.47436	34.88675	17.245121	78.67015	-7.209339	250000	2.483527e-09	74.413605	-0.0064076385	-15.328289	0.27796897	0.01526874	0.07050705	11.0	596.9609272480011
25	96.65641	5.178396	100.0	76.6	125.85897	35.100094	17.963062	78.96196	-4.6096954	260000	-9.934108e-09	68.95864	-0.009525484	-18.425228	0.27541485	0.015205615	0.069806986	18.0	620.793820142746
26	97.075645	4.4921064	100.0	82.9	126.52564	35.132584	17.489868	81.25913	-7.599953	270000	1.14863115e-08	62.32996	-0.008536782	-12.904678	0.29030782	0.015613687	0.07030703	11.0	644.6193180084229
27	97.15585	4.3796906	100.0	79.9	126.24675	35.46297	17.232595	79.50304	-4.491677	280000	-1.0554989e-08	72.25291	-0.010795958	-15.166669	0.2817886	0.016066402	0.07320732	17.0	669.4453680515289
28	96.925644	4.7099304	100.0	82.0	125.51282	35.293793	17.659996	77.55949	0.51619816	290000	-1.2883295e-08	70.58329	-0.010577991	-15.961662	0.2881503	0.015325204	0.074307434	20.0	692.8651509284973
29	96.59743	4.9202356	100.0	81.0	126.02564	35.664112	17.445375	79.35985	1.0567605	300000	-1.2417634e-08	74.87969	-0.0112916455	-17.486387	0.2827783	0.015164626	0.08280828	25.0	715.3791427612305
30	96.98101	4.4416065	100.0	84.1	123.79747	35.55405	17.30421	78.07643	-8.8273325	310000	-1.1175871e-08	64.4361	-0.008721637	-16.294514	0.28097403	0.015295041	0.07320732	12.0	739.5211226940155
31	96.98228	4.7215037	100.0	82.9	123.860756	34.822712	17.833267	79.43554	-3.7558675	320000	4.967054e-09	64.72132	-0.00837162	-14.230912	0.26537666	0.015601912	0.060706068	21.0	764.854930639267
32	96.85063	4.789886	100.0	77.2	123.92405	35.49025	17.626553	80.05015	-22.15583	330000	-7.1401396e-09	65.40707	-0.0077879527	-13.875672	0.26931724	0.016103392	0.07540754	13.0	788.7585875988007
33	97.34684	4.273078	100.0	84.4	122.303795	35.34568	17.295185	79.299065	-4.1766148	340000	-4.625569e-08	56.42671	-0.0070644445	-11.1878395	0.26882076	0.015642216	0.06780678	11.0	812.9864814281464
34	96.84305	5.1227145	100.0	80.2	123.67088	35.775356	17.851126	77.73546	-5.267736	350000	-3.7252903e-09	61.261307	-0.008258939	-11.889343	0.2763257	0.015380256	0.070707075	14.0	836.5015015602112
35	97.0641	4.9775906	100.0	69.1	125.98718	35.25203	18.078205	78.929085	-1.2803211	360000	1.5832484e-08	65.523224	-0.006816305	-14.359504	0.26592377	0.015004826	0.063906394	12.0	859.861688375473
36	97.13333	4.5932317	100.0	76.0	121.888885	35.125103	17.95321	82.134796	-5.5497174	370000	-1.6463067e-08	56.00275	-0.010384078	-13.163377	0.26400557	0.01556351	0.06680668	21.0	883.9887628555298
37	97.1375	4.778817	100.0	76.0	122.4	35.055458	17.939438	79.553856	-2.5276399	380000	8.071463e-09	64.4785	-0.012016623	-11.855124	0.26930618	0.015119354	0.07770777	50.0	908.3023617267609
38	97.2675	4.356397	100.0	83.8	121.9625	34.91358	17.614864	85.1517	-1.6560504	390000	6.2088173e-10	62.77051	-0.008604957	-15.699547	0.26419404	0.015789831	0.06760676	16.0	934.6355249881744
39	97.12307	4.3674183	100.0	80.5	124.70513	35.952236	17.795916	77.82633	-3.262968	400000	3.1044085e-09	63.590927	-0.0111517785	-18.210548	0.268751	0.01519091	0.0670067	32.0	958.8181390762329
40	97.558754	3.8188908	100.0	84.1	122.2	35.197937	17.61915	82.76769	2.8661714	410000	9.546056e-09	57.820385	-0.009609473	-12.043404	0.2658612	0.015308739	0.061406136	23.0	982.3635222911835
41	97.04231	4.683865	100.0	79.6	127.25641	35.64724	17.714815	77.87972	-6.8255033	420000	-3.8805106e-09	64.83399	-0.008141746	-13.28192	0.26659465	0.016170697	0.08320832	14.0	1007.6813662052155
42	97.1925	4.5274105	100.0	81.1	121.85	34.795948	17.489273	79.049866	-8.398803	430000	2.2196522e-08	65.10051	-0.008561009	-14.5279455	0.27008888	0.015119105	0.072507255	16.0	1033.1147809028625
43	96.9775	5.3166003	100.0	70.3	121.8125	35.44575	17.648947	78.58883	-10.421021	440000	1.7695129e-08	58.96048	0.0004100753	-11.414425	0.27369907	0.019304758	0.051505152	4.0	1056.5889868736267
44	97.21773	4.6330333	100.0	78.4	123.68355	35.67742	17.995749	79.01989	-10.382458	450000	-9.313226e-09	63.973072	-0.0033238754	-17.240683	0.2899604	0.01522658	0.05940594	7.0	1079.4600503444672
45	97.09231	4.261448	100.0	84.7	125.02564	35.654682	18.176392	79.378044	-1.5962869	460000	1.800557e-08	65.4374	-0.006278492	-14.9613	0.28682378	0.015320108	0.05280528	9.0	1102.983347415924
46	96.99615	4.868618	100.0	78.4	123.551285	35.813587	17.544884	79.36074	3.5437026	470000	1.21071935e-08	70.82873	-0.008793838	-15.052102	0.28940654	0.01508157	0.07540754	19.0	1126.3006575107574
47	97.15875	4.602274	100.0	79.0	122.1625	35.066586	17.433493	78.74746	-8.946958	480000	-6.2088173e-10	68.57907	-0.007257273	-13.031559	0.28803566	0.015795596	0.05680568	12.0	1149.266268491745
48	96.548096	5.610791	100.0	73.0	122.74683	35.841343	17.701174	79.14233	1.4477682	490000	4.40826e-08	73.65992	-0.010031984	-13.197648	0.2867674	0.015171868	0.06330633	23.0	1174.268969297409
49	96.81012	5.3102617	100.0	77.8	123.46835	34.88051	17.660215	80.2494	-5.6010847	500000	-2.6387472e-09	69.57128	-0.010766283	-15.817242	0.29270056	0.015145809	0.07780778	25.0	1198.2612521648407
50	97.48734	4.2567706	100.0	79.9	122.898735	35.600777	17.238733	79.30924	-4.171122	510000	-2.483527e-09	66.39579	-0.014133823	-14.410905	0.294511	0.0150071755	0.081608154	51.0	1221.7491223812103
51	97.22405	4.3592534	100.0	82.9	124.25317	35.202785	17.744352	80.45113	0.15344942	520000	0.0	66.09075	-0.007402793	-13.75864	0.30235764	0.016748369	0.058405843	9.0	1245.1767945289612
52	97.041245	4.7889376	100.0	81.1	122.9375	35.587025	17.277796	79.504395	0.52854204	530000	-2.1109978e-08	67.01075	-0.006929014	-13.222173	0.29974094	0.016692773	0.064906485	8.0	1269.2662098407745
53	97.02098	4.411229	100.0	83.2	120.333336	35.153374	17.747946	79.759254	-3.906264	540000	4.1909516e-09	60.651173	-0.009019661	-9.812989	0.2928529	0.015928738	0.085508555	22.0	1293.3717124462128
54	96.637184	4.935978	100.0	79.6	124.11539	35.93833	17.638771	80.56418	-14.510469	550000	-1.3659398e-08	69.48099	-0.0071870754	-15.132224	0.2919797	0.01515469	0.06970697	9.0	1317.771699666977
55	96.824356	4.8771887	100.0	82.9	123.96154	35.571266	17.15191	80.50961	-4.9223194	560000	1.7384687e-08	66.676025	-0.010982282	-13.650531	0.29137805	0.015932942	0.07190719	33.0	1341.6370644569397
56	97.14177	4.6098576	100.0	82.6	122.3924	35.071163	17.615108	82.27334	-13.5167	570000	-4.346172e-09	64.90592	-0.0094844	-13.012311	0.2926069	0.015045273	0.072507255	19.0	1364.3708322048187
57	97.287346	4.4300003	100.0	85.3	125.22785	34.97699	17.920183	80.34257	-5.722158	580000	-1.8626451e-08	61.194714	-0.008261101	-13.686439	0.28517997	0.01637779	0.06840684	16.0	1388.142256975174
58	96.58051	4.9816294	100.0	80.8	126.12987	35.364143	17.747398	79.99246	-17.340458	590000	-9.934108e-09	79.68906	-0.009586197	-18.770643	0.2998168	0.01575768	0.06960696	16.0	1411.1130104064941
59	97.52785	4.0998588	100.0	83.8	121.91139	35.457138	17.305254	78.3912	-4.41172	600000	6.7520887e-09	66.78636	-0.008203511	-15.029166	0.2918853	0.015671695	0.07660766	14.0	1434.6851665973663
60	97.08572	4.661801	100.0	82.0	127.12987	36.363422	17.390203	83.33851	-10.708534	610000	-7.605801e-09	68.28692	-0.00665974	-17.597471	0.28735492	0.015861448	0.06840684	10.0	1458.8508324623108
61	97.04178	5.16619	100.0	79.9	124.26582	35.302166	17.705036	78.80981	-7.0492563	620000	1.6453365e-08	66.454865	-0.009208192	-15.690696	0.285148	0.015254668	0.0650065	15.0	1481.6816177368164
62	97.44499	4.1432753	100.0	84.1	123.075	34.941643	17.927202	77.211006	-1.4739808	630000	-5.5879354e-09	64.11562	-0.00972176	-11.386285	0.29333732	0.015123441	0.07410741	24.0	1506.0753705501556
63	96.96282	4.570028	100.0	78.4	127.61539	35.24247	17.433605	77.70578	-5.9326773	640000	-1.4901161e-08	72.07821	-0.00973676	-13.737556	0.2832021	0.0153819425	0.07920792	19.0	1531.322634935379
64	97.43876	4.265135	100.0	83.5	121.9125	34.966393	17.072922	79.50113	-2.3689551	650000	-6.829699e-09	58.207233	-0.0069160736	-11.906246	0.2889683	0.015375097	0.060106013	9.0	1556.049203157425
65	97.2282	4.7950263	100.0	76.6	123.65385	36.250393	17.781881	82.381165	-2.5010693	660000	-1.8626451e-09	65.82298	-0.0074560344	-13.347802	0.28163484	0.015512935	0.07470747	16.0	1578.9272046089172
66	97.19753	5.1895194	100.0	74.2	120.358025	35.184742	17.933653	80.17202	-17.94207	670000	8.692344e-09	56.72444	-0.00872453	-13.950797	0.28100714	0.015327628	0.0630063	15.0	1602.4800007343292
67	96.8039	4.666889	100.0	79.0	127.77922	35.783234	17.95185	78.85908	-8.908284	680000	2.173086e-08	62.244183	-0.0063477936	-15.384902	0.28159374	0.015936567	0.053205322	7.0	1625.935400724411
68	96.963295	5.113823	100.0	77.8	124.6076	35.076763	17.752762	79.02767	-6.0468054	690000	2.9802322e-08	68.612854	-0.0096085025	-14.965854	0.28658888	0.015365943	0.062406242	19.0	1650.207645893097
69	97.06	5.6113634	100.0	76.9	119.925	35.160408	18.024036	78.691795	-6.133397	700000	-8.071463e-09	51.212906	-0.007200727	-9.582409	0.28853256	0.015952097	0.06990699	11.0	1673.6019442081451
70	97.69	4.103919	100.0	81.4	122.7375	35.44148	18.07854	81.84156	0.55829453	710000	1.7384687e-08	52.331654	-0.008034985	-11.817443	0.2771163	0.01623366	0.07270727	15.0	1699.414012670517
71	97.16709	4.4397435	100.0	84.1	124.40506	35.507782	18.084682	80.060715	-4.544867	720000	-8.071463e-09	62.46216	-0.0077705295	-12.167962	0.2720017	0.015034267	0.05710571	16.0	1723.6996972560883
72	97.6358	4.002446	100.0	84.1	120.51852	35.32737	17.368372	81.978264	-8.6925125	730000	4.967054e-09	55.989243	-0.008796305	-12.578167	0.27617526	0.015458676	0.07020702	12.0	1746.144518852234
73	97.22949	4.379999	100.0	83.2	124.833336	35.999275	18.027943	79.6072	-18.465322	740000	3.4148496e-08	62.31809	-0.009536068	-13.468971	0.2760119	0.015236724	0.078607865	16.0	1770.4214086532593
74	97.27251	4.8248305	100.0	76.3	121.8	35.236877	17.818228	79.438385	-8.9031515	750000	3.259629e-09	56.190937	-0.006912071	-9.620849	0.2791843	0.01560652	0.06110611	10.0	1793.9054057598114
75	97.30864	4.8397074	100.0	78.1	120.38271	35.41364	17.796518	85.73343	-2.198828	760000	2.5456151e-08	53.818985	-0.007002227	-9.155975	0.27252924	0.015573949	0.06050605	14.0	1818.5315959453583
76	97.49259	4.52875	100.0	78.1	120.72839	35.011597	18.192762	81.0538	5.2993927	770000	-6.208817e-09	55.181183	-0.0068745282	-10.50964	0.2858212	0.015084915	0.07130713	12.0	1842.0180723667145
77	97.05317	5.282209	100.0	75.1	123.8481	35.27281	18.49532	80.105194	-22.898075	780000	-2.483527e-09	64.178795	-0.0065050595	-17.508204	0.2919032	0.01537129	0.06280628	7.0	1864.8791353702545
78	97.2325	5.328268	100.0	73.0	121.375	35.2042	17.989775	75.477005	-7.4587035	790000	-9.313226e-09	59.196457	-0.00971539	-13.566888	0.27937153	0.015660033	0.08370837	28.0	1889.7766156196594
79	97.21999	4.77573	100.0	77.5	121.425	35.49809	18.339907	79.05655	-25.820637	800000	2.5456151e-08	68.59617	-0.007963891	-14.300891	0.28411007	0.015392054	0.0721072	15.0	1913.0342154502869
80	97.10897	4.887089	100.0	77.5	124.61539	35.928192	17.929111	87.51544	-7.12042	810000	-1.0554989e-08	66.03536	-0.008339049	-14.360512	0.28884736	0.015348356	0.070707075	13.0	1939.256740808487
81	96.99375	5.410414	100.0	69.4	121.1125	35.03216	17.80793	80.15265	-4.805724	820000	2.483527e-09	66.52975	-0.008413657	-13.36794	0.28467694	0.0152701745	0.07310731	16.0	1962.6368668079376
82	97.016884	4.823788	100.0	80.8	125.32468	35.741352	18.191038	80.681366	-18.705666	830000	2.0644316e-08	72.74116	-0.009304879	-15.662389	0.3026787	0.015466765	0.07580758	16.0	1985.9359469413757
83	97.66913	4.010746	100.0	84.1	118.80247	34.85249	17.612627	79.11378	-6.009543	840000	3.3217173e-08	58.651356	-0.009217457	-15.222842	0.29053804	0.01570244	0.07620762	29.0	2012.7891476154327
84	97.238754	4.5644684	100.0	77.8	122.475	35.483166	17.90904	80.776054	-7.3691454	850000	1.8781671e-08	57.06427	-0.010063692	-10.925686	0.2842308	0.01529219	0.07270727	27.0	2037.1017410755157
85	97.339745	3.9264498	100.0	83.5	126.23077	35.5057	18.166103	77.6589	-9.03987	860000	-9.934108e-09	65.14331	-0.009540648	-15.096588	0.29134127	0.015687486	0.06970698	14.0	2060.1100590229034
86	96.597336	4.81625	100.0	79.6	130.22667	34.74786	18.16831	77.408264	-13.238814	870000	-3.1044085e-08	67.15835	-0.005549509	-15.302447	0.28951988	0.015754633	0.060206022	7.0	2082.790228843689
87	96.72692	4.851954	100.0	81.1	124.448715	35.076637	17.90289	79.12212	-15.856283	880000	-1.5522042e-08	63.85487	-0.008068987	-14.491292	0.2928971	0.015115802	0.06840684	13.0	2106.8470375537872
88	97.158745	4.284294	100.0	83.2	122.675	34.96561	17.921097	79.29249	0.114839196	890000	2.576659e-08	62.414112	-0.008470631	2.2635968	0.29012537	0.015308584	0.076107614	15.0	2131.1991097927094
89	97.05064	4.4904075	100.0	80.8	123.06329	35.86204	17.610939	79.99173	-10.394155	900000	-6.3640377e-09	78.77771	-0.007864903	-22.355589	0.2832922	0.01580797	0.064906485	10.0	2153.3311200141907
90	97.22405	4.3054047	100.0	81.4	120.974686	35.30655	17.710672	79.34876	-7.6006756	910000	-4.346172e-09	69.98307	-0.0111577315	-12.647846	0.27385256	0.015203479	0.07480749	31.0	2178.132652282715
91	97.307495	4.2548137	100.0	79.9	121.625	35.313282	17.906712	78.664444	-7.4434776	920000	1.7384687e-08	62.081882	-0.006474182	-12.577239	0.27716053	0.015225231	0.053905386	10.0	2202.061463356018
92	97.22962	4.54876	100.0	76.9	120.45679	35.09321	18.095549	80.85135	2.8663354	930000	5.4948032e-08	56.680294	-0.007580606	-9.3728895	0.27621195	0.015224192	0.07820782	14.0	2226.89603972435
93	96.847496	4.303167	100.0	85.3	121.3125	35.59086	17.821075	79.22588	-1.1540943	940000	1.8626451e-09	64.611336	-0.008704104	-14.994082	0.2903831	0.016027158	0.06910691	12.0	2250.0238399505615
94	97.1275	4.3569474	100.0	78.0	120.6875	35.912926	17.736511	83.145935	3.1248796	950000	2.4835268e-08	66.22927	-0.008092183	-12.273438	0.28045052	0.015612173	0.08160816	14.0	2274.6129338741302
95	97.14178	4.6526594	100.0	80.8	122.46835	35.23842	17.944489	79.62623	0.21250856	960000	2.5456151e-08	61.05399	-0.00860051	-12.395828	0.28290296	0.015539522	0.07970797	17.0	2297.5697224140167
96	97.22911	4.394535	100.0	80.2	123.56962	35.362675	17.824232	79.661125	-7.5611396	970000	6.208817e-09	60.84196	-0.008718083	-11.698007	0.27632555	0.015325111	0.070007	18.0	2321.312260866165
97	97.45443	4.0695157	100.0	85.6	122.40506	35.602596	18.126524	81.23049	-3.3104465	980000	-1.4901161e-08	55.973522	-0.008667295	-10.944951	0.2741822	0.015034373	0.06950695	16.0	2344.576014280319
98	97.0975	6.004081	100.0	58.9	121.8	35.209602	17.731743	79.34947	-16.659824	990000	-7.450581e-09	73.97163	-0.010685244	-17.828617	0.2862725	0.015645957	0.07720772	19.0	2368.369603872299
99	97.22405	4.280459	100.0	82.3	122.87342	35.703556	17.455803	83.64344	-14.009617	1000000	1.7074248e-08	68.5116	-0.008860159	-14.921463	0.2807714	0.0150072565	0.06530653	11.0	2391.639961719513
100	97.13846	4.5691338	100.0	78.4	124.52564	35.72672	17.631289	84.692955	-21.639994	1010000	3.4148495e-09	58.777485	-0.009038257	-12.510402	0.2746486	0.015893698	0.08420842	15.0	2415.0884845256805
101	96.78734	6.1849627	100.0	59.5	124.49367	35.625572	18.0152	84.23473	-11.291476	1020000	-3.1044087e-10	77.76966	-0.010087605	-19.635359	0.27736697	0.015062558	0.060606062	17.0	2437.348513841629
102	97.2325	4.710806	100.0	76.0	122.3125	35.43279	17.344152	81.31809	-12.789426	1030000	1.086543e-08	60.677357	-0.006480088	-14.953522	0.27076295	0.015255588	0.05330533	10.0	2461.2959365844727
103	97.29615	3.9817672	100.0	85.9	126.0641	35.22073	17.993658	84.292015	-8.000389	1040000	1.800557e-08	69.93783	-0.009624383	-14.093891	0.274103	0.01585062	0.07540754	21.0	2486.0424857139587
104	97.32658	4.181566	100.0	85.3	121.83544	35.67869	17.538315	82.71974	-8.663352	1050000	-1.5832484e-08	63.730946	-0.011507952	-15.2397375	0.2670739	0.015202545	0.06970697	24.0	2509.8990426063538
105	97.42531	3.9441822	100.0	85.3	124.20253	35.66499	17.713007	80.40235	-6.7123957	1060000	-2.3283064e-09	68.788124	-0.008049808	-13.73792	0.27636635	0.015739767	0.05280528	9.0	2533.8317880630493
106	97.59383	3.8077033	100.0	86.2	120.320984	35.496403	17.342913	79.39575	-3.2574048	1070000	-2.3593506e-08	58.234867	-0.015381475	-11.097707	0.27760252	0.014632517	0.09370937	79.0	2560.551466703415
107	96.539474	4.4791355	100.0	85.0	127.6579	35.839584	17.837006	85.53363	-8.987209	1080000	-9.934108e-09	80.58514	-0.007973313	-21.027672	0.2945914	0.015320808	0.05720572	9.0	2583.8541462421417
108	96.7975	5.741841	100.0	68.5	122.2875	34.563473	17.55555	80.32059	-8.379549	1090000	-1.7384687e-08	74.71468	-0.00918273	-19.24539	0.2767594	0.015058509	0.07980798	11.0	2608.446975708008
109	97.118996	4.754054	100.0	71.8	124.379745	35.922127	17.45351	80.79172	-25.624613	1100000	-1.7384687e-08	66.73815	-0.009448195	-15.220746	0.281801	0.015287324	0.07770777	15.0	2632.5707960128784
110	97.53333	3.7285686	100.0	87.1	121.38271	35.16259	17.563211	79.83477	-3.2129774	1110000	1.625934e-08	57.88007	-0.007707253	-11.656035	0.27000764	0.01515194	0.05830583	13.0	2657.587433576584
111	97.31772	4.4111695	100.0	83.5	123.620255	35.949234	17.844667	82.32803	-2.5438948	1120000	-2.1109978e-08	65.91138	-0.0070225964	-15.005239	0.26372838	0.015668025	0.05960596	10.0	2682.838021993637
112	96.844864	4.7399187	100.0	81.7	125.948715	35.674778	18.06849	81.82712	-4.6670337	1130000	-4.656613e-09	59.901142	-0.007974808	-15.042735	0.27541184	0.0151170865	0.06720672	11.0	2705.3073723316193
113	97.01539	4.3220983	100.0	84.7	126.4359	35.064056	18.15171	82.297295	-6.535098	1140000	-1.9868216e-08	61.84776	-0.0072416286	-12.415441	0.27349892	0.015535322	0.054505453	9.0	2729.103042125702
114	96.8557	4.6303554	100.0	84.1	122.68355	35.24382	17.762283	90.243576	-11.187374	1150000	1.9868216e-08	61.99757	-0.009610324	-12.980065	0.289194	0.015289124	0.06790679	13.0	2752.9968371391296
115	97.378746	4.1004477	100.0	85.9	121.725	35.23629	17.679987	79.1493	-7.5625014	1160000	2.1109978e-08	54.889133	-0.009159884	-10.142216	0.27305055	0.015129839	0.079507954	18.0	2776.352837085724
116	97.24321	4.389492	100.0	81.4	121.17284	35.28007	18.007727	82.698135	-1.0069265	1170000	2.173086e-09	58.90428	-0.006712763	-10.534721	0.2815	0.01542345	0.06810681	12.0	2801.147574186325
117	96.95128	4.237613	100.0	85.3	126.21795	35.2307	17.97553	80.4825	-8.023098	1180000	6.829699e-09	60.343174	-0.0059785633	-13.343076	0.28178528	0.01501676	0.07110711	8.0	2825.2906765937805
118	97.06076	4.252934	100.0	85.0	122.74683	35.578537	17.949644	81.3451	-6.8796673	1190000	4.724522e-08	60.45876	-0.007836447	-15.124515	0.28510293	0.015091759	0.07450745	13.0	2848.9534254074097
119	97.17778	4.389325	100.0	81.7	120.17284	35.2133	17.633404	80.3952	-10.894684	1200000	3.7252903e-09	49.82846	-0.009648243	-9.060146	0.2775638	0.016341807	0.07790779	18.0	2873.1474916934967
120	97.08889	4.1824737	100.0	86.0	119.87654	35.66163	17.449589	84.126114	1.2074	1210000	1.7850349e-08	55.950165	-0.007371915	-9.230624	0.28234285	0.015127488	0.064006396	15.0	2896.8105158805847
121	97.034615	4.4587803	100.0	82.0	123.10256	36.29341	17.93393	80.366325	3.742342	1220000	2.9802322e-08	58.79915	-0.008655783	-12.900352	0.28490767	0.015271227	0.07870787	16.0	2923.5689704418182
122	97.34125	4.269271	100.0	83.5	120.8875	35.418587	17.738638	80.16046	-4.9761257	1230000	1.2417635e-09	58.614655	-0.007988387	-15.499412	0.2786069	0.01622351	0.06550655	13.0	2948.7988979816437
123	96.92152	4.3300447	100.0	82.6	123.56962	35.50296	17.894476	82.694046	-11.315534	1240000	-3.1044087e-10	58.23463	-0.009169318	-8.902862	0.28038308	0.016032638	0.07370737	19.0	2972.282041311264
124	96.93544	4.5638933	100.0	84.1	123.8481	35.608543	17.59874	81.82881	-3.0997941	1250000	-4.967054e-09	56.983593	-0.008890884	-10.251374	0.2845979	0.015240688	0.070707075	14.0	2995.834671974182
125	97.0875	4.5371346	100.0	82.0	121.2625	35.162483	17.563389	80.40882	-1.1518146	1260000	1.6763806e-08	61.188076	-0.0057422887	-11.279346	0.28269157	0.015023668	0.05870587	8.0	3020.5401458740234
126	96.7675	4.561106	100.0	84.4	120.675	35.353	18.171516	83.06984	-4.995798	1270000	-1.2417635e-09	58.09361	-0.006303899	-14.11975	0.29196045	0.017594144	0.06550655	7.0	3043.53648686409
127	96.9141	4.3925853	100.0	75.7	124.78205	35.180225	18.425005	81.397316	-8.415085	1280000	-8.692344e-09	74.30297	-0.007623013	-19.143982	0.28814855	0.01567292	0.06550655	10.0	3068.366203069687
128	97.10875	4.235806	100.0	85.6	123.9125	34.614876	17.686268	80.30299	-7.5142393	1290000	1.4280279e-08	61.70476	-0.013137702	-14.499764	0.2977725	0.015614863	0.081408136	41.0	3093.8207523822784
129	96.356575	7.537753	100.0	41.8	127.5	35.498722	17.80237	78.40924	-19.813787	1300000	1.47459405e-08	86.659515	-0.014153215	-32.43286	0.30333364	0.015017751	0.079307936	22.0	3118.369453430176
130	96.78999	4.782483	100.0	79.9	122.8125	34.31544	17.802147	78.22185	-18.62088	1310000	-3.4691766e-08	70.33594	-0.010433649	-19.46685	0.30929974	0.015358172	0.076907694	15.0	3142.370017528534
131	97.1926	4.314654	100.0	84.1	120.51852	35.10941	17.684948	84.257965	-5.22205	1320000	1.7384687e-08	61.911404	-0.006694076	-10.605209	0.28536436	0.016189817	0.070007004	10.0	3165.800140142441
132	97.16499	4.326636	100.0	84.7	123.975	35.60457	17.687517	79.44768	-0.76629066	1330000	-3.4924597e-08	68.22281	-0.008271041	-16.792988	0.29787433	0.01549136	0.08210821	14.0	3191.2108364105225
133	97.16709	4.3729525	100.0	77.5	121.8481	35.75572	17.630667	78.854195	-3.6717553	1340000	4.0978193e-08	57.69701	-0.0077257827	-10.5474615	0.29543874	0.017535219	0.089908995	10.0	3214.572006225586
134	96.88228	4.5098424	100.0	84.7	126.05064	35.065857	17.985363	80.20842	-3.9963474	1350000	1.3659398e-08	71.198105	-0.008826588	-15.200027	0.29758564	0.015102795	0.06770677	13.0	3239.3462495803833
135	96.883545	4.259864	100.0	85.0	123.18987	35.5043	17.465775	79.63553	-15.497427	1360000	-1.6453365e-08	70.70368	-0.00736885	-17.55805	0.29877764	0.015149747	0.061806183	8.0	3263.255501270294
136	97.21482	4.55198	100.0	79.9	118.71605	35.389687	17.207201	79.67155	4.828309	1370000	-3.4148495e-09	63.98772	-0.010339391	-14.459298	0.29044777	0.015057519	0.07150715	25.0	3287.3143734931946
137	97.01519	4.4443135	100.0	81.7	123.26582	36.04552	17.826422	79.22245	-8.893979	1380000	1.6142925e-08	59.237183	-0.0075180554	-13.328388	0.29921368	0.016380636	0.061806183	11.0	3311.0657200813293
138	96.73334	5.525496	100.0	74.5	121.91358	34.82989	17.634531	78.104485	-3.8094187	1390000	-1.2417634e-08	62.555286	-0.009198822	-12.841199	0.29121974	0.015019025	0.08090809	15.0	3335.4087743759155
139	97.46667	4.0149717	100.0	81.4	121.30864	35.168266	17.438488	78.56909	-1.7802396	1400000	9.313226e-09	62.147747	-0.0070673954	-13.921127	0.28817928	0.01563228	0.067606755	12.0	3359.529623031616
140	97.06999	4.586268	100.0	80.2	122.9	35.599216	17.716082	78.88146	-13.031977	1410000	1.086543e-08	67.538414	-0.0067819078	-14.825058	0.29432234	0.016285941	0.06370637	9.0	3384.265832901001
141	97.28889	4.391012	100.0	82.6	119.0	35.4046	17.498842	78.902245	0.7778952	1420000	1.2417635e-09	64.84857	-0.009965476	-15.488305	0.2866479	0.015153007	0.06400641	17.0	3409.266494989395
142	96.91125	4.3098726	100.0	83.8	123.8625	35.55147	17.79381	80.179794	-6.1874285	1430000	-2.173086e-08	65.56422	-0.009898613	-16.150494	0.29178646	0.01600711	0.06680668	14.0	3433.7118504047394
143	96.7481	4.7495193	100.0	83.8	125.1519	35.295536	17.752262	82.92755	-2.3567388	1440000	4.967054e-09	82.944695	-0.0101050185	-17.973589	0.2960428	0.015042127	0.074307434	19.0	3458.7236993312836
144	97.128746	4.367213	100.0	82.9	120.1375	35.49434	17.324778	79.6423	3.354993	1450000	3.4924597e-09	66.50537	-0.010645278	-12.611754	0.30233207	0.015116666	0.070107006	29.0	3481.864442586899
145	96.683754	5.2341766	100.0	68.8	123.225	35.602966	17.583067	80.13185	-22.245155	1460000	5.5879354e-09	67.7774	-0.007545902	-15.359756	0.30945778	0.015928596	0.061506152	11.0	3505.377783536911
146	96.815186	4.8710227	100.0	73.3	123.898735	35.82121	17.283798	80.23499	-4.6772804	1470000	4.346172e-09	74.393394	-0.008622141	-17.39774	0.3070222	0.015941164	0.075307526	10.0	3531.125956773758
147	96.98889	4.2766666	100.0	85.9	120.40741	35.49813	17.131977	80.13825	-7.156533	1480000	1.6763806e-08	68.45457	-0.010027033	-17.187101	0.28601205	0.015018892	0.07540754	21.0	3557.2231690883636
148	96.71111	5.1964617	100.0	78.1	121.62963	35.351154	17.483568	80.04726	-2.2005844	1490000	-1.8626451e-08	66.05656	-0.0101660555	-15.173724	0.29821408	0.015506049	0.066706665	15.0	3581.607180595398
149	96.881004	4.440238	100.0	84.7	123.898735	35.585743	17.555492	85.67202	2.0352006	1500000	-6.0535967e-09	72.727135	-0.007198801	-16.337233	0.30031502	0.0153981	0.05870587	10.0	3604.645089149475
150	96.856964	5.019952	100.0	71.5	123.974686	35.569992	17.345276	80.555786	-2.0904822	1510000	-3.7252903e-08	73.31189	-0.00683403	-19.846571	0.2978451	0.015433724	0.06930693	9.0	3628.3800394535065
151	96.15317	6.5550985	100.0	64.0	122.27848	35.73367	17.518394	80.09833	-22.523947	1520000	1.6763806e-08	66.49996	-0.011374548	-15.19222	0.28832957	0.015323556	0.08180818	20.0	3652.7042632102966
152	96.65626	4.824646	100.0	83.2	120.9125	35.302654	17.75984	80.03406	-6.049756	1530000	4.967054e-09	75.23215	-0.005290136	-16.83075	0.2778332	0.015296907	0.05470547	7.0	3675.2905673980713
153	96.55455	4.4066815	100.0	84.1	126.88312	35.57168	17.579847	79.31193	-4.8117285	1540000	1.2417635e-09	77.7266	-0.008322209	-17.786299	0.28693017	0.015183005	0.0739074	13.0	3699.2020301818848
154	97.39753	3.6706033	100.0	85.6	117.92593	35.085564	17.119596	80.096466	3.9309964	1550000	-2.3438284e-08	55.11761	-0.006980701	-11.942161	0.2813512	0.015177232	0.057505753	16.0	3723.70610332489
155	96.86202	4.3943086	100.0	82.6	122.29114	36.068367	17.856823	79.72963	-4.9752584	1560000	8.692344e-09	83.4911	-0.007953884	-17.792944	0.27998456	0.016794924	0.07780778	11.0	3746.5333013534546
156	96.902534	4.203494	100.0	84.7	122.0	34.96662	17.725147	79.67042	-20.086182	1570000	1.9247333e-08	73.8666	-0.006985009	-20.045607	0.28993294	0.01637117	0.05530553	8.0	3770.7156410217285
157	96.98	4.385356	100.0	82.3	122.8375	36.309425	17.47572	78.89841	-0.814502	1580000	3.916648e-08	69.80251	-0.0090512475	-13.222427	0.28935522	0.0156166	0.07650765	19.0	3793.9439313411713
158	96.895004	4.497774	100.0	82.3	120.15	35.837204	17.769985	82.03289	-4.5947304	1590000	2.514571e-08	70.46308	-0.007271409	-16.50369	0.29137033	0.015044981	0.061906192	11.0	3817.8369324207306
159	96.94939	4.350681	100.0	82.9	120.65432	35.10204	17.490181	80.00476	3.173458	1600000	3.1044085e-09	58.570606	-0.008892419	-10.915302	0.2785082	0.015770784	0.06620663	20.0	3841.430522441864
160	97.34375	3.8899825	100.0	83.2	119.1375	35.955235	17.718374	79.95807	-5.9260798	1610000	1.6530976e-08	58.55019	-0.0035387212	-11.731091	0.2805128	0.0154686915	0.029102912	4.0	3865.672369003296
161	96.64	4.36794	100.0	82.3	122.6875	35.21635	17.881508	81.17071	-2.7156177	1620000	2.4369607e-08	67.680855	-0.009762273	-16.045961	0.27844784	0.015269042	0.06690669	18.0	3891.4646260738373
162	96.41265	4.909262	100.0	77.0	122.417725	35.396976	17.756208	82.22331	-3.0108743	1630000	8.692344e-09	65.06519	-0.0084325215	-12.700546	0.28338835	0.015042781	0.08220822	14.0	3915.3431193828583
163	96.23077	5.4388986	100.0	77.0	126.166664	34.83944	17.821281	79.614426	-12.016504	1640000	1.800557e-08	78.10181	-0.008541466	-19.404514	0.27556893	0.015716402	0.0650065	14.0	3938.2985620498657
164	97.019745	4.465075	100.0	84.7	121.53086	34.779102	17.461725	79.55346	-7.6258388	1650000	-3.601114e-08	63.179974	-0.010441505	-13.395293	0.27637234	0.015076913	0.06910691	33.0	3963.806551218033
165	96.77436	4.7500725	100.0	79.0	124.0641	35.619083	18.052345	79.79736	-5.658665	1660000	-1.2417634e-08	67.46273	-0.009072009	-12.562123	0.2822864	0.015946394	0.07750776	22.0	3987.520664215088
166	96.65749	4.6653447	100.0	83.8	120.1	35.134983	17.741072	79.42182	-10.594411	1670000	2.4835268e-08	56.248356	-0.0068141515	-12.003169	0.27659997	0.015461379	0.05960596	11.0	4011.1459579467773
167	96.753746	4.437481	100.0	83.8	123.175	34.461662	18.321234	80.60397	-8.256023	1680000	-6.829699e-09	59.973293	-0.007527552	-13.971702	0.26548257	0.015851343	0.067306735	11.0	4035.256463766098
168	96.77342	4.6494236	100.0	81.4	122.658226	35.507904	17.822344	80.92082	-3.077929	1690000	-6.208817e-09	67.652855	-0.006389337	-17.910128	0.27456614	0.015068174	0.07650765	13.0	4059.5308072566986
169	96.7	4.8100677	100.0	79.6	122.875	35.12548	17.617655	78.92846	-6.7975206	1700000	1.4280279e-08	68.85401	-0.009048608	-18.956797	0.27590457	0.015371498	0.06940694	18.0	4083.882054567337
170	96.07692	5.239958	100.0	81.4	125.47436	34.836998	17.558125	83.621445	-10.511564	1710000	-8.692344e-09	69.8283	-0.0058516376	-17.378298	0.2838224	0.015304349	0.05710571	8.0	4108.1135857105255
171	96.475945	4.91248	100.0	79.9	121.27848	34.78277	17.909882	79.59503	-1.5721432	1720000	3.1044085e-08	65.42788	-0.008066225	-13.607735	0.2819348	0.015815606	0.063006304	15.0	4131.830493211746
172	96.35875	5.610764	100.0	71.2	123.9125	34.638138	17.84328	79.49165	-1.7686259	1730000	-1.6298145e-09	63.666977	-0.006923108	-10.343699	0.28281987	0.015139423	0.0650065	13.0	4157.265704154968
173	96.33624	5.2770786	100.0	79.9	122.5	34.176067	17.820818	79.94888	-10.362286	1740000	5.5879354e-09	57.312862	-0.00967832	-9.980148	0.28074774	0.015339929	0.07480748	17.0	4180.801304340363
174	96.30886	5.2043357	100.0	77.5	124.0	35.00857	18.008888	80.001625	-5.3534927	1750000	-2.1575639e-08	66.07683	-0.007751593	-13.501229	0.27199247	0.015310391	0.05850585	10.0	4204.745728254318
175	96.94197	4.607103	100.0	81.1	120.320984	34.370983	17.337181	79.11916	-1.3810167	1760000	2.165325e-08	64.85595	-0.0067542396	-14.025815	0.27166224	0.015023745	0.060606062	12.0	4229.860739946365
176	95.73461	5.9543743	100.0	73.0	125.666664	35.89048	17.957409	80.68326	-9.143648	1770000	1.8839879e-08	68.604095	-0.0074409074	-17.24338	0.2754033	0.015627095	0.06420642	9.0	4252.90239572525
177	96.2525	5.875883	100.0	72.1	120.35	34.758717	18.203028	79.3452	-6.0980854	1780000	1.8626451e-08	55.684048	-0.008774052	-11.181678	0.2669594	0.015110749	0.06330633	17.0	4278.495321273804
178	96.69136	4.713186	100.0	83.8	119.679016	34.756298	18.188467	79.71504	-2.2614584	1790000	8.110267e-09	57.244644	-0.009482973	-9.934043	0.26767418	0.015554652	0.07640764	26.0	4301.800071716309
179	96.751854	4.6825423	100.0	84.4	121.03704	34.98046	17.88314	80.01065	2.0730824	1800000	3.3217173e-08	55.903393	-0.008723616	-12.868232	0.27037993	0.015130934	0.0580058	21.0	4326.757536411285
180	96.84125	4.264291	100.0	84.7	121.2875	35.492794	18.109858	79.90143	-16.095192	1810000	5.1998845e-09	56.158123	-0.00930097	-10.916283	0.26860827	0.015122366	0.06890689	21.0	4350.833152770996
181	96.82593	4.496384	100.0	82.9	120.75309	35.259747	17.636518	81.9742	-4.4410076	1820000	7.0237243e-09	51.598705	-0.006725535	-10.388106	0.26395842	0.015360002	0.05620562	9.0	4376.3729956150055
182	97.0076	4.0548077	100.0	85.0	121.51899	35.604416	17.861057	87.06807	-10.027157	1830000	8.071463e-09	54.164776	-0.009538341	-11.291564	0.26940063	0.015366353	0.07060706	20.0	4399.278597831726
183	97.024994	4.1586504	100.0	83.5	121.3125	35.241497	18.133028	80.70986	-0.7065315	1840000	3.1664968e-08	55.57309	-0.0043459977	-11.577773	0.26922953	0.015628507	0.048304826	7.0	4424.693678379059
184	96.695	5.145505	100.0	77.8	124.0	34.91099	18.001541	80.73235	-5.2360497	1850000	4.0667754e-08	66.040245	-0.007297659	-11.505563	0.27512875	0.015219738	0.06580658	10.0	4448.605341911316
185	96.816246	4.526794	100.0	83.5	122.5625	34.959248	17.658503	80.82257	-5.9977493	1860000	-1.3969839e-09	58.230427	-0.011452465	-11.962377	0.27336094	0.015362039	0.08120812	32.0	4473.697927474976
186	95.88461	6.055874	100.0	64.3	124.28205	34.902493	18.034576	82.128555	-13.769503	1870000	6.208817e-09	61.451603	-0.007136489	-13.460055	0.2887338	0.015325777	0.065806575	9.0	4496.347419500351
187	96.64322	4.8001013	100.0	81.7	122.679016	34.481228	17.501442	81.83224	-3.894874	1880000	-1.086543e-08	60.71228	-0.0082578575	-13.063806	0.28347602	0.01532581	0.07180718	15.0	4521.018805027008
188	96.83545	4.6440663	100.0	81.1	124.26582	34.39864	18.027565	80.58832	-0.5508201	1890000	1.8626451e-08	58.541916	-0.011435459	-13.219479	0.27124152	0.015110798	0.07810781	26.0	4544.869998216629
189	96.770004	4.495259	100.0	83.8	119.2	35.15751	18.101412	82.41889	-2.0864494	1900000	1.4280279e-08	64.701324	-0.008707852	-15.230784	0.27621737	0.015866118	0.080008	11.0	4567.690673112869
190	96.11392	5.592304	100.0	75.7	123.417725	35.285946	18.134508	81.97632	-8.106606	1910000	7.450581e-09	73.65728	-0.007048542	-17.566319	0.28254393	0.015808245	0.06590659	10.0	4591.431629419327
191	96.4775	5.0087914	100.0	76.9	123.3	34.80294	17.818052	82.605576	-3.5508432	1920000	-1.9868216e-08	64.9009	-0.0075222426	-18.618616	0.27520487	0.016799519	0.07450745	11.0	4616.6428163051605
192	95.78311	5.6179075	100.0	73.9	128.12987	35.253437	17.767555	83.61822	-8.43385	1930000	2.483527e-09	68.3218	-0.0070121363	-19.114098	0.27652696	0.015795646	0.07460746	9.0	4641.415603399277
193	96.14937	6.270039	100.0	58.3	124.20253	34.846684	17.755373	81.443726	-0.3503486	1940000	-2.2351742e-08	69.43849	-0.0058560236	-16.525871	0.26899466	0.017655319	0.06770677	7.0	4665.543383359909
194	96.5359	4.7117147	100.0	80.2	126.10256	34.81912	17.433258	80.51859	-11.212344	1950000	-1.7384687e-08	57.97481	-0.005204251	-13.988132	0.2631676	0.016240664	0.061606158	7.0	4689.6585693359375
195	97.211105	4.158911	100.0	82.6	119.27161	34.924675	17.651035	77.91459	-5.4170184	1960000	1.4280279e-08	55.65584	-0.009856397	-13.003444	0.25254098	0.015438281	0.075207524	25.0	4715.061523199081
196	97.18889	4.2620926	100.0	84.7	120.358025	35.57588	17.84256	80.38852	-8.852012	1970000	-6.9849193e-09	56.314953	-0.011510766	-11.099732	0.24965282	0.015143287	0.075307526	28.0	4737.863227367401
197	96.98125	4.325133	100.0	78.4	120.275	36.20848	17.710154	81.13488	-7.7807317	1980000	7.450581e-09	52.865585	-0.006345348	-12.6708975	0.25235116	0.0155573115	0.060706068	9.0	4762.0244081020355
198	96.82625	4.0236096	100.0	84.1	123.4375	35.43075	17.838531	81.031075	-6.2499747	1990000	-1.831601e-08	55.252903	-0.006124309	-8.917069	0.26099113	0.01660838	0.055105507	10.0	4785.970125675201
199	97.111115	4.193234	100.0	82.9	118.80247	35.17136	17.670292	79.75037	-1.0244247	2000000	2.9181441e-08	58.74638	-0.006430246	-12.657512	0.2631166	0.016181571	0.082308225	15.0	4809.4176144599915
200	97.02251	4.0718236	100.0	85.6	120.1125	36.391243	17.401503	80.60865	0.008628964	2010000	-4.967054e-09	54.33438	-0.0077480734	-12.235157	0.2620125	0.0154953925	0.06450645	16.0	4832.706233739853
201	97.14815	3.7163672	100.0	85.6	118.22222	35.908184	17.60822	78.28059	-8.586924	2020000	3.7252903e-09	56.61748	-0.012034192	-12.267869	0.26501986	0.015069831	0.07930793	42.0	4857.124223947525
202	97.02098	4.1847672	100.0	85.0	122.604935	35.41858	17.427332	82.73974	-7.824977	2030000	7.761021e-09	65.89664	-0.008345184	-11.417232	0.2713667	0.015544832	0.06530653	16.0	4880.662801265717
203	96.6859	4.4316673	100.0	79.3	124.76923	35.823746	17.659758	79.84191	-0.7795781	2040000	6.4028427e-09	59.280743	-0.0072859875	-10.263588	0.27443278	0.015328138	0.06120612	19.0	4904.719985961914
204	97.105	4.5341454	100.0	82.9	122.7375	35.07114	17.525295	79.85751	2.527556	2050000	4.967054e-09	57.778744	-0.008876153	-9.437551	0.27300894	0.015128431	0.07180718	19.0	4929.5261108875275
205	96.432915	4.760085	100.0	79.0	121.67088	35.871292	17.482237	80.416	-7.0522585	2060000	-3.3838052e-08	64.55799	-0.0063415454	-11.797271	0.2647496	0.016148	0.057005703	11.0	4952.502811908722
206	97.12501	4.0785875	100.0	82.9	121.575	35.085022	17.463474	78.78917	-4.7695746	2070000	2.1109978e-08	60.515797	-0.008684575	-11.127345	0.2597442	0.015630849	0.0740074	17.0	4975.386333703995
207	97.03704	4.142685	100.0	85.0	119.91358	35.57053	17.671524	81.73191	-2.5245543	2080000	2.4214387e-08	53.899963	-0.00559056	-11.416092	0.25832358	0.017122125	0.05770577	8.0	4999.117927074432
208	97.1025	4.179473	100.0	81.4	122.05	35.279392	17.817287	79.18956	-4.7601523	2090000	1.7384687e-08	63.26012	0.0005475152	-11.232417	0.26362768	0.017028267	0.04590459	6.0	5022.959797620773
209	96.74304	5.070108	100.0	77.2	124.46835	35.270283	17.951445	81.92822	-3.0644417	2100000	4.780789e-08	57.77348	0.014711645	-13.273101	0.27845547	0.0441557	0.029802978	1.0	5046.100796699524
210	96.56154	4.3792696	100.0	84.4	126.666664	34.788036	18.247364	79.89245	-2.7912607	2110000	5.5879354e-08	62.8716	-0.003274396	-13.878037	0.27656773	0.016732873	0.06170617	7.0	5069.229107141495
211	96.803795	4.404527	100.0	84.1	123.79747	35.944496	17.483263	80.16714	-4.8629417	2120000	2.173086e-09	54.84128	-0.0048902254	-14.548621	0.26817667	0.015285619	0.0710071	13.0	5092.60498547554
212	97.27408	4.229345	100.0	81.7	118.950615	35.146824	17.92995	80.52028	2.5615067	2130000	2.416588e-08	45.56371	-0.005992599	-8.498805	0.2559887	0.01638692	0.058405843	11.0	5114.361905813217
213	96.82692	4.3028216	100.0	80.8	124.0641	35.850643	18.257273	81.28903	-8.959703	2140000	-4.4703484e-08	49.2615	-0.0030469464	-8.87006	0.2531394	0.016629701	0.05340534	5.0	5139.043522834778
214	97.06	4.336058	100.0	83.2	120.7	34.804745	17.96895	78.71085	-3.793295	2150000	2.483527e-09	56.942154	-0.0031697962	-9.855171	0.24713455	0.015503958	0.06130613	9.0	5162.059183597565
215	97.149376	4.26476	100.0	83.2	118.987656	35.400455	18.026638	81.43268	1.358654	2160000	-3.7252903e-08	46.106915	0.0050491956	-10.092102	0.23967057	0.01819274	0.044504452	3.0	5185.606679201126
216	97.04074	4.3612146	100.0	80.0	118.22222	35.3851	18.122875	80.87051	-4.8878813	2170000	-1.3659398e-08	50.250492	-0.0066396073	-8.862701	0.23669408	0.015410152	0.06770677	18.0	5209.642158746719
217	97.16543	3.8946989	100.0	85.0	121.17284	35.35056	18.10158	81.995575	4.1285753	2180000	1.4280279e-08	45.85338	-0.005494166	-7.479097	0.24571598	0.017106991	0.05330533	11.0	5234.845174312592
218	96.79506	4.547117	100.0	80.8	119.48148	35.27159	17.95654	80.38915	-0.04762292	2190000	5.0912302e-08	46.73756	-0.0024018262	-8.325847	0.24133275	0.01639538	0.058405843	9.0	5258.1713926792145
219	96.960495	4.0913544	100.0	82.9	120.83951	34.872776	17.890148	79.36266	-7.2105694	2200000	-1.3542983e-08	50.37901	-0.006204378	-8.079734	0.23253922	0.016087554	0.064906485	14.0	5283.21888422966
220	97.053085	4.326835	100.0	79.0	119.419754	35.061836	17.81767	79.40697	0.08612108	2210000	-7.2953603e-09	50.158188	-0.0054779095	-8.021516	0.23718067	0.0151932025	0.05920592	10.0	5306.626974582672
221	96.46076	5.641111	100.0	69.7	123.56962	35.515118	18.500004	80.1527	-21.357332	2220000	-9.934108e-09	60.47899	-0.0074909762	-16.429647	0.24509598	0.015073232	0.06190619	11.0	5330.07094502449
222	96.79	4.703366	100.0	83.2	121.175	34.8892	17.747934	78.17751	-2.6367745	2230000	1.2417635e-09	56.654095	-0.0094741	-11.499154	0.2389025	0.015161452	0.07820782	29.0	5354.626883983612
223	96.88374	4.5414333	100.0	82.6	122.85	35.213703	17.861685	81.83881	-0.39992177	2240000	-1.0554989e-08	54.297092	-0.007663226	-11.043805	0.24458218	0.015467964	0.068906896	15.0	5377.591412782669
224	96.822495	4.5470862	100.0	82.9	121.65	35.194023	18.157797	79.70799	-9.2348175	2250000	-6.208817e-09	51.30451	-0.0068847463	-12.102783	0.24307524	0.016814008	0.07850785	11.0	5401.925345182419
225	96.87037	5.004651	100.0	80.2	121.07407	34.69158	17.952744	79.41087	-7.452922	2260000	-2.7939677e-08	52.260784	-0.008661441	-8.738473	0.24687724	0.015397021	0.070807084	23.0	5427.282454490662
226	96.582504	5.0538545	100.0	78.1	122.925	34.870514	18.2483	85.644615	-2.7183418	2270000	-1.8626451e-08	53.137592	-0.009997041	-11.083938	0.24982183	0.015483573	0.07190719	23.0	5453.074124336243
227	96.72625	4.5904183	100.0	82.0	122.575	34.637943	18.18385	84.59817	-3.3107896	2280000	2.1109978e-08	55.859646	-0.0076407767	-10.982606	0.24083465	0.015091293	0.06870687	14.0	5476.906724691391
228	96.70379	4.4967337	100.0	85.3	124.07595	34.854946	18.474794	81.71585	-6.0478954	2290000	-6.2088173e-10	62.601593	-0.007844671	-12.073365	0.24486971	0.015742378	0.061506152	18.0	5501.725682973862
229	96.9325	4.2761774	100.0	82.6	120.575	35.14042	17.857895	80.89385	-13.148053	2300000	-2.3826336e-08	47.260303	-0.004380422	-12.023307	0.25032213	0.015643997	0.056105614	9.0	5526.430166721344
230	96.79625	4.6154213	100.0	82.6	121.075	34.65578	18.227856	79.34391	-11.45011	2310000	1.8626451e-09	62.047054	-0.007088972	-12.725341	0.23895967	0.015439288	0.07020702	16.0	5550.470241785049
231	96.5175	4.9377065	100.0	80.2	122.0875	35.46717	17.906122	80.912735	1.6227316	2320000	-6.519258e-09	47.651646	-0.0066109095	-10.335916	0.24449933	0.015035975	0.05890589	12.0	5574.3210871219635
232	96.6375	4.7592373	100.0	83.2	119.8	34.845764	17.988396	79.865776	-3.26026	2330000	-8.071463e-09	50.773907	-0.007682973	-11.961617	0.24537212	0.016149567	0.06770677	13.0	5597.7135462760925
233	97.01852	4.443753	100.0	83.8	119.62963	35.00472	18.325716	80.69168	3.4956293	2340000	-2.3593506e-08	45.283955	-0.0067191143	-9.344302	0.25030342	0.017338695	0.08030803	27.0	5620.977813005447
234	96.2125	5.4035025	100.0	78.4	123.35	34.865147	18.38022	85.4628	-12.341396	2350000	4.9049657e-08	47.898296	-0.0001269866	-10.681447	0.25656846	0.016310727	0.04520452	4.0	5645.046875953674
235	96.16974	5.9024982	100.0	66.4	125.77631	34.055233	18.543356	80.40749	-8.605986	2360000	2.6077032e-08	56.87038	-0.013346539	-11.3010645	0.25603542	0.015034597	0.08010801	33.0	5669.279581069946
236	96.92875	4.2750497	100.0	83.5	121.0625	34.776505	17.948023	80.42117	-4.6075587	2370000	2.2972623e-08	50.06863	-0.007089533	-11.449742	0.24710028	0.015204233	0.06630663	12.0	5693.1072998046875
237	96.47215	4.5485272	100.0	85.3	123.70886	34.867626	18.206347	81.32834	-10.499531	2380000	1.5522042e-08	56.615356	-0.010653681	-13.624284	0.24302892	0.0156000955	0.07630763	19.0	5717.246936798096
238	96.5475	4.761459	100.0	82.6	122.35	35.20133	18.122463	81.97077	-6.551101	2390000	2.0489097e-08	49.546024	-0.00945381	-11.693283	0.24842946	0.01543462	0.06940695	16.0	5740.7712943553925
239	96.738754	4.578168	100.0	78.4	122.725	34.909737	18.290167	91.62942	-2.7806697	2400000	1.1796753e-08	55.357014	-0.0066785975	-10.2964945	0.24733432	0.016050456	0.06670667	11.0	5763.987871170044
240	97.12593	4.3575897	100.0	84.1	120.87654	34.24091	17.831932	79.88016	-10.674875	2410000	-1.086543e-08	46.30148	-0.007867138	-11.498	0.24116437	0.015152047	0.07310731	15.0	5790.405940771103
241	96.877495	4.4824376	100.0	82.0	122.9	35.268597	18.108568	79.876	-25.582905	2420000	-1.831601e-08	47.36649	-0.008663581	-9.982282	0.24763519	0.01519399	0.06390639	15.0	5815.162061452866
242	96.98642	4.700348	100.0	81.4	121.30864	34.792187	18.06022	82.32244	0.17528856	2430000	2.2351742e-08	52.428844	-0.008087059	-10.290939	0.23547484	0.015497204	0.07300731	16.0	5839.159442424774
243	97.18519	4.1993566	100.0	84.7	119.24691	35.28829	17.993555	79.8979	-6.623933	2440000	5.2774944e-09	43.650864	-0.0071499012	-9.44585	0.23441136	0.015433878	0.069406934	16.0	5864.148972988129
244	96.64375	5.01774	100.0	76.0	121.775	34.905804	18.351665	81.86431	-13.347759	2450000	8.071462e-08	54.444508	-0.0055080713	-9.841095	0.23609121	0.01536829	0.066506654	12.0	5888.977234840393
245	96.98875	4.2896967	100.0	85.9	122.8	34.971848	18.11513	79.768394	-2.819644	2460000	2.8560558e-08	49.321384	-0.008370359	-11.246545	0.23758872	0.015027806	0.06660666	16.0	5911.676490306854
246	96.79753	4.5296273	100.0	84.1	121.666664	34.432453	18.176542	83.09573	-15.194622	2470000	2.6697913e-08	49.31662	-0.0065812184	-9.862083	0.23495473	0.015508036	0.06250625	14.0	5935.63804101944
247	96.5875	5.341006	100.0	75.4	120.4375	35.23584	18.220125	80.11702	-11.850098	2480000	1.7384687e-08	43.143127	-0.008299832	-8.629933	0.23809099	0.015134609	0.06550655	15.0	5959.869358062744
248	96.207504	5.587839	100.0	76.6	124.0	34.5631	18.221931	89.38038	-9.856885	2490000	7.450581e-09	48.1709	-0.006415462	-12.684337	0.24994208	0.016906507	0.06040604	7.0	5984.702094554901
249	96.701256	4.598445	100.0	83.8	123.822784	35.105114	17.978558	80.23289	-4.678915	2500000	-2.9647103e-08	57.13179	-0.008255744	-14.140568	0.23352152	0.015285985	0.06540654	13.0	6007.498252391815
