Epoch	AverageEpRet	StdEpRet	MaxEpRet	MinEpRet	EpLen	AverageVVals	StdVVals	MaxVVals	MinVVals	TotalEnvInteracts	LossPi	LossV	DeltaLossPi	DeltaLossV	Entropy	KL	ClipFrac	StopIter	Time
0	97.68727	2.4500132	100.0	90.0	178.03636	30.853994	14.616488	63.1052	-4.9455748	10000	2.2943519e-08	29.792341	-0.005888865	-5.117399	0.38473442	0.015813626	0.07930793	6.0	29.73347043991089
1	97.86667	2.757347	100.0	84.0	176.44444	31.566023	14.243362	62.172764	-4.036419	20000	4.7652673e-08	25.650833	-0.0065086964	-4.141689	0.37349	0.017041726	0.08760876	9.0	57.76101040840149
2	97.11786	3.3418937	100.0	85.6	177.42857	31.27722	15.090767	62.455933	-4.8336678	30000	-7.450581e-09	26.365545	-0.0064348984	-4.2026486	0.3814505	0.015634755	0.08180818	11.0	86.14065527915955
3	96.24727	5.3981767	100.0	73.0	176.92728	31.01718	14.79711	62.352135	-1.1571261	40000	-4.967054e-09	33.71394	-0.009112506	-5.022404	0.3809391	0.01506875	0.06880688	17.0	114.37928414344788
4	94.85384	10.60204	100.0	49.0	188.15384	29.251385	15.5274935	63.74753	-39.59978	50000	-1.2417634e-08	49.483734	-0.010002018	-18.03166	0.38145372	0.015602052	0.06890688	14.0	142.88703989982605
5	97.27637	3.2615647	100.0	82.0	172.10909	30.87577	14.194245	60.04876	-2.2304864	60000	-9.934108e-09	28.85798	-0.0071479143	-6.0028663	0.38202515	0.015365783	0.08260826	11.0	170.3111617565155
6	97.28889	3.4830098	100.0	82.0	180.46297	31.073605	14.623618	62.307037	-1.9750113	70000	2.9802322e-08	29.141882	-0.008085628	-4.843407	0.3780103	0.015294951	0.095009506	17.0	198.90557551383972
7	96.33455	4.944353	100.0	76.0	178.8	30.641388	15.092008	62.937756	-12.96714	80000	1.1175871e-08	30.11271	-0.008901061	-3.3164818	0.3801339	0.015412334	0.09650964	18.0	227.1670582294464
8	97.42593	3.1084228	100.0	85.0	180.05556	30.40373	14.740244	63.06215	-8.975955	90000	-5.2774944e-09	30.603264	-0.009595588	-4.486157	0.38207617	0.015241464	0.08920892	25.0	255.13448214530945
9	97.022224	3.9164734	100.0	81.4	181.0	30.608728	14.856924	63.35004	-8.648871	100000	-2.8514478e-08	30.454958	-0.008106154	-3.9476311	0.38609645	0.01531672	0.06860686	14.0	282.9170820713043
10	97.54182	3.1651907	100.0	86.2	175.54546	31.16666	14.510893	62.010902	-0.44286513	110000	2.6697913e-08	31.5577	-0.0067301206	-4.512831	0.387212	0.016166374	0.05760576	12.0	310.6198732852936
11	97.32593	3.4810164	100.0	80.8	178.81482	30.778234	15.049839	62.290207	-6.1698313	120000	8.8475645e-09	30.51059	-0.007709231	-4.806808	0.38885558	0.015235041	0.093209326	12.0	339.45753955841064
12	96.56727	6.211165	100.0	69.4	178.78181	31.180792	14.700396	62.61813	-24.119787	130000	3.601114e-08	35.20971	-0.008337622	-4.663845	0.38072	0.016312202	0.09530953	11.0	366.9961109161377
13	97.42545	2.9337049	100.0	87.4	178.45454	30.428865	14.969071	61.7317	-12.34197	140000	3.4148495e-09	30.33375	-0.0052249855	-4.012726	0.3812771	0.016236737	0.08430844	6.0	394.29015016555786
14	97.26297	2.8437908	100.0	88.6	178.24074	31.277618	14.365881	62.722248	-7.2119365	150000	3.709768e-08	31.318125	-0.0057779253	-5.727408	0.3765714	0.015567894	0.1040104	9.0	421.6706726551056
15	97.20727	4.195576	100.0	71.2	175.07272	31.484032	14.425434	63.52924	-3.5886946	160000	-4.1599076e-08	24.952108	-0.0064109215	-3.6324215	0.38168135	0.016297417	0.08530853	11.0	450.20850920677185
16	97.182144	5.3277273	100.0	64.0	176.57143	31.31795	14.66446	63.436836	-9.475077	170000	-2.4214387e-08	33.61801	-0.007999913	-6.746965	0.3771977	0.015704311	0.06820682	16.0	477.2742033004761
17	95.97692	8.054492	100.0	46.0	186.34616	29.861202	15.698171	62.4516	-12.372784	180000	-1.2417634e-08	39.556953	-0.0069782385	-7.077658	0.38496152	0.015063279	0.07240724	12.0	505.08350586891174
18	96.58888	7.8333964	100.0	47.8	179.46297	29.543215	15.635586	62.37912	-17.049042	190000	-3.7252903e-09	37.188126	-0.008643887	-12.558365	0.3819555	0.0153468875	0.096909694	10.0	532.132182598114
19	97.60741	3.7392735	100.0	76.0	180.92592	30.773132	15.043293	61.686203	-6.9101834	200000	3.1044085e-08	29.071152	-0.009849467	-4.656798	0.38191333	0.015068273	0.08330833	23.0	561.0930142402649
20	97.46071	3.7601135	100.0	76.0	176.01785	31.162855	14.884737	61.87752	-8.754387	210000	-2.483527e-09	26.5793	-0.010658785	-2.8783214	0.38401708	0.015187744	0.076907694	41.0	590.4973087310791
21	97.432144	4.004957	100.0	73.6	172.46428	31.51265	15.383422	63.07572	-16.45627	220000	1.9324943e-08	29.688873	-0.007095465	-5.6669965	0.38771296	0.015003045	0.07550755	12.0	619.1309516429901
22	96.02963	7.666416	100.0	54.4	180.96297	30.454561	15.884107	62.70975	-17.069387	230000	3.7252903e-09	33.821896	-0.006097011	-7.216156	0.37974712	0.017082365	0.071607165	7.0	648.2735362052917
23	97.957886	2.1634076	100.0	91.0	170.4386	31.7459	14.840697	62.91478	-2.364039	240000	-6.208817e-09	25.30227	-0.0053248033	-3.845028	0.37381348	0.015293901	0.06880688	13.0	675.1347091197968
24	97.792595	3.355253	100.0	80.0	180.38889	31.203056	15.3006315	62.260517	-15.530516	250000	1.5211603e-08	28.01452	-0.0048572044	-4.86772	0.3747441	0.015943384	0.06050605	7.0	703.6374168395996
25	97.221825	4.097657	100.0	80.0	178.63637	31.189919	15.023759	61.0693	-5.424736	260000	-4.656613e-10	30.00589	-0.006839071	-4.873258	0.36961254	0.0152990585	0.08090809	10.0	732.5537667274475
26	97.33962	3.9156358	100.0	78.0	183.16982	30.471516	14.618424	62.557076	-9.998949	270000	-3.7252903e-08	26.403646	-0.0064735324	-4.333515	0.36674216	0.01660271	0.06880688	8.0	760.6031193733215
27	98.37358	1.7270489	100.0	94.0	182.39622	30.486862	14.3849125	61.2023	-22.514954	280000	3.3838052e-08	26.338034	-0.0048066447	-4.382839	0.36535275	0.015950136	0.09980998	7.0	788.612476348877
28	97.10182	3.8483753	100.0	76.0	176.10909	31.67853	14.350858	63.289234	-2.9491875	290000	6.829699e-09	24.403784	-0.0047502075	-3.5560856	0.36627153	0.01584551	0.08180818	8.0	816.2405018806458
29	97.26182	3.0684016	100.0	87.4	177.16364	31.104132	15.061095	62.153	-4.7334123	300000	-1.7384687e-08	26.18482	-0.0069773383	-2.9296238	0.37084886	0.015208545	0.070907086	11.0	843.9049437046051
30	97.49455	2.632898	100.0	88.6	176.85454	31.165953	14.795478	61.42738	-2.8376126	310000	-1.0244548e-08	23.969086	-0.008972178	-2.3249156	0.36736763	0.01516024	0.087308735	31.0	872.4882047176361
31	97.48	2.7516868	100.0	88.6	180.5091	30.972872	14.820848	61.977364	-3.6861444	320000	1.9868216e-08	28.136747	-0.008148315	-5.065111	0.38062263	0.015239208	0.07840784	10.0	900.8513739109039
32	98.00363	1.9332459	100.0	94.0	178.0	31.01583	14.69127	62.728195	-4.418676	330000	-2.7318796e-08	22.621857	-0.0070433095	-3.2856705	0.38379335	0.015744584	0.081208125	11.0	928.6366937160492
33	98.244446	2.0665467	100.0	89.8	179.81482	31.245373	14.7400875	63.0874	-2.1067982	340000	-3.7252903e-09	25.73739	-0.0060992935	-3.390693	0.37866905	0.015212979	0.0620062	9.0	956.1784181594849
34	96.70385	6.031136	100.0	65.8	187.75	30.048054	15.4038725	62.471603	-24.153358	350000	-6.6744783e-09	35.271614	-0.008012183	-7.31327	0.39174536	0.016343202	0.07550755	9.0	985.0159146785736
35	97.17037	3.322963	100.0	84.4	182.09259	30.052235	14.841824	61.768265	-15.635786	360000	1.5522042e-08	30.224989	-0.006767561	-4.513275	0.39033237	0.01539133	0.07140714	8.0	1011.7695367336273
36	97.566666	5.364182	100.0	61.6	180.27777	30.59836	14.63415	64.007416	-16.504662	370000	1.21071935e-08	28.164291	-0.005882287	-4.5969806	0.38466355	0.01566527	0.07780778	10.0	1038.056235074997
37	96.85091	3.7083135	100.0	82.0	178.4	31.31014	14.821767	67.404724	-4.5969667	380000	-7.916242e-09	28.833336	-0.0069355634	-3.675539	0.38602403	0.015306101	0.097809784	16.0	1066.0257148742676
38	96.09434	14.863942	100.0	-10.0	181.05661	30.513094	14.819541	66.64031	-12.39985	390000	-3.7252903e-08	69.85977	-0.0072444216	-12.86208	0.3953098	0.0150785195	0.0929093	13.0	1092.5725874900818
39	97.947174	2.0843167	100.0	92.8	182.86792	30.127426	14.694366	66.738365	-1.870176	400000	5.5879354e-09	30.492285	-0.007959714	-6.257046	0.39859512	0.015616656	0.06610661	14.0	1121.8381326198578
40	97.21851	3.8757117	100.0	80.2	181.44444	30.804523	14.540517	64.92844	-11.21281	410000	-9.002785e-09	26.158823	-0.009222093	-4.867323	0.3834548	0.015058018	0.08940894	18.0	1150.579603433609
41	97.13963	3.09926	100.0	85.6	183.15094	30.5342	14.448513	64.33694	-11.8006115	420000	-2.2662183e-08	23.679823	-0.007785739	-3.6889572	0.38499773	0.015498821	0.068506844	13.0	1178.8423278331757
42	96.58888	5.557166	100.0	75.4	178.81482	30.737118	14.704708	61.522743	-16.728022	430000	8.692344e-09	30.122726	-0.008046136	-5.0828266	0.37954578	0.015120731	0.078007795	13.0	1207.1629765033722
43	97.09434	3.0095708	100.0	86.0	182.18867	30.539818	14.52474	60.932205	-9.653981	440000	-1.6142925e-08	30.966013	-0.006812267	-5.7135034	0.37871087	0.015428506	0.067706764	9.0	1235.7642064094543
44	96.86415	4.2700844	100.0	74.0	180.81133	30.55311	14.478972	63.96521	-2.896119	450000	3.4769375e-08	31.086159	-0.005843596	-3.7665596	0.3772459	0.016155517	0.07370737	5.0	1263.3591139316559
45	96.78888	5.21059	100.0	64.0	178.18518	31.056587	14.545985	65.069595	-16.410664	460000	4.284084e-08	31.362726	-0.0047882837	-4.4972463	0.38698712	0.015249361	0.08350835	8.0	1291.1659965515137
46	98.075005	1.9103336	100.0	94.0	175.51785	31.42523	14.675938	62.62675	-7.638379	470000	-1.8626451e-08	24.443552	-0.008629779	-3.5203228	0.3719431	0.015173863	0.074407436	36.0	1319.951064825058
47	97.86038	3.853855	100.0	74.8	182.15094	30.944586	14.851338	63.118507	-9.212201	480000	-1.5522042e-08	30.950865	-0.0055500497	-5.3874283	0.38185063	0.016048124	0.06360636	6.0	1347.3644623756409
48	96.98546	3.8398585	100.0	84.0	176.43637	31.197767	14.797906	61.266212	-12.655306	490000	-4.967054e-09	29.790075	-0.0060386877	-4.2757564	0.38533226	0.015472434	0.110011004	9.0	1376.1401724815369
49	97.514824	3.2945755	100.0	86.0	181.33333	30.745228	15.104126	61.563854	-15.403153	500000	1.0554989e-08	30.924162	-0.006546197	-5.5548997	0.38430223	0.015698278	0.07770777	13.0	1403.5040805339813
50	97.55357	4.33161	100.0	71.2	172.25	31.9482	14.53807	60.505554	-13.751796	510000	-1.4901161e-08	26.937338	-0.0068257735	-2.9434197	0.38220415	0.015101165	0.07940794	13.0	1433.641013622284
51	97.76727	3.0624447	100.0	84.0	174.43637	31.320871	15.211588	61.71056	-6.3727646	520000	-2.629046e-08	26.639551	-0.0070679435	-3.3886273	0.36989054	0.015047625	0.0830083	12.0	1461.9237401485443
52	97.90176	2.37712	100.0	92.0	173.0351	31.713146	14.95908	61.31181	-3.949825	530000	1.0554989e-08	27.51523	-0.0062939464	-3.1679077	0.38571978	0.015579441	0.07760776	11.0	1491.321040391922
53	97.929634	2.377723	100.0	90.0	178.48148	31.548147	14.978655	61.011917	-10.748516	540000	-4.5324366e-08	28.162756	-0.011697891	-2.7288997	0.38469765	0.015014189	0.0980098	72.0	1524.477813243866
54	97.41454	3.1467977	100.0	85.6	176.87273	31.454868	14.743745	61.119705	-1.341758	550000	-9.934108e-09	29.875608	-0.006468831	-5.599809	0.38388124	0.015823672	0.08710871	8.0	1551.1235287189484
55	97.22593	4.3946176	100.0	74.0	179.2963	31.221031	15.3806505	62.12736	-6.493249	560000	1.2417634e-08	30.561865	-0.0067070075	-3.185315	0.37854877	0.01525746	0.07920792	14.0	1579.5866923332214
56	97.85926	2.4671557	100.0	90.4	178.2963	30.956572	14.569471	62.38978	-4.8658094	570000	7.450581e-09	32.24695	-0.007326467	-4.9298553	0.37235773	0.0155761605	0.054205418	13.0	1610.5369944572449
57	98.03928	2.4699392	100.0	91.0	174.10715	31.814137	14.358853	62.01109	-5.3720813	580000	-6.6744783e-09	26.47136	-0.0048680347	-3.4317253	0.37935185	0.017041085	0.084808476	8.0	1639.9658634662628
58	97.23928	4.242038	100.0	76.0	174.60715	31.851402	14.709864	61.906605	-1.0692871	590000	-7.450581e-09	31.829454	-0.009281792	-4.7435412	0.3831605	0.015101853	0.07260726	21.0	1669.5900630950928
59	98.17193	2.1027765	100.0	93.4	174.33333	31.58251	15.093429	64.740974	-5.5511894	600000	4.1133412e-09	27.677132	-0.008611276	-3.4249554	0.38110828	0.015181411	0.07010701	27.0	1698.288409948349
60	97.680695	3.0518007	100.0	84.0	170.19298	32.208065	15.104002	62.375465	-7.8260813	610000	-8.0404185e-08	29.400236	-0.0061532403	-4.352801	0.38388884	0.015152223	0.08120812	12.0	1727.996276140213
61	97.58545	3.3557231	100.0	80.0	176.74545	31.73698	14.77782	63.36098	-1.6903722	620000	-5.2774944e-09	26.982872	-0.007234962	-3.6889846	0.38011745	0.016017472	0.07090709	13.0	1756.6895627975464
62	97.72727	2.911385	100.0	84.4	176.63637	31.133522	15.015547	64.537704	-9.623304	630000	1.0981846e-08	33.343727	-0.004929336	-4.2974477	0.38311657	0.017078714	0.07420742	6.0	1786.136111497879
63	96.48363	5.3913994	100.0	74.0	176.74545	31.496572	14.76722	63.085022	-18.675066	640000	-4.5945246e-08	38.042374	-0.005380646	-7.5704155	0.38595	0.016258588	0.07710771	6.0	1813.5400955677032
64	98.01403	2.3338428	100.0	88.0	169.22807	31.98667	14.620512	63.461987	-2.0192242	650000	1.0089328e-08	25.363836	-0.0039033482	-3.5607708	0.37709156	0.016660139	0.077807784	6.0	1840.2504482269287
65	97.04139	4.993894	100.0	76.0	169.86208	32.573063	14.859137	63.30825	-18.50276	660000	-2.483527e-09	31.167725	-0.0049572326	-3.185028	0.37731275	0.01599109	0.07630763	11.0	1869.9821331501007
66	97.37142	3.3646119	100.0	86.0	172.30357	31.720007	15.345518	62.657455	-9.014442	670000	-2.20413e-08	28.97464	-0.0074000233	-4.699203	0.3762685	0.015866196	0.0710071	12.0	1897.0853326320648
67	97.52983	3.3530283	100.0	82.6	171.82455	31.892473	14.947144	62.108738	-1.2955773	680000	4.4703484e-08	32.971912	-0.0067588612	-5.9258485	0.38149366	0.016204717	0.072407246	8.0	1926.0319113731384
68	95.638596	14.623914	100.0	-10.0	173.92982	32.05811	14.770956	62.441372	-15.902546	690000	1.7384687e-08	75.251854	-0.0063420883	-23.323923	0.3692212	0.015861409	0.080208026	6.0	1955.4279072284698
69	95.210915	14.747446	100.0	-10.0	176.21819	30.780823	14.885563	59.327545	-36.92867	700000	-4.346172e-09	72.37899	-0.009397977	-13.238721	0.37110865	0.015362579	0.08420842	16.0	1983.813150882721
70	97.152725	3.416316	100.0	81.4	179.6	30.653706	14.80308	59.253624	-23.551395	710000	2.483527e-09	36.943264	-0.008026904	-9.869756	0.38268617	0.015154588	0.06860686	12.0	2013.8691103458405
71	97.51786	3.175751	100.0	82.0	172.67857	31.456757	14.724185	62.093693	-16.123606	720000	3.4148495e-09	28.955328	-0.0072111473	-5.1018643	0.37417683	0.015109171	0.072507255	13.0	2041.8651947975159
72	97.77857	3.0911574	100.0	86.0	174.46428	31.426943	15.004115	62.650383	-6.6999803	730000	-1.5366822e-08	33.271725	-0.008649944	-5.527504	0.38289127	0.015078251	0.07670767	16.0	2071.4697921276093
73	95.30714	18.590473	100.0	-40.0	174.21428	31.900572	14.496706	61.115932	-25.610168	740000	-2.4835268e-08	76.80157	-0.007206013	-25.833908	0.378688	0.015386348	0.06460646	12.0	2100.491655111313
74	97.53103	4.8041005	100.0	72.0	169.56897	31.614437	15.255338	60.06513	-59.58414	750000	-8.692344e-09	35.49018	-0.008276071	-9.318139	0.37950793	0.016092615	0.078707874	14.0	2130.4612395763397
75	97.631035	2.9150743	100.0	86.2	168.10345	32.75628	14.707404	61.943325	-3.770218	760000	3.601114e-08	26.034815	-0.008177871	-4.19924	0.36962572	0.015314359	0.08110811	16.0	2158.834924697876
76	97.99656	2.529138	100.0	89.8	169.06897	32.620003	14.675788	62.325222	-8.329449	770000	1.2417635e-09	24.373955	-0.007151401	-3.1892738	0.372414	0.015186708	0.08980898	16.0	2186.6665184497833
77	97.4037	4.6404805	100.0	70.0	178.77777	31.370975	15.178249	62.237106	-5.503216	780000	-3.4769375e-08	36.94159	-0.0062817596	-6.4931417	0.37569693	0.016143732	0.08360836	8.0	2215.599315881729
78	98.14909	2.2330472	100.0	91.0	176.2	31.520477	14.454656	61.66894	-7.307679	790000	-2.0489097e-08	31.865065	-0.007553663	-4.8910317	0.37016463	0.015794503	0.08120812	16.0	2240.9683434963226
79	97.99655	2.177785	100.0	92.2	168.82759	32.19566	14.798454	61.630672	-2.5361078	800000	-1.6235086e-08	25.47027	-0.0077122874	-3.601514	0.3664663	0.015158829	0.080708064	16.0	2268.6349136829376
80	97.915794	2.383554	100.0	90.4	173.61403	32.085724	14.997983	62.407673	-7.675363	810000	1.4901161e-08	28.95899	-0.0059536523	-3.8348472	0.3621122	0.015435745	0.07480748	10.0	2296.4322912693024
81	98.17544	2.2321634	100.0	90.0	169.24562	32.630116	14.7069645	62.966953	-2.247621	820000	5.060186e-08	25.079231	-0.0061734593	-3.0052738	0.3644979	0.015011415	0.080308035	13.0	2323.712548017502
82	96.796555	4.878594	100.0	74.0	168.77586	32.871384	14.643757	61.369255	2.1328743	830000	2.9802322e-08	30.656494	-0.008472855	-6.2685294	0.36758378	0.015025717	0.0720072	26.0	2351.856367588043
83	97.96	2.2314775	100.0	92.0	176.34546	30.919542	15.746856	62.99995	-20.537819	840000	-4.8428774e-08	33.1135	-0.0051940754	-7.4510417	0.36556056	0.016257929	0.06320632	9.0	2378.8190128803253
84	98.171936	2.2706177	100.0	92.2	168.89473	32.408173	14.5433655	62.490814	-0.27691507	850000	2.3748726e-08	22.653793	-0.0062589184	-4.421976	0.35725734	0.0150041105	0.0720072	10.0	2405.1557087898254
85	97.933334	2.937079	100.0	82.6	171.24562	32.758774	14.714361	62.88228	-8.662826	860000	-3.973643e-08	25.391136	-0.0066023716	-4.389124	0.35457042	0.015670491	0.07050705	13.0	2433.403496980667
86	97.453575	3.358463	100.0	86.2	175.28572	31.612364	15.092262	62.369717	-6.2378078	870000	3.7252903e-08	30.060883	-0.005948946	-3.4563706	0.3509315	0.015194724	0.06540654	11.0	2461.3800518512726
87	97.58571	3.3163786	100.0	80.0	171.96428	31.752808	15.046702	62.20421	-22.79554	880000	4.004687e-08	27.839025	-0.004460527	-6.6310096	0.34824255	0.015271149	0.05290529	6.0	2488.577454805374
88	97.679306	4.002058	100.0	73.6	166.68965	32.38998	15.098509	62.255493	-11.229166	890000	-3.8494665e-08	26.58722	-0.0061920243	-5.0194263	0.35766634	0.015952764	0.07420742	10.0	2515.087554216385
89	97.167854	4.2142234	100.0	76.0	172.71428	32.133152	15.056915	62.652534	-11.249314	900000	1.14863115e-08	32.828083	-0.0075210165	-6.700999	0.35317075	0.015152394	0.093209326	10.0	2544.1169431209564
90	98.006775	2.2452862	100.0	88.0	166.81355	32.30407	14.930146	61.009445	-7.3193965	910000	-5.4637592e-08	23.496725	-0.0061115962	-3.1638756	0.35107747	0.015486644	0.06950695	15.0	2571.571047067642
91	97.131035	4.5308976	100.0	76.0	170.41379	32.38625	15.104668	62.20044	-3.9996998	920000	-1.7384687e-08	28.040161	-0.0056327092	-2.9397373	0.34681606	0.015202212	0.0690069	8.0	2600.1594803333282
92	97.54482	3.127584	100.0	86.8	169.94827	32.25864	14.930586	61.855522	-5.3467875	930000	-2.6077032e-08	28.533949	-0.009097253	-6.7826214	0.35116386	0.015002977	0.09690968	16.0	2627.7983787059784
93	97.689285	3.143001	100.0	85.6	175.85715	31.736467	15.0142355	61.646503	-15.1457	940000	-4.346172e-09	28.655546	-0.007586492	-4.3003373	0.33627316	0.015051407	0.07990799	23.0	2655.4761571884155
94	97.84562	3.7134213	100.0	74.0	171.1579	32.096188	14.817122	61.151546	-28.370003	950000	1.8626451e-08	26.574015	-0.005408112	-3.209325	0.33772454	0.015145019	0.06530652	11.0	2683.7473006248474
95	97.932144	2.6439357	100.0	89.2	174.05357	31.73102	14.950081	62.818512	-1.9763737	960000	4.346172e-09	31.52025	-0.0064290166	-4.553818	0.33836272	0.015547016	0.081108116	11.0	2713.859718322754
96	96.635704	8.111113	100.0	43.0	174.64285	31.656534	14.838124	62.40025	-21.790928	970000	-2.483527e-09	40.825184	-0.006251892	-7.3397846	0.35347638	0.015094089	0.07580758	9.0	2740.71417593956
97	98.0931	1.8559185	100.0	93.4	168.18965	32.007977	14.832413	62.59232	-10.719348	980000	4.40826e-08	25.707617	-0.005828019	-4.7038517	0.3544434	0.015404264	0.0810081	12.0	2768.7647120952606
98	98.14484	2.382636	100.0	88.0	169.46552	32.509308	14.661487	61.57971	-3.0526066	990000	-5.153318e-08	27.981886	-0.005788699	-3.7058666	0.35111645	0.016540168	0.091509156	11.0	2796.63263463974
99	97.72542	3.5296128	100.0	76.0	166.86441	32.772114	15.082755	63.00951	-4.9584126	1000000	-1.3542983e-08	25.525122	-0.007089824	-3.986922	0.35208893	0.015758535	0.07310731	13.0	2827.330872774124
100	97.61404	3.6629696	100.0	79.6	172.24562	31.810617	15.536506	62.20286	-16.310074	1010000	1.5025337e-07	29.172602	-0.0074539855	-5.869783	0.35514367	0.015282686	0.07980798	9.0	2855.002203464508
101	98.19322	2.8575122	100.0	81.4	165.62712	33.14781	14.403527	61.51344	2.6347814	1020000	8.459513e-09	21.520088	-0.0045720427	-3.2404773	0.3464965	0.015578896	0.081408136	10.0	2882.572732925415
102	98.02807	2.6510344	100.0	86.8	170.0351	32.695114	15.192507	62.171715	-3.8685393	1030000	-2.2351742e-08	24.577911	-0.0053961375	-2.4532292	0.34517822	0.015527934	0.06110611	8.0	2910.9087369441986
103	97.792984	3.3226416	100.0	80.8	171.42105	32.518898	14.6190195	62.547462	3.2324958	1040000	2.4835268e-08	28.051313	-0.005043457	-3.272606	0.33908224	0.015577338	0.062406242	8.0	2937.3668580055237
104	97.579315	3.0768745	100.0	85.0	169.44827	32.27677	15.0769205	62.982384	-7.9873347	1050000	1.9868216e-08	27.742071	-0.00481271	-4.3809223	0.34190503	0.016036404	0.06530654	7.0	2965.7673993110657
105	98.067795	2.335753	100.0	89.2	166.64407	32.80748	14.52648	62.434975	2.5474994	1060000	0.0	22.764185	-0.0068177604	-3.3979084	0.3391101	0.015315768	0.08840885	19.0	2993.5069420337677
106	98.06552	2.3862793	100.0	88.6	168.15517	33.148537	14.797516	62.654495	-1.2465262	1070000	3.0423205e-08	25.623877	-0.0054365457	-3.589515	0.34148905	0.015105891	0.06220622	11.0	3020.805253267288
107	98.366104	2.1287863	100.0	89.2	168.08475	32.790115	14.917199	61.94437	0.24861854	1080000	4.346172e-09	23.664513	-0.00587898	-2.9533412	0.33983234	0.01571392	0.07030703	14.0	3049.6035962104797
108	98.3	1.8426428	100.0	94.0	162.16667	33.594437	14.744554	61.926334	2.255097	1090000	5.2568794e-08	16.354658	-0.0048292186	-2.37967	0.35014176	0.015126639	0.071607165	16.0	3076.2812147140503
109	97.84912	2.9828238	100.0	85.6	168.80702	33.14064	14.895161	62.543755	-13.095172	1100000	-1.6142925e-08	28.272028	-0.007121956	-4.3085723	0.3472654	0.015705904	0.072507255	16.0	3105.920430660248
110	97.89655	3.926785	100.0	77.8	168.2069	32.524433	14.854153	61.214294	-0.79542655	1110000	7.450581e-09	22.58988	-0.0051698857	-2.9792118	0.35691306	0.016262047	0.09220922	9.0	3135.349784374237
111	97.739296	3.3579154	100.0	86.2	173.73215	32.231647	15.001966	62.60955	0.053548932	1120000	-1.6453365e-08	27.33606	-0.006557492	-3.5185306	0.35421547	0.015221953	0.073307335	15.0	3163.7767424583435
112	98.08136	2.65767	100.0	85.0	167.05084	32.470192	14.93749	62.06897	0.21674913	1130000	2.1109978e-08	22.249949	-0.008231852	-2.965608	0.36044493	0.015029627	0.082108214	18.0	3191.032066345215
113	98.453575	1.9739337	100.0	92.8	173.48215	32.585964	14.956192	62.847202	-2.6625187	1140000	-1.3038516e-08	29.026728	-0.006718245	-4.161572	0.36819467	0.015247907	0.073507346	14.0	3218.1313564777374
114	97.71786	3.3427484	100.0	79.6	174.83928	31.860554	14.705354	62.621418	-16.7629	1150000	9.934108e-09	31.8975	-0.00574767	-6.8959756	0.36520448	0.015136485	0.07090709	10.0	3246.2361295223236
115	98.382454	1.9377251	100.0	92.2	171.54385	31.736223	15.131655	61.498974	-4.177679	1160000	-2.3903945e-08	26.272783	-0.007073873	-4.508501	0.3553085	0.015061771	0.06540654	14.0	3275.327522277832
116	97.86786	2.7957306	100.0	88.0	174.48215	31.774002	15.100141	61.18805	-19.473995	1170000	3.7252903e-09	28.553083	-0.005206861	-4.987454	0.36495376	0.01548215	0.0610061	12.0	3303.521015882492
117	98.42457	1.8471676	100.0	93.4	170.91228	32.12501	14.639851	60.631546	3.7796845	1180000	-1.9247333e-08	22.781908	-0.007014279	-2.6620128	0.36806476	0.015817195	0.09070907	12.0	3330.61168217659
118	97.57543	4.7771487	100.0	69.4	171.8772	32.321022	15.153335	62.04071	-16.929317	1190000	3.0578423e-08	30.280334	-0.009714574	-4.0499234	0.36900398	0.015234794	0.08700871	24.0	3358.4935624599457
119	96.8	15.684119	100.0	-20.0	170.98245	32.07209	14.648356	62.478638	-1.7753553	1200000	5.9604645e-08	86.24122	-0.010417684	-25.841887	0.3647193	0.015048091	0.09470948	25.0	3388.223043203354
120	98.01403	3.2689626	100.0	85.0	169.33333	32.254288	15.246428	61.441574	-23.50134	1210000	-3.973643e-08	29.524221	-0.007924191	-6.9511714	0.3672638	0.015831642	0.07210722	14.0	3416.5525188446045
121	98.41786	2.59127	100.0	85.0	173.41072	31.882507	15.399996	61.98579	-22.905863	1220000	1.27280755e-08	25.176542	-0.0067262966	-5.5548573	0.36333957	0.015566505	0.06400641	11.0	3442.8618416786194
122	98.22414	2.4652278	100.0	91.0	169.58621	32.164204	15.4193325	62.30867	-16.241896	1230000	-4.1133412e-09	24.421013	-0.0092560295	-3.1383278	0.36327186	0.015348618	0.0770077	20.0	3473.263578891754
123	97.14737	5.4586835	100.0	64.0	173.07018	32.475197	14.916847	62.314877	-13.1718025	1240000	2.8560558e-08	37.768612	-0.0067818235	-6.0049825	0.35451314	0.015862456	0.051905196	11.0	3500.311777830124
124	97.810715	2.3577893	100.0	90.0	174.55357	31.547266	14.977243	62.130775	-11.506862	1250000	-2.1109978e-08	27.655539	-0.0063646897	-4.1654296	0.35599267	0.015083812	0.077807784	13.0	3528.251926422119
125	98.10526	2.6607227	100.0	85.6	168.8772	32.152115	14.800094	62.254875	-6.741004	1260000	-4.1599076e-08	24.903772	-0.0063785226	-3.855275	0.3576534	0.015326393	0.07480748	10.0	3556.439828634262
126	98.26316	2.5173523	100.0	89.2	169.57895	31.629602	15.555288	61.853374	-28.465118	1270000	3.1199306e-08	27.05625	-0.0065329545	-5.2987866	0.36086485	0.016160903	0.06710672	7.0	3583.3224070072174
127	97.81852	2.985711	100.0	86.8	178.11111	31.895561	14.621768	61.256546	-5.874425	1280000	-4.749745e-08	30.534658	-0.0057532843	-5.4876533	0.34927985	0.017081983	0.08450846	11.0	3611.253450870514
128	98.24286	3.6370537	100.0	76.0	173.94643	31.974207	14.283902	62.085434	-8.031725	1290000	-5.6810677e-08	28.919357	-0.0043568555	-4.066177	0.35120976	0.015425156	0.0740074	6.0	3641.8832111358643
129	98.515785	2.1228735	100.0	90.4	170.66667	32.38163	14.774534	62.316315	2.8851736	1300000	1.3038516e-08	24.233076	-0.004172327	-2.5458877	0.35915688	0.01644014	0.06010601	11.0	3669.830683708191
130	98.47857	2.3954353	100.0	86.0	175.89285	31.89407	15.178222	63.37309	-10.053051	1310000	-5.5879354e-09	28.13083	-0.0057406225	-3.696457	0.35041288	0.015685083	0.07140714	16.0	3698.0877015590668
131	97.69629	4.0252423	100.0	76.0	180.88889	31.608366	14.542897	62.423206	2.1753128	1320000	-9.934108e-09	29.659264	-0.005658114	-4.168579	0.34639442	0.01536068	0.0770077	12.0	3725.651081085205
132	98.250916	2.0567288	100.0	92.0	177.94545	30.984686	14.776675	61.902306	-6.3384576	1330000	3.4769375e-08	26.078852	-0.0059924717	-4.4829183	0.34759322	0.015023033	0.07770777	11.0	3755.793210744858
133	98.04814	2.3798335	100.0	88.0	177.98148	31.506828	14.608718	64.290924	0.038795054	1340000	-1.5832484e-08	29.187185	-0.004136135	-4.1781845	0.35517797	0.015002643	0.073507346	7.0	3782.560153722763
134	98.25358	2.4685133	100.0	85.6	177.66072	31.551476	14.447319	61.98145	-3.2926152	1350000	4.346172e-08	26.527641	-0.005698636	-4.5034413	0.35121432	0.01511224	0.064906485	18.0	3810.641785144806
135	97.96	2.725876	100.0	86.2	177.52727	31.271168	15.261149	62.927654	-0.21306062	1360000	1.9868216e-08	28.10946	-0.0059949956	-4.364858	0.35419586	0.016696678	0.089108914	9.0	3839.0051217079163
136	98.082756	2.549113	100.0	88.0	169.7069	32.282825	14.597405	62.936657	1.136563	1370000	-4.967054e-09	24.668737	-0.011248939	-3.3259442	0.35041678	0.015546343	0.095309526	54.0	3869.849301338196
137	97.80728	2.7567997	100.0	88.0	175.01819	31.981215	14.839308	62.786423	-6.3371058	1380000	-4.346172e-08	25.258688	-0.007486814	-3.2484417	0.36085853	0.01635051	0.07560756	12.0	3898.3520951271057
138	94.932144	23.693739	100.0	-80.0	173.0	31.622171	15.134245	63.25179	-12.522309	1390000	3.4769375e-08	82.888954	-0.0076446086	-17.266499	0.36055803	0.015361189	0.07020702	18.0	3926.756567955017
139	97.575	3.9306602	100.0	76.0	176.375	31.563442	14.262373	61.294697	-5.9093513	1400000	-8.071463e-09	31.55423	-0.007659366	-6.000796	0.35966805	0.015646793	0.072407246	15.0	3955.456463098526
140	98.31579	2.1905534	100.0	90.0	168.82455	31.919777	14.859545	62.01329	2.021764	1410000	9.934108e-09	23.164045	-0.0057497825	-3.8754013	0.36475682	0.01692534	0.09550955	11.0	3986.292955160141
141	94.479996	24.190264	100.0	-80.0	173.94545	32.417854	14.756179	64.45127	-31.837471	1420000	2.4835268e-08	81.81825	-0.008423922	-13.902404	0.35435796	0.015365322	0.07020702	33.0	4014.8817722797394
142	97.656136	3.3986075	100.0	82.0	172.38597	31.032051	14.696711	61.201912	-18.035978	1430000	-8.692344e-09	30.94845	-0.0063987696	-6.7116694	0.35128677	0.016503133	0.0721072	9.0	4041.204400062561
143	97.86316	3.7037976	100.0	80.8	170.54385	31.909777	15.16309	62.4278	-1.28701	1440000	7.1401396e-09	28.340944	-0.006798079	-4.3369727	0.3497279	0.01678471	0.072507255	10.0	4066.654844760895
144	98.01455	3.575442	100.0	76.0	177.2	31.848396	14.798242	62.884144	-0.13937646	1450000	4.1909516e-09	29.02063	-0.009164545	-3.1213443	0.3343769	0.015127095	0.092909284	30.0	4094.864061832428
145	98.02546	2.43013	100.0	88.0	174.01819	31.442827	14.89866	62.818913	-15.841827	1460000	-1.1641532e-08	27.95633	-0.007502138	-3.4030373	0.34529567	0.015154586	0.061806183	13.0	4122.454614877701
146	98.03929	2.6979938	100.0	89.8	173.25	31.404642	15.048317	64.727646	-43.602554	1470000	-2.4835268e-08	37.238808	-0.007832496	-11.207669	0.33743656	0.015392388	0.07880788	15.0	4151.001420259476
147	97.22499	4.0265303	100.0	79.6	173.83928	32.340767	14.522858	65.37006	-6.535797	1480000	2.4835268e-08	32.176754	-0.008976553	-5.5696015	0.34690055	0.015207492	0.07490749	13.0	4179.092038393021
148	97.479996	2.8813128	100.0	88.0	177.4909	31.18166	15.028088	62.882767	-5.063788	1490000	-7.450581e-09	27.55336	-0.011219725	-3.1930892	0.3404642	0.015234453	0.08360837	32.0	4207.2899005413055
149	97.49819	3.071481	100.0	88.0	176.3091	31.333292	14.523811	62.417896	-3.181581	1500000	-5.9449423e-08	27.782318	-0.01131051	-3.1613457	0.3467017	0.015045627	0.08420842	33.0	4234.655548810959
150	97.81754	2.6251898	100.0	86.0	171.22807	31.99291	14.603911	62.2972	1.2090107	1510000	1.4280279e-08	23.874039	-0.006064438	-2.375157	0.3483347	0.015179861	0.06030603	12.0	4263.278949975967
151	97.75715	3.3775973	100.0	81.4	176.57143	31.268559	15.39903	62.937077	-18.457232	1520000	-5.2774944e-09	31.314249	-0.0054944283	-5.904327	0.34561968	0.01542202	0.06750675	6.0	4291.982958316803
152	97.82222	3.5345209	100.0	77.8	177.7037	31.452587	14.711314	61.602547	-13.342333	1530000	-1.6763806e-08	29.040487	-0.011460328	-3.398278	0.3418376	0.015031685	0.0760076	52.0	4319.421956062317
153	97.65819	2.7821958	100.0	88.0	175.12727	31.280653	15.471902	64.7693	-10.358639	1540000	-2.483527e-09	24.000875	-0.006411236	-2.7851264	0.33824185	0.015508336	0.07280728	11.0	4346.500905275345
154	97.05556	5.4470406	100.0	65.2	178.18518	30.684652	15.657149	63.23672	-13.638919	1550000	-9.934108e-09	33.91614	-0.0058043916	-5.755097	0.34769917	0.015194823	0.056905687	6.0	4376.1507778167725
155	98.40728	1.9692042	100.0	92.0	173.98181	31.15861	14.819263	60.88817	-11.901912	1560000	-2.4214387e-08	23.993332	-0.004473205	-4.043594	0.34696126	0.017689435	0.08120812	7.0	4402.676695823669
156	97.934555	2.8214903	100.0	85.6	177.23636	31.204594	15.382079	62.49785	-6.339192	1570000	-6.829699e-09	29.677658	-0.005230267	-4.2797737	0.3418602	0.016436357	0.07720772	8.0	4431.6464285850525
157	98.275	2.2839696	100.0	88.0	174.75	32.090244	14.493564	63.65042	-5.94739	1580000	1.4901161e-08	28.026968	-0.0073554143	-4.0728264	0.34708342	0.01533233	0.07120711	19.0	4460.037191152573
158	97.8963	2.4412324	100.0	92.0	179.88889	31.010935	15.288088	65.14985	-16.449734	1590000	-8.692344e-09	28.427439	-0.00725071	-3.514101	0.34336457	0.015008513	0.0620062	12.0	4486.9048800468445
159	96.989296	4.899915	100.0	76.0	175.53572	31.50424	14.91922	62.537792	-11.454222	1600000	1.7074248e-08	34.170628	-0.0043331245	-3.3232338	0.3408815	0.01818719	0.085708566	5.0	4514.91447520256
160	97.59286	4.861358	100.0	70.6	172.64285	31.381681	15.093057	62.22241	-10.414561	1610000	7.761022e-08	32.805202	-0.0081016235	-6.183434	0.34372067	0.015048124	0.07580758	15.0	4543.593209505081
161	96.91636	4.7774763	100.0	76.6	176.63637	31.286654	14.981614	63.5399	-3.4652271	1620000	-4.967054e-09	28.32234	-0.0061389147	-4.843435	0.3475804	0.01518296	0.07370737	10.0	4571.760292291641
162	97.65263	3.7050042	100.0	78.0	172.52632	31.800545	14.91451	62.883606	-1.9409311	1630000	-1.6142925e-08	26.061195	-0.007951573	-3.0231621	0.34087047	0.015068936	0.08710871	22.0	4602.149660110474
163	96.83773	6.1169796	100.0	59.2	180.5849	31.240246	14.848151	63.278694	-12.3503895	1640000	2.4835268e-08	38.688015	-0.008618328	-10.126467	0.32876	0.01503069	0.0940094	12.0	4631.024183511734
164	97.80351	3.7994442	100.0	76.0	170.92982	31.526758	14.4814205	63.44847	-5.4147215	1650000	1.2417634e-08	30.000486	-0.008142616	-6.1913147	0.3407496	0.015778707	0.08190819	17.0	4659.078613519669
165	98.14828	2.093194	100.0	92.0	169.2931	32.28446	15.152986	63.021877	0.123735964	1660000	2.9802322e-08	23.469294	-0.007285585	-4.093666	0.33940375	0.015022845	0.05070507	18.0	4686.756873846054
166	98.17895	2.7706945	100.0	84.0	170.49123	32.557003	14.852155	64.73844	0.67085546	1670000	4.035731e-08	23.648008	-0.007235078	-1.993887	0.3434293	0.015122405	0.08260826	26.0	4713.970744132996
167	97.25264	4.1197047	100.0	82.0	171.57895	32.138042	15.0416975	63.294025	-9.073645	1680000	3.7252903e-09	31.592382	-0.0075931735	-3.347016	0.34270346	0.015386008	0.07930793	26.0	4744.536796808243
168	97.81403	3.5747375	100.0	77.8	172.0351	31.581913	14.901271	63.214554	-0.23577553	1690000	-2.1109978e-08	28.84432	-0.005873151	-4.1205325	0.33691072	0.015984215	0.07140714	7.0	4773.117735862732
169	97.7965	2.8993628	100.0	88.0	172.52632	32.18521	14.804754	63.61592	-3.720829	1700000	9.313226e-09	26.410425	-0.0063814134	-3.7323806	0.33983162	0.015879044	0.077707775	9.0	4802.30943441391
170	97.846436	3.0951557	100.0	82.0	173.64285	32.13328	14.894118	63.40274	-4.754987	1710000	2.9802322e-08	28.101532	-0.0075889933	-3.1050751	0.33574697	0.015085253	0.07410741	19.0	4830.9294192790985
171	97.72281	3.1127925	100.0	83.8	172.08772	32.20309	14.7758465	63.99885	-11.58216	1720000	-3.1044085e-08	30.040136	-0.0062161274	-4.9338117	0.34719133	0.016563134	0.07130713	9.0	4857.199497699738
172	97.51724	3.961893	100.0	81.4	170.46552	32.436413	14.411016	62.830276	-18.863138	1730000	-1.5522042e-08	28.646235	-0.006727056	-3.3849933	0.3430415	0.015586785	0.073507346	12.0	4884.56810259819
173	96.72143	8.709329	100.0	43.6	174.69643	31.73344	14.858067	63.144077	-15.917487	1740000	-1.0244548e-08	36.66451	-0.010319774	-6.8338504	0.33867785	0.015146059	0.07300729	20.0	4913.763222932816
174	97.47586	3.5676377	100.0	80.2	171.36208	31.821945	14.693567	62.734745	-1.7825627	1750000	-1.3659398e-08	25.072098	-0.007830639	-3.2770386	0.34250107	0.015589897	0.06710672	14.0	4941.835924386978
175	98.27369	2.6977916	100.0	84.0	170.75438	32.30925	14.762691	63.17782	2.6778429	1760000	1.6142925e-08	23.191374	-0.007821745	-2.4984467	0.34141156	0.015403417	0.080708064	25.0	4970.86972951889
176	97.99649	2.293084	100.0	92.8	173.38597	32.1774	14.971442	62.78183	-3.267178	1770000	2.8560558e-08	25.27207	-0.0083137015	-2.8382657	0.34444463	0.015006592	0.09180918	20.0	5001.151465892792
177	98.15273	3.037933	100.0	84.0	174.76364	32.01247	14.613859	62.96373	-4.9734282	1780000	-1.6142925e-08	27.176117	-0.007061525	-3.37515	0.34695184	0.015196194	0.066706665	15.0	5027.952202320099
178	98.078575	2.7760918	100.0	86.2	175.10715	31.858006	14.879026	62.104183	-4.4833317	1790000	1.4901161e-08	27.84828	-0.0069521195	-3.7609005	0.34837148	0.015613884	0.084708475	12.0	5054.316944599152
179	97.99259	2.6252232	100.0	86.2	179.88889	31.29243	14.3123865	61.767876	-8.204707	1800000	-8.692344e-09	30.140305	-0.006902317	-4.2028656	0.34845972	0.015302822	0.0740074	11.0	5082.6330823898315
180	97.12858	4.1959896	100.0	80.2	175.48215	31.372925	14.304762	62.48255	-9.814492	1810000	-4.4703484e-08	35.043182	-0.009887065	-5.060854	0.35654518	0.015385437	0.074307434	19.0	5111.2002210617065
181	98.58571	2.1675718	100.0	91.6	171.73215	31.870064	14.28395	62.71255	-10.037323	1820000	-1.7384687e-08	25.888216	-0.0063529364	-4.111395	0.36479196	0.015358501	0.0780078	11.0	5138.775429010391
182	97.80357	2.8969173	100.0	86.0	174.07143	32.197174	14.651847	63.235268	-1.8541039	1830000	7.450581e-09	29.567926	-0.007819145	-5.1802487	0.36339763	0.015071143	0.069106914	17.0	5166.8701186180115
183	97.77895	2.833554	100.0	88.0	171.17545	31.860748	14.905949	62.4407	-10.167174	1840000	-2.5572566e-08	25.088274	-0.0077868253	-4.168731	0.36560604	0.015166561	0.07450745	20.0	5193.9454934597015
184	98.07368	2.0398252	100.0	94.0	173.33333	32.069523	14.912128	62.658596	-0.6916548	1850000	2.0489097e-08	24.218168	-0.0056686862	-2.7641265	0.36483714	0.015154039	0.07380738	12.0	5223.136384725571
185	97.694916	2.969987	100.0	86.8	165.42372	32.82932	14.681113	62.883587	-1.4430482	1860000	6.9849193e-09	23.623	-0.006773258	-3.6684132	0.37423432	0.015572439	0.07510751	12.0	5251.327911615372
186	97.96896	3.005696	100.0	87.4	169.93103	32.687874	14.870118	62.90968	-6.502092	1870000	5.8983765e-09	23.873747	-0.008322991	-2.7730477	0.37496147	0.015235215	0.080708064	15.0	5279.281029701233
187	98.03636	2.6043577	100.0	88.0	174.2	32.232826	14.670402	62.68037	-10.197261	1880000	3.0423205e-08	27.790619	-0.0064223087	-3.849786	0.36584833	0.01510676	0.06120612	16.0	5306.827983140945
188	98.10526	2.2993836	100.0	91.6	171.50877	32.230377	14.488073	62.111454	-0.042670727	1890000	-6.301949e-08	26.921793	-0.006229751	-3.8260853	0.3790704	0.015548018	0.06720672	12.0	5335.680416584015
189	98.28214	2.2607768	100.0	94.0	174.23215	32.24286	14.51723	62.809864	-0.31312704	1900000	-1.1175871e-08	27.522385	-0.006595351	-3.2301636	0.37318015	0.015599634	0.07860786	18.0	5365.132796764374
190	98.42808	2.1144247	100.0	93.4	169.50877	32.4024	14.710739	61.9986	-0.004686475	1910000	-6.829699e-09	21.510666	-0.005410476	-3.5818813	0.37916777	0.015383862	0.07480748	9.0	5393.741218328476
191	98.26667	1.9700683	100.0	94.0	171.29825	32.719013	14.622364	62.536346	1.6129584	1920000	-1.5522042e-08	28.831682	-0.0062545477	-5.691448	0.38461652	0.015063434	0.07580758	11.0	5423.138239622116
192	97.77501	2.8390296	100.0	86.0	172.55357	32.19579	14.755766	62.590233	-5.6340656	1930000	2.089655e-08	26.587809	-0.006018394	-3.7144306	0.38241282	0.015151587	0.08060806	12.0	5450.930175542831
193	97.570366	3.5599437	100.0	82.0	178.83333	31.124657	15.031295	62.4011	-24.494297	1940000	9.934108e-09	32.11765	-0.0094699925	-5.4129415	0.37696692	0.015205949	0.0760076	24.0	5479.558557510376
194	96.73454	5.7663665	100.0	66.4	178.10909	31.075829	15.033839	61.809788	-16.278702	1950000	2.483527e-09	36.934013	-0.01068591	-8.472805	0.38318464	0.015151749	0.079607956	22.0	5507.136742353439
195	98.02106	2.7521431	100.0	88.0	172.89473	31.727491	14.821482	62.650932	-5.8809676	1960000	-2.4214387e-08	28.177704	-0.00548595	-3.9615734	0.3760872	0.0154744955	0.07570757	6.0	5534.933427810669
196	98.26546	2.566938	100.0	88.0	175.32727	31.810892	14.854725	62.876842	-8.065758	1970000	2.1109978e-08	25.286812	-0.006419119	-2.6815174	0.37231544	0.015455678	0.08510851	15.0	5563.243398427963
197	97.23214	4.776098	100.0	70.0	174.05357	31.906025	14.643681	62.888412	-8.357183	1980000	-2.8097324e-08	30.81942	-0.0072040507	-3.391454	0.38794062	0.015158976	0.07040704	18.0	5592.261763095856
198	97.28001	3.8915477	100.0	77.8	175.81818	31.760832	14.406192	64.2541	0.6466031	1990000	-3.228585e-08	32.058117	-0.004913473	-5.33111	0.37536836	0.015237893	0.06930693	7.0	5619.536401987076
199	97.64815	4.2689123	100.0	77.2	177.98148	31.202438	14.653483	62.758297	-9.037764	2000000	8.071463e-09	31.763876	-0.004745029	-4.577011	0.38359758	0.016235061	0.091709174	6.0	5645.261259555817
200	97.903564	2.876752	100.0	88.6	175.16072	31.580828	14.407039	62.18653	-7.573449	2010000	6.208817e-09	27.426193	-0.0053362343	-3.2318141	0.3880756	0.01591104	0.06990699	10.0	5672.95076751709
201	97.75636	3.7462595	100.0	80.0	178.10909	31.39752	14.589066	62.511333	-8.185681	2020000	-1.4901161e-08	32.41022	-0.00971253	-4.0905075	0.40123168	0.015006228	0.086408645	27.0	5701.661004543304
202	97.85926	2.808355	100.0	88.0	178.96297	31.1462	14.408035	62.56335	1.3712853	2030000	-1.4901161e-08	29.961914	-0.007338442	-4.570488	0.3968912	0.015017548	0.08540854	15.0	5730.768267393112
203	97.36728	6.4863224	100.0	52.6	178.34546	30.994112	14.897687	62.740826	-25.765923	2040000	1.27280755e-08	34.678493	-0.0063463054	-7.6412625	0.39221284	0.015623204	0.05350535	8.0	5758.941512584686
204	98.00714	2.3970108	100.0	87.4	171.28572	31.977173	14.264592	61.077217	-1.5959322	2050000	-5.7742e-08	28.588129	-0.0065477933	-5.0710053	0.40404034	0.015402746	0.089008905	9.0	5786.350691080093
205	97.23846	3.575351	100.0	82.0	185.59616	30.842129	14.781284	62.49342	-1.6494153	2060000	-2.8560558e-08	34.88458	-0.0126227215	-7.1294103	0.3965691	0.015410706	0.10541054	40.0	5816.114572763443
206	97.13334	4.098238	100.0	79.0	181.62962	30.577484	14.225339	62.10151	-2.5962744	2070000	-1.5677264e-08	33.811832	-0.0072049196	-6.37114	0.40945053	0.0153926015	0.08420842	9.0	5844.8800139427185
207	97.74909	3.667492	100.0	76.0	176.89091	31.014696	14.222302	62.89634	-2.4971497	2080000	-1.2417634e-08	29.084305	-0.0050667436	-4.6065946	0.4052583	0.01508119	0.06880689	10.0	5872.889185428619
208	98.0691	2.311149	100.0	91.0	176.5091	31.749485	14.201176	62.92358	-4.3933773	2090000	3.8339447e-08	28.52859	-0.008593313	-2.993161	0.3895769	0.015323088	0.076007605	26.0	5901.403431177139
209	98.04074	2.7271962	100.0	86.2	182.5	31.115805	14.603428	62.971733	-16.31852	2100000	-7.450581e-09	27.341314	-0.005104993	-3.13049	0.39710617	0.01568794	0.09620962	7.0	5929.033502817154
210	97.486786	3.9743533	100.0	82.0	178.16982	31.337475	14.225211	61.859474	-4.554664	2110000	-1.9868216e-08	32.59492	-0.0054011443	-4.8801885	0.39912996	0.015077832	0.06550655	8.0	5957.127438783646
211	97.60728	4.0777826	100.0	81.4	176.16364	31.087515	14.578033	62.31362	-20.398972	2120000	9.934108e-09	29.37509	-0.0065632854	-4.6617827	0.40166035	0.0156139275	0.07040704	11.0	5986.496246576309
212	97.85926	2.5674975	100.0	90.4	178.81482	31.171091	14.747979	61.32477	-0.788015	2130000	-4.40826e-08	26.515284	-0.0063494327	-2.9179757	0.40024814	0.016028363	0.11531153	15.0	6013.345006942749
213	97.64643	2.995471	100.0	86.2	173.16072	31.693714	14.632211	62.23213	-0.9309858	2140000	1.5522043e-09	26.896263	-0.0064826366	-3.218444	0.40175152	0.015462791	0.07230723	13.0	6042.352323770523
214	98.189095	2.6722596	100.0	88.0	174.12727	31.35841	14.914601	62.428764	-14.945474	2150000	2.1109978e-08	29.078161	-0.0070025823	-4.904839	0.4038165	0.015887363	0.0790079	9.0	6068.344484329224
215	97.46415	4.2649555	100.0	74.0	184.56604	31.318829	14.532583	65.37394	-17.706532	2160000	-7.450581e-09	33.90717	-0.0069369585	-6.400639	0.39500436	0.01611156	0.097009696	10.0	6096.9301681518555
216	98.0	2.575988	100.0	88.0	176.26785	31.238077	14.100338	64.728294	-1.2375643	2170000	-2.483527e-09	31.450705	-0.0065467334	-5.5553837	0.39975107	0.015911296	0.08480849	12.0	6124.611651659012
217	97.421814	3.8788326	100.0	76.0	176.6909	31.73847	14.675514	66.31384	-5.7480307	2180000	-1.7384687e-08	27.449875	-0.0071274606	-2.6668994	0.39550254	0.015483881	0.06870688	16.0	6152.616317510605
218	98.0	3.7776675	100.0	76.0	183.73077	30.142656	15.139699	65.44463	-9.538541	2190000	3.7252903e-09	29.769678	-0.007425519	-5.1172314	0.3947861	0.015629774	0.076807685	12.0	6179.899774551392
219	97.84643	3.8108854	100.0	74.2	176.16072	31.601208	14.028286	63.50719	1.1005652	2200000	8.692344e-09	30.715372	-0.0055602924	-5.498875	0.4043361	0.016951308	0.110011004	10.0	6209.19487118721
220	97.063156	5.0944977	100.0	74.8	170.73685	32.049324	14.399922	64.96689	-17.239107	2210000	-7.450581e-09	34.411057	-0.0075258114	-5.232155	0.41984835	0.01504103	0.07580758	15.0	6238.024974107742
221	97.640755	2.7825859	100.0	88.0	178.59259	31.296766	14.931338	63.16829	-7.0887136	2220000	-4.967054e-09	33.574203	-0.008302863	-5.3467126	0.4044429	0.015255307	0.09090909	20.0	6266.352535009384
222	98.03272	3.4522748	100.0	82.0	178.3091	31.100956	14.5437355	62.084686	-5.0812984	2230000	-3.7252903e-09	31.624458	-0.009126729	-4.475386	0.40788853	0.015449453	0.097709775	29.0	6293.981153249741
223	97.74909	4.1679683	100.0	74.2	177.58182	31.413149	14.5225935	62.13822	-9.306005	2240000	6.208817e-09	28.964066	-0.0066956747	-4.0347486	0.38887584	0.015591361	0.06760677	11.0	6323.5369348526
224	97.65455	3.4610465	100.0	86.2	178.58182	31.65625	14.380726	61.753117	-9.109949	2250000	-1.9247333e-08	28.215652	-0.008696441	-3.6535122	0.39123917	0.016001025	0.079507954	29.0	6351.924564599991
225	97.46182	3.5107884	100.0	79.6	176.74545	31.281857	14.688396	61.701397	-9.557265	2260000	-3.290673e-08	30.173353	-0.00609541	-5.2783585	0.39726663	0.015433622	0.06970697	9.0	6379.043420791626
226	97.26793	4.129223	100.0	76.0	180.79245	30.598593	14.634107	61.84454	-4.971363	2270000	2.8250119e-08	30.673042	-0.0073570735	-5.62151	0.40162313	0.015472189	0.0810081	14.0	6406.05695271492
227	97.68519	2.4354181	100.0	88.6	180.5	30.793993	14.684775	61.5826	-6.356554	2280000	4.5324366e-08	24.793182	-0.0068000644	-3.9216137	0.4010547	0.01534997	0.08170817	11.0	6435.124812602997
228	95.99273	14.673711	100.0	-10.0	176.90909	30.968699	14.816281	63.584763	-4.8265696	2290000	1.2417634e-08	85.36915	-0.007522481	-16.631256	0.40342593	0.015346885	0.07010701	12.0	6463.354978084564
229	97.80357	2.3069737	100.0	92.8	175.01785	30.913708	15.205988	60.64421	-4.4194465	2300000	4.5013923e-08	32.488087	-0.014111823	-7.1373863	0.39577648	0.012706761	0.08950895	79.0	6494.555650472641
230	96.81886	4.459844	100.0	76.0	181.84906	30.370396	15.757993	62.51755	-39.293324	2310000	1.2417634e-08	44.96724	-0.008577342	-13.844532	0.39894843	0.015015687	0.08260826	10.0	6523.342653512955
231	96.08888	6.2067666	100.0	58.0	180.83333	30.517048	14.595029	61.957554	-14.963323	2320000	1.0244548e-08	39.864727	-0.005406286	-6.4407086	0.39933777	0.01601412	0.072507255	7.0	6550.389271497726
232	97.03704	3.3195434	100.0	86.0	178.74074	30.301525	14.981725	61.495045	-15.036564	2330000	4.0978193e-08	27.619207	-0.005034646	-4.213042	0.4018986	0.01524509	0.07930793	8.0	6578.801922798157
233	97.36364	3.8359241	100.0	76.0	177.2	31.223667	14.496008	62.363132	-1.8002968	2340000	-1.7384687e-08	29.607376	-0.00815899	-3.9986916	0.39359882	0.015061095	0.09140914	20.0	6608.929269075394
234	94.02142	20.207941	100.0	-10.0	174.69643	31.065807	15.441263	62.114883	-18.244312	2350000	-3.7252903e-08	112.82047	-0.008153341	-50.691853	0.4033307	0.016097317	0.070607066	8.0	6635.725403547287
235	98.070175	2.9366386	100.0	82.0	171.33333	31.107944	14.686707	58.41691	-18.151613	2360000	1.9247333e-08	36.006786	-0.007275836	-10.896014	0.3846501	0.01532995	0.066706665	15.0	6663.932586431503
236	97.48148	5.769205	100.0	58.0	178.40741	31.34726	14.979674	61.575867	-10.371977	2370000	-8.692344e-09	31.361765	-0.006261442	-4.662168	0.38221827	0.015108573	0.084708475	12.0	6691.0858998298645
237	97.69454	2.793982	100.0	88.0	179.89091	30.45062	15.567188	61.761486	-11.458864	2380000	-7.450581e-09	30.190577	-0.007220518	-5.146772	0.38399506	0.015325981	0.08980898	13.0	6720.057195663452
238	96.653564	8.350919	100.0	37.6	174.76785	31.449793	14.827641	61.089893	-29.951406	2390000	-6.2088173e-10	36.334362	-0.0066404487	-7.835794	0.38427973	0.015222371	0.085808575	9.0	6746.903393983841
239	98.0963	2.0409656	100.0	93.4	178.0	30.691319	15.478264	60.90734	-5.0372715	2400000	3.3770903e-08	26.892878	-0.004782326	-3.6189759	0.38717636	0.015280467	0.08070807	7.0	6774.914045572281
240	98.09643	2.0392544	100.0	92.8	171.125	32.022705	14.543942	61.019737	-3.9736001	2410000	4.5945246e-08	25.938154	-0.005701195	-3.2379348	0.3908827	0.015838617	0.06520652	8.0	6802.358481168747
241	98.680695	1.6508836	100.0	94.0	172.8772	32.287056	14.874432	62.643135	-16.273539	2420000	0.0	24.894066	-0.0063136197	-3.7921588	0.39316687	0.016853627	0.10291029	9.0	6829.5556640625
242	97.36072	4.1919007	100.0	76.0	175.28572	32.05648	14.872734	62.4218	-7.2294264	2430000	2.173086e-08	29.882584	-0.0076766703	-4.152376	0.38512358	0.015498239	0.09840984	22.0	6858.56400179863
243	97.45556	4.3342595	100.0	74.2	178.96297	30.854572	15.175921	62.315758	-19.523947	2440000	1.9247333e-08	35.972076	-0.0076268134	-7.076822	0.39719298	0.016334947	0.08870888	10.0	6884.779947042465
244	98.52143	1.8344629	100.0	93.4	172.30357	31.544395	14.667292	61.393036	-5.581593	2450000	-1.816079e-08	25.040474	-0.0053073415	-3.7831352	0.39534333	0.016448416	0.08430844	7.0	6913.209409713745
245	95.85714	14.613286	100.0	-10.0	171.48215	32.330215	14.884075	61.469757	-32.432922	2460000	-1.3038516e-08	84.039894	-0.0066831526	-16.79807	0.39127234	0.015527017	0.09470946	8.0	6941.789244651794
246	97.31636	5.41052	100.0	68.0	176.54546	30.871042	15.618745	60.53777	-23.477467	2470000	5.0252615e-09	42.544415	-0.012344879	-9.583171	0.37810946	0.015022653	0.09250925	32.0	6971.88734126091
247	97.01072	4.487032	100.0	76.0	174.32143	31.210054	15.018149	61.84721	-31.29067	2480000	-1.2417634e-08	36.823563	-0.008611509	-5.641867	0.39801982	0.015527387	0.07380738	14.0	6999.4829268455505
248	97.87142	2.7814255	100.0	90.4	172.46428	31.65938	14.4426775	61.774982	-0.20233232	2490000	1.8626451e-08	25.693176	-0.005115989	-4.2867055	0.39101788	0.01517985	0.07770777	10.0	7027.277443647385
249	98.23572	2.3348625	100.0	88.0	175.01785	31.734879	15.090989	62.1128	-2.4799976	2500000	6.6744783e-09	24.386572	-0.004538967	-2.5525677	0.38250372	0.016071698	0.08240824	8.0	7055.269446134567
