Epoch	AverageEpRet	StdEpRet	MaxEpRet	MinEpRet	EpLen	AverageVVals	StdVVals	MaxVVals	MinVVals	TotalEnvInteracts	LossPi	LossV	DeltaLossPi	DeltaLossV	Entropy	KL	ClipFrac	StopIter	Time
0	99.53125	2.1430757	100.0	84.0	151.32812	36.68974	14.78225	59.23198	-16.74464	10000	2.483527e-09	7.421366	0.013795822	-0.50313497	0.3796536	0.058288664	0.15271528	1.0	21.96408224105835
1	99.5625	1.1973277	100.0	96.0	153.03125	36.59292	14.853793	59.128902	1.169459	20000	-1.6550379e-08	6.6839523	0.005397634	-0.6735773	0.3938531	0.023731994	0.10861086	1.0	43.27339029312134
2	99.84615	0.72813284	100.0	96.0	150.18462	36.96948	14.375627	60.324684	5.2638025	30000	-2.0178655e-08	3.749381	-0.007353898	-0.70988744	0.39248696	0.0098641	0.06850686	79.0	65.84360814094543
3	99.56923	1.4672761	100.0	90.0	151.0	37.005024	14.75644	60.45018	-4.293806	40000	-1.7384687e-08	4.3630047	-0.008178829	-0.15493901	0.3901472	0.012291194	0.076007605	79.0	88.6672089099884
4	99.970146	0.2425086	100.0	98.0	147.1194	37.592537	14.251556	60.321484	3.419584	50000	-9.313226e-09	5.785696	-0.006505703	-0.46630618	0.3952663	0.015973685	0.0850085	20.0	109.97953510284424
5	99.76119	0.9477319	100.0	94.0	145.16418	38.258022	13.976635	60.568073	4.9566154	60000	-6.208817e-09	3.6429818	-0.0051427367	-0.23507936	0.39751086	0.016802343	0.0720072	27.0	131.6237530708313
6	99.791046	0.85583705	100.0	96.0	146.71642	37.943188	14.4322815	60.647205	1.4114316	70000	1.4901161e-08	3.1411393	-0.0058761314	-0.20962326	0.39033023	0.015431098	0.065506555	46.0	154.2332911491394
7	99.58209	2.6885567	100.0	78.0	147.01492	37.827923	14.446737	60.66294	0.4106135	80000	0.0	6.577358	-0.009612071	-0.7388825	0.39969635	0.01292774	0.08140814	79.0	177.44197154045105
8	99.94118	0.33791542	100.0	98.0	145.10294	37.9505	14.394774	60.01099	-7.9547453	90000	5.5879354e-09	4.5057664	-0.008261572	-0.577521	0.39239645	0.012963383	0.0650065	79.0	200.78330278396606
9	99.8806	0.5864741	100.0	96.0	146.59702	38.03094	14.256419	60.726685	2.840101	100000	1.1175871e-08	4.5635753	-0.0066509605	-0.4497846	0.38782763	0.015412405	0.07230723	31.0	222.57578420639038
10	99.757576	0.81762046	100.0	96.0	147.9697	37.719254	14.379137	60.340454	1.275494	110000	7.450581e-09	6.1127377	-0.00931158	-0.40337673	0.4014763	0.014925976	0.07660766	79.0	245.51310920715332
11	99.753845	0.9612616	100.0	96.0	148.13846	37.7229	14.336528	60.039955	3.4305565	120000	2.2118911e-08	10.070234	-0.007693348	-1.1687267	0.39401352	0.015239611	0.07060706	30.0	266.5944724082947
12	100.0	0.0	100.0	100.0	145.32835	38.102764	13.866694	60.81463	4.7432117	130000	2.2351742e-08	4.5077095	-0.008085272	-0.7069561	0.40252495	0.008388384	0.06810681	79.0	289.6039047241211
13	99.84849	0.72284013	100.0	96.0	148.15152	37.804157	14.499833	60.635563	5.593524	140000	-3.1044085e-09	4.4395947	-0.00868775	-0.5508821	0.39555025	0.015410581	0.08390839	72.0	312.4554567337036
14	100.0	0.0	100.0	100.0	146.54546	37.86101	14.41784	60.677372	6.4051833	150000	1.7384687e-08	2.8675034	-0.00569031	-0.32037744	0.3964877	0.015172534	0.06410641	29.0	333.694477558136
15	99.731346	0.8390131	100.0	96.0	147.07463	37.7585	14.75865	60.35261	4.49861	160000	-1.3038516e-08	3.4162588	-0.008572483	-0.18266813	0.39515293	0.010354667	0.07020702	79.0	356.69505548477173
16	99.393936	2.1453173	100.0	88.0	149.15152	37.25596	14.990541	60.01314	-12.393062	170000	9.313226e-09	6.9907174	-0.007947411	-0.6339633	0.40243182	0.008466375	0.0730073	79.0	379.87047362327576
17	99.65625	1.0928568	100.0	96.0	152.10938	36.55226	15.366717	60.036198	-1.6827983	180000	2.8560558e-08	8.150277	-0.009832763	-1.1467842	0.41468906	0.010853164	0.08190819	79.0	402.58321142196655
18	99.70588	0.92448425	100.0	96.0	144.98529	37.961704	13.857983	59.69718	4.104581	190000	1.2417634e-08	3.6115582	-0.006250651	-0.6173511	0.43057656	0.0154888155	0.09230923	28.0	424.36496591567993
19	99.884056	0.46737725	100.0	98.0	143.13043	38.567123	14.111777	60.830162	3.9828517	200000	8.2266824e-09	2.1588523	-0.006611739	-0.20967014	0.42803076	0.009435676	0.07360736	79.0	447.02741289138794
20	99.10448	3.7739651	100.0	70.0	147.80597	37.791294	14.909674	60.946274	5.828017	210000	0.0	9.926229	-0.011605136	0.7377269	0.42998108	0.013351618	0.083108306	79.0	470.22888708114624
21	99.70588	0.8585012	100.0	96.0	144.08824	37.85985	14.254736	60.973557	-1.6269869	220000	-1.9324943e-08	11.611386	-0.0057134256	-8.1089525	0.42918834	0.008472412	0.06190619	79.0	493.0829155445099
22	99.545456	1.0896457	100.0	94.0	146.24243	37.9533	14.569466	60.375893	0.6790807	230000	7.450581e-09	4.4522552	-0.008116078	-0.3178506	0.4188254	0.013226956	0.08280828	79.0	515.3682780265808
23	98.666664	5.8809743	100.0	54.0	147.69698	37.516457	14.666075	60.241962	-13.454619	240000	-1.9868216e-08	14.010636	-0.011507575	-1.5037165	0.4369637	0.015031508	0.086608656	76.0	536.2358186244965
24	99.666664	1.1326201	100.0	94.0	148.33333	37.043114	14.827451	59.633514	0.9993792	250000	4.967054e-09	4.393455	-0.007970258	-0.57445836	0.4332063	0.015187507	0.06690669	43.0	558.1480052471161
25	99.69697	0.9995406	100.0	94.0	148.18182	37.51643	14.834082	59.942657	-1.1861601	260000	-8.692344e-09	5.63693	-0.007880262	-0.46547088	0.43221867	0.0069946167	0.06570657	79.0	580.7312161922455
26	99.52941	2.3792648	100.0	82.0	144.66176	38.16339	14.209662	60.4203	4.7890625	270000	9.934108e-09	6.6370053	-0.007200605	-0.56372285	0.4289465	0.007913311	0.08220822	79.0	603.6563632488251
27	99.94118	0.33791545	100.0	98.0	143.55882	38.302402	14.280845	60.80086	1.6699728	280000	2.483527e-09	3.5086138	-0.0065167206	-0.26614246	0.4199032	0.0067426115	0.04810481	79.0	626.548024892807
28	99.588234	2.9217002	100.0	76.0	144.52942	38.368885	14.399356	60.4015	0.4489353	290000	0.0	5.612391	-0.008840501	-0.47617555	0.42000338	0.014526083	0.09120912	79.0	649.4404003620148
29	99.82353	0.74638695	100.0	96.0	144.52942	37.68294	14.967608	60.347862	-11.257804	300000	1.9169724e-08	3.760083	-0.0073041	8.060871	0.4345624	0.009890266	0.06720672	79.0	672.8809742927551
30	99.61194	1.5545334	100.0	92.0	144.7612	38.546997	14.793366	60.970695	3.5941603	310000	-1.4901161e-08	13.004453	-0.00081167533	-7.609545	0.42564416	0.015801257	0.116811685	39.0	694.6484208106995
31	99.15151	3.267111	100.0	82.0	146.95454	37.863503	14.486786	56.552143	3.0835414	320000	3.7252903e-09	10.300121	0.004703458	-1.7653003	0.43248168	0.021175543	0.06970697	2.0	715.6199352741241
32	99.44615	1.8062351	100.0	88.0	149.43077	37.16809	14.935084	56.172626	-10.548681	330000	-4.0357313e-09	9.024677	-0.008248953	-1.4394217	0.42085442	0.008532281	0.08290829	79.0	738.8686895370483
33	99.48485	1.4060737	100.0	92.0	148.51515	37.328953	14.365248	56.26154	2.7447746	340000	-1.4901161e-08	7.4172883	-0.007983034	-0.6385689	0.4215666	0.009047232	0.0770077	79.0	761.9794540405273
34	99.462685	2.4084945	100.0	82.0	146.46269	37.850563	14.166135	56.657204	2.6889062	350000	1.5522043e-09	6.5047355	-0.008742724	-0.8454196	0.41547433	0.01069773	0.06430643	79.0	785.2391135692596
35	99.69697	1.1142288	100.0	92.0	148.33333	37.420517	14.865094	57.132298	2.4924262	360000	1.8626451e-09	4.7677393	-0.0092627425	-0.35440516	0.4184722	0.013220198	0.07570758	79.0	809.4806826114655
36	99.884056	0.46737725	100.0	98.0	143.33333	38.476208	13.889048	57.296135	5.63101	370000	-2.483527e-09	2.9961789	-0.006560438	-0.27824768	0.4213827	0.0066568595	0.06480648	79.0	832.8051559925079
37	99.710144	1.1433672	100.0	92.0	143.53622	38.51035	14.304099	57.64383	2.008959	380000	-9.313226e-09	3.964904	-0.007781926	-0.16584444	0.41287455	0.015266622	0.08450845	77.0	856.1309304237366
38	99.731346	0.7645521	100.0	96.0	146.37314	37.861668	14.548745	57.54811	2.738456	390000	-1.9247333e-08	4.0236726	-0.0067179427	-0.26354232	0.41072288	0.0056577884	0.05810581	79.0	879.3776059150696
39	99.292305	2.4414563	100.0	82.0	151.18462	36.981937	15.232082	57.637005	-4.321602	400000	1.5522043e-09	15.253044	-0.008799534	-2.727081	0.40659156	0.011731692	0.080008	79.0	902.9183402061462
40	99.41538	1.9126488	100.0	88.0	149.70769	37.152637	14.017151	57.481476	4.5641203	410000	2.2662183e-08	11.269359	-0.008362853	-0.5912733	0.4205637	0.007520396	0.06950695	79.0	925.78182721138
41	98.98462	4.298452	100.0	66.0	151.26154	36.74225	14.309733	57.66285	3.73875	420000	-1.8626451e-08	18.178488	-0.010041914	-1.9770389	0.41388226	0.0130355945	0.07810781	79.0	949.6285679340363
42	99.5	2.598076	100.0	80.0	145.23529	37.728355	13.772942	57.69459	-10.394002	430000	8.692344e-09	5.584135	-0.008272719	-1.0138665	0.42005566	0.007767465	0.0720072	79.0	973.0862874984741
43	99.242424	2.7139404	100.0	82.0	146.5303	37.80251	14.469287	58.602306	-11.343304	440000	-2.6077032e-08	7.4576817	-0.008774963	-0.46393093	0.41972145	0.007548994	0.06690669	79.0	996.0248787403107
44	99.69697	1.1142287	100.0	94.0	148.30302	37.389194	14.768162	59.332024	4.530886	450000	-2.8560558e-08	3.882721	-0.009117078	-0.24719524	0.4201757	0.0152521385	0.09700971	61.0	1018.8636782169342
45	99.606064	1.112992	100.0	94.0	146.42424	37.772926	14.620046	59.31668	1.6581515	460000	-1.1175871e-08	4.5059	-0.007660927	-0.2767159	0.4348996	0.011255674	0.07220722	79.0	1041.9511280059814
46	99.01492	4.0500326	100.0	68.0	145.2388	38.096405	14.278448	59.539272	-0.30122975	470000	8.071463e-09	8.659343	-0.008618182	-1.2679089	0.44471836	0.010525201	0.06810681	79.0	1065.4532504081726
47	99.76119	0.73483783	100.0	96.0	144.50746	37.876194	14.30587	56.12306	-4.1336846	480000	-3.7252903e-09	5.038027	-0.007552938	-1.3813387	0.4455165	0.009076155	0.06880688	79.0	1088.7801723480225
48	99.545456	1.8355231	100.0	86.0	147.65152	37.609165	14.902847	59.125423	-2.2025805	490000	-1.3038516e-08	6.619902	-0.009512156	-0.47972736	0.43996227	0.009073039	0.06920692	79.0	1112.2999484539032
49	98.738464	4.843003	100.0	74.0	148.23077	37.452236	14.760762	59.421196	-7.107084	500000	-1.4901161e-08	15.398656	-0.009739443	-0.81168336	0.4447691	0.0077624395	0.0810081	79.0	1133.141813993454
50	98.757576	5.3230796	100.0	68.0	147.28787	37.43544	14.381994	58.96181	-0.88814414	510000	-1.7384687e-08	13.345113	-0.007502168	-2.6957219	0.43566635	0.01507713	0.07030704	27.0	1154.8364038467407
51	99.5	1.3879735	100.0	90.0	145.57353	37.67941	14.624387	59.207615	-7.902029	520000	6.829699e-09	8.208984	-0.008038233	-1.394694	0.4241462	0.007921666	0.063206315	79.0	1178.398565530777
52	99.31343	2.8400598	100.0	78.0	146.70149	37.8574	14.450837	59.91306	-6.7355924	530000	-1.4901161e-08	10.02936	-0.0075379536	-0.59326166	0.43198168	0.006756926	0.07380738	79.0	1201.6264159679413
53	99.50769	1.1651752	100.0	96.0	148.12308	37.348595	14.646442	59.237373	0.64741033	540000	9.934108e-09	6.5797086	-0.008284009	-0.6066801	0.43003047	0.014651202	0.07790779	79.0	1224.4086997509003
54	99.85507	0.6203169	100.0	96.0	142.21739	38.626163	13.696049	59.286503	2.746759	550000	-3.0423205e-08	4.5528965	-0.006804733	-0.60674113	0.4231896	0.0054120594	0.0580058	79.0	1247.501784324646
55	99.522385	2.4939222	100.0	80.0	145.44775	38.344242	14.486195	60.03982	0.78464186	560000	-1.3659398e-08	11.300004	-0.0076114484	-0.67901415	0.4245901	0.007972959	0.08630863	79.0	1270.4822957515717
56	99.64179	0.84113455	100.0	96.0	144.8806	38.038143	14.234183	59.80676	-7.0889673	570000	4.656613e-09	8.052319	-0.007671218	-0.37198606	0.4269251	0.007978801	0.08320832	79.0	1293.6033282279968
57	99.76119	0.73483783	100.0	96.0	143.95523	38.127823	14.069893	59.7464	6.7022114	580000	-9.313226e-09	6.251611	-0.0075317957	0.0063100657	0.43582794	0.015339891	0.08030803	43.0	1315.9930546283722
58	99.617645	1.1508232	100.0	94.0	145.10294	37.978672	14.500773	58.3025	4.916794	590000	-4.967054e-09	5.2823596	-0.008780451	-0.6655757	0.43394825	0.015016713	0.10581058	58.0	1338.9111764431
59	99.44615	1.1900972	100.0	96.0	148.53847	37.363907	14.908124	59.100674	1.811611	600000	6.2088173e-10	8.036698	-0.008682364	-0.6969374	0.43863	0.007878697	0.09180918	79.0	1362.3414154052734
60	98.545456	5.598111	100.0	70.0	149.01515	37.222343	14.631407	58.879536	-10.783888	610000	-7.450581e-09	21.3179	-0.007512912	-2.8260562	0.4370598	0.015031718	0.099709965	13.0	1384.1473050117493
61	99.731346	0.90738404	100.0	94.0	146.49254	37.29546	14.413836	58.756577	-1.4466503	620000	1.3659398e-08	6.0111084	-0.008878756	-1.2708746	0.42564937	0.012091964	0.080008	79.0	1408.1643846035004
62	99.25373	2.1254904	100.0	84.0	145.74626	38.056652	14.362656	59.18558	-0.90437126	630000	3.259629e-09	6.1436257	-0.007245261	-0.4128739	0.42735633	0.008679199	0.07590759	79.0	1431.2845277786255
63	99.76471	0.8065477	100.0	96.0	143.44118	38.175617	14.202183	59.28793	4.495363	640000	2.3593506e-08	3.6902077	-0.008224435	-0.37673202	0.4360421	0.01502772	0.07310731	55.0	1453.5479266643524
64	99.47692	1.2292298	100.0	96.0	148.56923	37.5888	14.941271	59.87414	3.2976894	650000	-8.381903e-09	7.3627915	-0.007636372	-0.6514756	0.4265082	0.010344278	0.081308134	79.0	1476.7223582267761
65	99.61194	0.99183565	100.0	96.0	147.22388	37.59204	14.357281	59.783676	5.6805787	660000	1.1796753e-08	6.768301	-0.007831738	-0.3392438	0.4237016	0.009178757	0.09010901	79.0	1500.3402156829834
66	99.55882	1.6394256	100.0	88.0	145.61765	37.905254	14.227525	60.51865	5.9657507	670000	-1.1796753e-08	6.8702474	-0.0074588177	-0.24251175	0.42050323	0.0077155964	0.069206916	79.0	1523.9291694164276
67	99.82609	0.65842414	100.0	96.0	141.89854	38.748146	13.754424	60.43129	7.437756	680000	-2.4447218e-09	3.2158034	-0.0067662657	-0.27905336	0.43053654	0.0102609135	0.0710071	79.0	1547.286199092865
68	98.878784	4.2658443	100.0	72.0	147.0303	37.928185	14.7932205	60.699883	5.38229	690000	-9.313226e-09	11.377197	-0.009803046	-0.552313	0.42247403	0.008999578	0.08540854	79.0	1570.653166294098
69	99.76471	1.3074181	100.0	90.0	143.26471	38.069065	14.142134	58.313198	-1.3462886	700000	1.4280279e-08	8.118018	-0.0077232593	-1.481088	0.42375708	0.015140775	0.10021002	41.0	1592.951441526413
70	99.10769	3.1187918	100.0	76.0	149.96924	37.228245	14.849754	60.168118	3.8587554	710000	-4.0357313e-09	10.826305	-0.0075716763	-1.2761375	0.42498484	0.015561535	0.09860986	34.0	1615.0290586948395
71	99.63636	0.9791209	100.0	96.0	145.90909	37.721745	14.283417	59.34548	4.9292493	720000	-2.8560558e-08	6.6297793	-0.008005729	-0.53007394	0.44466242	0.008191622	0.087608755	79.0	1637.876263141632
72	99.06061	2.5636075	100.0	82.0	146.80302	37.832943	14.257246	60.051826	4.2286286	730000	2.9802322e-08	9.719721	-0.007987878	-0.4223849	0.42388955	0.00877736	0.06720672	79.0	1661.230498790741
73	98.89552	4.2920766	100.0	70.0	145.43283	37.691525	14.170182	59.815334	-20.411034	740000	-2.483527e-09	13.805438	-0.008162432	-1.5496002	0.4275427	0.015382086	0.07020702	19.0	1683.0744230747223
74	99.44118	2.3971944	100.0	82.0	143.83824	38.031773	14.261167	60.190296	-2.1523707	750000	-3.7252903e-09	5.812177	-0.007767509	-0.6152696	0.42249575	0.010483871	0.07470747	79.0	1706.1343431472778
75	98.57576	5.40219	100.0	66.0	146.59091	37.69329	14.811635	60.419518	-1.0207105	760000	-5.8983765e-09	14.475128	-0.009061537	-2.0405726	0.4066763	0.0074059176	0.070307024	79.0	1729.3337836265564
76	99.797104	0.84407073	100.0	96.0	143.15942	38.14073	14.083356	60.171326	-5.636222	770000	6.907309e-09	7.16433	-0.008332639	-0.8817703	0.40812913	0.013391826	0.08330833	79.0	1752.9409272670746
77	99.68116	0.9998949	100.0	94.0	142.62318	38.83466	13.968118	59.408787	4.397448	780000	2.1109978e-08	3.9356697	-0.008942054	-0.7016117	0.42915902	0.015148651	0.074407436	79.0	1776.184386253357
78	98.382355	10.601095	100.0	12.0	143.76471	38.339226	14.723676	60.726814	-31.520178	790000	9.934108e-09	30.876717	-0.011108507	-4.974201	0.43675962	0.011697784	0.05530553	79.0	1799.4398083686829
79	99.0	3.4041498	100.0	82.0	143.41176	37.97017	14.74923	60.39322	-20.909332	800000	-4.967054e-09	10.562036	-0.00971819	-1.5045844	0.437356	0.006992985	0.08350835	79.0	1823.485514640808
80	99.478264	1.9752723	100.0	86.0	143.11594	38.23235	14.40104	60.208897	-7.7485228	810000	4.346172e-09	5.359085	-0.008857117	-0.87232095	0.43211803	0.010732041	0.07630763	79.0	1846.615854024887
81	99.64706	1.1345474	100.0	94.0	144.89706	38.08285	14.572601	60.360813	-0.59512717	820000	-2.9181441e-08	3.9995677	-0.0069697504	-0.3277286	0.4318849	0.015064128	0.070107006	75.0	1869.7154004573822
82	99.67647	1.0633074	100.0	94.0	144.13235	38.30571	14.478315	60.446472	1.4517542	830000	0.0	4.9693294	-0.007302145	-0.267902	0.4229658	0.009432602	0.08310831	79.0	1893.4080188274384
83	99.882355	0.4705882	100.0	98.0	142.08824	38.484238	14.301333	60.524036	-4.5332317	840000	2.4835268e-08	3.3738658	-0.0073527084	-0.28514424	0.44596982	0.009671698	0.07040704	79.0	1916.7927865982056
84	98.78125	3.3841023	100.0	82.0	151.54688	36.9419	15.356822	60.5753	-19.796547	850000	3.7252903e-09	13.97157	-0.008502665	-1.0701752	0.4432707	0.01511089	0.08550855	49.0	1939.2369904518127
85	99.57576	1.2799221	100.0	94.0	148.75757	36.874714	14.421245	58.55059	4.0662584	860000	-1.3659398e-08	6.744472	-0.006963491	-1.2074846	0.47584078	0.005199444	0.05470547	79.0	1962.6452209949493
86	99.42424	1.7325809	100.0	88.0	147.66667	37.61895	14.252026	58.81448	4.941987	870000	-8.692344e-09	7.9127126	-0.008378743	-0.2964994	0.4629782	0.0061588506	0.0620062	79.0	1985.964674949646
87	99.61194	1.6657678	100.0	88.0	146.67165	37.814262	14.214367	59.163254	4.7946076	880000	-2.173086e-09	9.472571	-0.008410438	-0.7429723	0.4499681	0.008693493	0.07210721	79.0	2009.441089630127
88	99.343285	1.5215098	100.0	94.0	146.74626	37.8411	14.33037	59.11002	3.0692184	890000	-1.2417635e-09	7.4742355	-0.007995666	-0.5181134	0.443454	0.012892588	0.06990699	79.0	2032.8738992214203
89	99.76811	0.8705309	100.0	96.0	142.33333	38.48596	13.776591	59.181828	6.887535	900000	1.6142925e-08	5.663401	-0.00707999	-0.5892951	0.4563792	0.010070845	0.08050805	79.0	2055.925436258316
90	99.478264	3.3990993	100.0	72.0	141.36232	39.074295	13.852475	59.89368	-8.505361	910000	2.483527e-09	6.694658	-0.009289585	-1.0079149	0.4544804	0.015159897	0.07080708	60.0	2078.608633041382
91	99.43284	1.4984956	100.0	94.0	147.02985	37.605186	15.072751	60.19905	-4.432644	920000	9.934108e-09	11.134968	-0.008894498	-1.8450794	0.4801233	0.015411623	0.11131113	45.0	2101.2563412189484
92	99.16418	3.5433226	100.0	72.0	147.25374	37.82379	14.148513	59.17495	1.9405979	930000	1.2417635e-09	9.717916	-0.010058149	-1.1746377	0.47133538	0.012131989	0.09320932	79.0	2124.5485079288483
93	99.30303	1.7578369	100.0	90.0	146.5303	37.54251	14.365269	59.9659	-5.673382	940000	1.6841417e-08	6.7337513	-0.008925854	-0.48869786	0.4680561	0.011055128	0.07660766	79.0	2147.509376525879
94	99.652176	1.9841846	100.0	84.0	143.2029	38.181534	14.096665	59.925144	-13.527872	950000	-1.8626451e-09	5.7385597	-0.00885015	-0.9240355	0.46313834	0.008860608	0.07840785	79.0	2171.809732913971
95	99.343285	2.353481	100.0	82.0	147.05971	37.582783	14.87544	60.551903	1.5933855	960000	-3.1044087e-10	8.195427	-0.009526934	-1.2616148	0.46132252	0.010892916	0.09730974	79.0	2194.9364199638367
96	98.90909	3.9417238	100.0	70.0	148.16667	37.3307	14.845232	60.34433	-12.809753	970000	-1.3038516e-08	14.874278	-0.008701465	-2.5122287	0.4697998	0.008421572	0.07330733	79.0	2218.9092943668365
97	98.477615	5.149578	100.0	64.0	148.8806	37.242558	14.394666	59.944016	-18.917555	980000	-3.4769375e-08	14.7941065	-0.010713891	-2.0572267	0.47337237	0.010797512	0.103110306	79.0	2242.6133387088776
98	99.79412	0.60776407	100.0	98.0	144.48529	37.757175	14.014508	59.798515	3.8134272	990000	2.173086e-08	4.8395076	-0.008188195	-0.79334927	0.47520497	0.008181688	0.08050805	79.0	2265.6845026016235
99	99.20588	3.2201517	100.0	84.0	144.44118	38.38328	14.298971	60.448536	-13.914476	1000000	-3.1044085e-09	8.798629	-0.0096889995	-1.3513817	0.46665868	0.0120922895	0.07950795	79.0	2288.773882627487
100	97.522385	7.7812595	100.0	58.0	148.2388	37.27178	15.281327	60.614162	-15.605869	1010000	8.071463e-09	22.846056	-0.011797731	-2.9673576	0.46175012	0.010106926	0.08060806	79.0	2312.21746134758
101	98.67647	4.858108	100.0	66.0	145.10294	36.96823	14.799691	59.61833	-8.765189	1020000	1.8936893e-08	11.70335	-0.010490079	-1.1539305	0.4689302	0.012536825	0.082008205	79.0	2336.1733853816986
102	99.22388	3.1849496	100.0	82.0	144.79105	37.596977	14.675975	58.34479	-1.3466222	1030000	-7.450581e-09	7.2278214	-0.00922402	-1.0931796	0.46465325	0.007935698	0.06430643	79.0	2358.8471879959106
103	99.91304	0.53131306	100.0	96.0	142.10146	38.542072	14.254156	59.491245	-1.8528106	1040000	1.1331092e-08	3.3807347	-0.008214229	-0.56097835	0.4593674	0.00988789	0.092009194	79.0	2382.7036809921265
104	99.55224	2.7169101	100.0	78.0	145.89552	38.09314	14.856437	59.966167	-0.11122783	1050000	2.2351742e-08	10.18517	-0.008812931	-0.676811	0.46104446	0.011774451	0.111911185	79.0	2405.6686792373657
105	99.884056	0.671063	100.0	96.0	141.88406	38.773457	13.787334	59.942272	6.024035	1060000	7.2953603e-09	3.3260374	-0.006198459	-0.64486545	0.47020283	0.012880977	0.09120911	79.0	2428.7872359752655
106	99.22388	3.7209404	100.0	70.0	145.58209	38.040142	14.9793415	60.883484	3.3896048	1070000	3.7252903e-09	8.183395	-0.009222428	-1.437594	0.45873535	0.010607745	0.0940094	79.0	2452.3215203285217
107	99.411766	2.4024208	100.0	82.0	144.72058	38.053165	14.585819	60.86257	-9.255041	1080000	-1.9868216e-08	9.2819195	-0.009850875	-0.9202816	0.45783412	0.009184643	0.08710871	79.0	2476.0941557884216
108	99.797104	0.84407073	100.0	96.0	141.55072	38.772243	13.876583	60.56247	4.947381	1090000	-9.934108e-09	3.700219	-0.008746052	-0.47822127	0.46610686	0.011704837	0.077807784	79.0	2499.389657974243
109	99.35294	2.38725	100.0	84.0	144.69118	38.332355	14.683701	60.933323	-9.680222	1100000	-1.3659398e-08	6.1252723	-0.009705494	-0.5045925	0.46354294	0.01393308	0.07140714	79.0	2522.8516154289246
110	99.343285	1.9966557	100.0	90.0	146.71642	37.660046	14.870792	60.710037	0.5862888	1110000	1.0244548e-08	10.467501	-0.009590636	-0.8007005	0.46418294	0.007859114	0.06990699	79.0	2546.079178094864
111	99.68116	2.3986273	100.0	80.0	142.60869	38.36101	13.924676	60.3616	-9.235079	1120000	-1.2417635e-09	5.7646585	-0.0082449075	-0.8799019	0.46349677	0.01060386	0.07650765	79.0	2569.4056894779205
112	99.617645	1.5437675	100.0	88.0	144.16176	38.38963	14.586428	60.89881	-1.0508687	1130000	-4.656613e-09	4.870298	-0.008110722	-0.37685204	0.46414948	0.0152005395	0.11061106	42.0	2591.8221538066864
113	99.58209	1.1737077	100.0	96.0	147.16418	37.722366	14.89522	60.913887	-21.577171	1140000	6.208817e-09	6.7657585	-0.009064569	-0.750597	0.4746908	0.009156943	0.08250826	79.0	2615.2547018527985
114	99.82089	0.667483	100.0	96.0	143.2388	37.869606	14.554011	60.511147	1.1812463	1150000	1.9402554e-08	7.873083	-0.009265329	-0.5378585	0.48006538	0.0077418075	0.09810981	79.0	2640.207480430603
115	99.64706	0.96656924	100.0	96.0	142.35294	38.71967	13.899112	60.34361	4.9551196	1160000	-2.6077032e-08	3.8305705	-0.0072443387	-0.34792924	0.47605804	0.009511989	0.070707075	79.0	2663.5217077732086
116	99.68116	1.5463161	100.0	88.0	142.04347	38.85546	14.118732	60.712624	2.275507	1170000	1.0554989e-08	4.2931037	-0.008060055	-0.2553115	0.46824798	0.013775877	0.08030803	79.0	2686.749227285385
117	98.64706	4.2900867	100.0	78.0	143.23529	38.57733	14.473045	60.910355	-4.9686127	1180000	2.2351742e-08	10.084981	-0.008564769	-1.0196849	0.47952437	0.012643558	0.073407345	79.0	2709.4912824630737
118	98.92538	4.2787685	100.0	70.0	147.28358	37.421547	14.881679	60.784416	-1.8402153	1190000	6.7520887e-09	13.077525	-0.008998076	-1.0367584	0.46482602	0.009009895	0.07880788	79.0	2733.2423391342163
119	99.76471	1.0017285	100.0	94.0	142.57353	38.40763	13.905542	58.09319	-4.1601987	1200000	-8.692344e-09	4.3323193	-0.006176355	-1.3519636	0.4637648	0.007412616	0.064006396	79.0	2756.561703443527
120	99.617645	1.2951199	100.0	92.0	142.27942	38.584023	14.480082	60.603477	3.2212372	1210000	2.910383e-09	5.520433	-0.008099127	-0.4939561	0.4684863	0.007439036	0.06680668	79.0	2779.4555315971375
121	99.37313	2.2449665	100.0	84.0	144.14925	38.229214	14.392834	60.738297	-5.202624	1220000	1.3737008e-08	6.806316	-0.009341203	-0.55898255	0.46007228	0.013887263	0.0720072	79.0	2802.57093501091
122	99.44118	3.1964238	100.0	74.0	143.13235	38.40253	14.36511	60.780014	-8.249447	1230000	-8.692344e-09	7.174961	-0.009336798	-0.62974364	0.44955802	0.005522991	0.06820682	79.0	2825.327545404434
123	99.62319	1.4949329	100.0	90.0	142.15942	38.552162	14.347609	60.87273	1.3020583	1240000	-1.1175871e-08	3.487545	-0.008419964	-0.25014386	0.44924268	0.0152745815	0.08690869	78.0	2847.9473855495453
124	99.797104	0.9101634	100.0	94.0	139.9855	39.119232	14.090937	61.107372	0.2705906	1250000	1.8626451e-08	2.47182	-0.0065968432	-0.22960512	0.44850278	0.009091015	0.060306028	79.0	2871.14146733284
125	99.32353	3.4744492	100.0	72.0	143.79411	38.370758	14.827048	61.1463	2.0824935	1260000	-1.1175871e-08	7.9237447	-0.008005599	-1.3657408	0.43593347	0.0152035495	0.08360836	37.0	2893.545254468918
126	99.5942	1.0538933	100.0	96.0	142.02899	38.524235	14.643716	61.09199	-0.6046926	1270000	-6.2088173e-10	3.9825747	-0.0089342175	-0.5766011	0.43836483	0.009936182	0.07020702	79.0	2916.8392477035522
127	98.67647	5.3863688	100.0	72.0	142.75	38.468746	14.688222	60.928104	-8.968787	1280000	-1.1641532e-09	12.111119	-0.010929336	-2.0343769	0.45352408	0.010726734	0.06350636	79.0	2940.159640312195
128	99.62319	1.2865124	100.0	94.0	143.05797	38.14488	14.847052	61.01299	-8.786739	1290000	3.7252903e-09	4.7806973	-0.008255154	-1.3013583	0.4424381	0.009028313	0.07840785	79.0	2963.4091262817383
129	99.32353	2.3914135	100.0	82.0	144.02942	38.20292	14.630955	60.89258	-1.1327093	1300000	5.5879354e-09	6.6663833	-0.0075652	-0.6227395	0.44103345	0.0107962815	0.07940794	79.0	2986.944262742996
130	99.76811	0.8705309	100.0	96.0	142.71014	38.526	14.3528805	60.684097	-4.5055366	1310000	1.40474485e-08	5.587351	-0.0069715325	-0.9498647	0.43816972	0.0093368525	0.07570758	79.0	3010.4031534194946
131	99.8	0.76718414	100.0	96.0	141.74286	38.925846	14.093075	60.785275	4.591532	1320000	-7.450581e-09	3.3383462	-0.0070645562	-0.18207891	0.44248775	0.010613247	0.07170717	79.0	3033.6706449985504
132	98.85294	3.6992238	100.0	74.0	145.66176	38.162918	14.892514	60.85107	-6.2280755	1330000	1.9868216e-08	10.427403	-0.009024153	-1.3340793	0.45261362	0.009363166	0.047504753	79.0	3056.835208415985
133	99.17647	3.6012304	100.0	72.0	144.11765	37.913757	14.641759	60.229336	-1.1992707	1340000	-1.2417635e-09	8.530408	-0.008327373	-1.2089337	0.4535574	0.015230791	0.07690769	40.0	3079.123178243637
134	98.707695	4.387826	100.0	68.0	152.76923	36.011482	15.969306	60.70917	-14.029391	1350000	7.450581e-09	21.926111	-0.011262089	-4.4566007	0.4422083	0.012427286	0.10451045	79.0	3103.305351257324
135	99.35294	1.6606581	100.0	92.0	145.45589	37.626213	13.808559	59.387634	1.4818918	1360000	0.0	7.566053	-0.008365297	-1.2545524	0.45104817	0.009035078	0.07020702	79.0	3126.4290137290955
136	98.12308	6.4771976	100.0	64.0	150.0923	37.04978	14.969079	60.233475	-4.8070974	1370000	-5.432715e-10	19.647089	-0.0099276	-1.9635834	0.45145622	0.009130667	0.08360837	79.0	3149.8004484176636
137	99.710144	1.037017	100.0	96.0	142.43478	37.940895	13.9498205	59.95368	4.7713265	1380000	7.450581e-09	5.523539	-0.007480473	-1.1336066	0.45709702	0.012471497	0.075907595	79.0	3173.7990398406982
138	99.32353	2.5347073	100.0	84.0	145.16176	38.049763	14.621445	59.373158	-0.7496735	1390000	-8.692344e-09	6.9777927	-0.008977197	-0.6609933	0.44060525	0.013764343	0.075007506	79.0	3197.167890548706
139	99.52941	2.9529176	100.0	76.0	143.35294	38.33675	14.277341	59.956768	0.054387487	1400000	1.4901161e-08	5.731767	-0.00628758	-0.5948697	0.4396225	0.0151620535	0.091109104	27.0	3218.875309944153
140	99.64706	1.4528341	100.0	90.0	142.45589	38.53385	14.4863405	60.761223	0.5547127	1410000	2.3593506e-08	3.9386313	-0.006805368	-0.32026044	0.43005052	0.016628021	0.06350636	32.0	3240.479509830475
141	99.73913	0.95783836	100.0	96.0	141.59421	38.770355	14.187394	60.931343	-0.5788495	1420000	9.934108e-09	4.003771	0.0006059217	-0.5263116	0.4244175	0.019380437	0.10391039	11.0	3262.48854970932
142	99.16418	2.7241158	100.0	80.0	145.28358	38.009514	14.616908	61.365135	4.55445	1430000	2.2972623e-08	7.2821255	0.00316005	-0.56419235	0.41531017	0.01521518	0.0910091	2.0	3284.4351348876953
143	99.91304	0.5313131	100.0	96.0	140.24638	38.93204	13.615794	60.79831	4.9868007	1440000	1.3969839e-09	3.6653273	-0.0017945549	-0.8969582	0.40494192	0.017615704	0.073207326	8.0	3306.0038063526154
144	99.82609	0.7412587	100.0	96.0	142.50725	38.952183	14.65886	62.05255	1.0962936	1450000	-8.692344e-09	7.8129754	-0.0074701966	-1.7823442	0.40375027	0.011072084	0.07540754	79.0	3329.9130363464355
145	99.70588	0.9244844	100.0	96.0	141.79411	38.704956	14.287705	61.46716	4.5218987	1460000	2.5456151e-08	5.6176014	-0.008158098	-0.6469777	0.42300335	0.012607449	0.090809084	79.0	3352.4413108825684
146	99.411766	1.9721242	100.0	88.0	142.05882	38.721844	14.284491	61.374367	-0.8074517	1470000	4.346172e-09	7.0327163	-0.0076955394	-0.39140567	0.41140613	0.009764238	0.069806986	79.0	3375.0700080394745
147	99.35294	1.3907753	100.0	96.0	144.48529	38.28964	14.45114	61.37776	6.2783613	1480000	3.1044085e-09	5.324878	-0.008594583	-0.62035924	0.41899905	0.015058987	0.06540654	44.0	3397.63782787323
148	99.68116	1.0562822	100.0	96.0	141.85507	38.596096	14.1591215	61.102818	5.584468	1490000	-8.071463e-09	4.270415	-0.006183202	-0.26546803	0.41482744	0.012527687	0.08220822	79.0	3420.64480137825
149	99.82609	0.74125856	100.0	96.0	141.36232	39.00391	14.193594	61.529312	5.5754166	1500000	-6.2088173e-10	3.5025394	-0.0040882784	-0.3187541	0.41771483	0.015131001	0.06820682	15.0	3442.476779937744
150	99.8	0.9651054	100.0	94.0	140.75714	39.037636	14.18608	61.321785	4.428717	1510000	1.2417635e-09	2.5907845	-0.0027679761	-0.1821266	0.39090928	0.017343245	0.093309335	33.0	3464.890294075012
151	99.343285	1.3988506	100.0	92.0	146.61194	37.92764	15.053568	61.451103	-2.4428465	1520000	-2.4214387e-08	5.8648143	-0.003353088	-0.8959422	0.3882136	0.019967051	0.0850085	12.0	3487.25706076622
152	98.55385	5.053653	100.0	66.0	148.0	37.26675	15.002878	59.795353	3.481721	1530000	-6.208817e-09	14.222268	-0.003697594	-2.4797983	0.40345994	0.0152835315	0.098709874	10.0	3508.608820438385
153	99.117645	2.836368	100.0	80.0	144.98529	37.33597	14.405829	59.336403	-8.4356365	1540000	2.483527e-09	8.691503	-0.0087429695	-0.6989911	0.39169797	0.009947912	0.06850686	79.0	3532.490859270096
154	98.77612	4.1314983	100.0	74.0	145.85075	37.82771	14.422027	60.348183	-0.029321395	1550000	-1.2417634e-08	10.237657	-0.0065744664	-1.2231383	0.39000455	0.015014266	0.052305233	26.0	3554.363430261612
155	99.5	1.2065995	100.0	96.0	143.35294	37.97374	14.350522	59.92413	-5.9130373	1560000	1.7695129e-08	5.2460527	-0.006207096	-0.95849466	0.38787135	0.0037111358	0.058705866	79.0	3577.227822780609
156	99.62319	1.2406337	100.0	92.0	140.65218	39.052074	13.873234	60.546783	5.1015463	1570000	-4.346172e-09	3.273904	-0.0062316232	-0.40532413	0.39552036	0.009900515	0.06960696	79.0	3600.1915786266327
157	98.83582	4.262285	100.0	66.0	144.86568	38.30382	14.752248	60.766403	3.3371313	1580000	-1.9868216e-08	10.373891	-0.0045030084	-2.026393	0.39852953	0.015767025	0.08250824	10.0	3622.3886489868164
158	99.117645	2.5982428	100.0	84.0	143.94118	37.95463	14.670364	60.482433	-12.20768	1590000	2.483527e-09	7.7971387	-0.00910568	-0.8986545	0.38671288	0.0089216	0.06220622	79.0	3645.8584575653076
159	99.14706	3.092994	100.0	76.0	143.29411	38.33222	14.319739	60.67355	-4.7686496	1600000	1.7384687e-08	6.8678474	-0.007550947	-0.43620738	0.38776115	0.008120892	0.06270627	79.0	3668.9708726406097
160	99.565216	1.1731076	100.0	94.0	142.02899	38.44011	14.398403	60.838406	-3.630138	1610000	4.0357313e-09	4.469192	-0.0082169855	-0.8640664	0.38914874	0.0066286884	0.058805883	79.0	3692.3333163261414
161	99.73913	1.1248468	100.0	92.0	140.89854	39.0469	14.018486	60.855824	1.7978549	1620000	8.692344e-09	2.8291767	-0.005998025	1.9879245	0.39610967	0.0076530254	0.0510051	79.0	3715.8016436100006
162	99.73913	0.95783836	100.0	94.0	141.39131	39.04054	14.080694	57.02335	3.7341285	1630000	-1.8626451e-08	5.412683	-0.005545847	-0.48966345	0.4048308	0.010439963	0.093609355	79.0	3738.3605422973633
163	99.391304	1.4960566	100.0	92.0	143.85507	38.607105	14.372433	57.298355	2.629582	1640000	5.5879354e-09	7.8524017	-0.0069812033	-0.8299281	0.40598437	0.0059036813	0.066706665	79.0	3761.132176399231
164	99.35294	1.9536145	100.0	86.0	144.44118	38.21207	14.3072195	58.726097	0.07997207	1650000	3.7252903e-09	10.65002	-0.0057483795	-0.7868431	0.39969024	0.015065949	0.06420642	30.0	3782.907516479492
165	99.797104	0.7723428	100.0	96.0	140.95653	38.82835	13.599551	58.747192	7.047887	1660000	-2.7629236e-08	4.788979	-0.00563248	-0.7024333	0.39940396	0.008218293	0.04610461	79.0	3805.7743639945984
166	99.382355	1.9480715	100.0	86.0	143.70589	38.666115	14.407612	59.794147	2.3698254	1670000	-1.3659398e-08	6.5038857	-0.0074750595	-0.994251	0.39771494	0.015284735	0.06850686	59.0	3828.151023864746
167	99.710144	0.85298204	100.0	96.0	140.55072	38.977203	13.95974	59.142677	4.432574	1680000	6.208817e-09	3.9788418	-0.005548155	-0.3157692	0.39558244	0.01142582	0.06480648	79.0	3852.836742401123
168	99.391304	1.4164395	100.0	94.0	142.91304	38.637142	14.561875	59.497795	6.339469	1690000	3.7252903e-09	5.543834	-0.0068848333	-0.48656002	0.39495155	0.0050269295	0.062406242	79.0	3876.637910604477
169	99.565216	1.0697184	100.0	96.0	142.40579	38.48459	14.311347	59.008327	0.9054054	1700000	-1.44355e-08	4.94797	-0.008981605	-0.34810916	0.3913809	0.015494745	0.10621062	77.0	3899.0765252113342
170	99.04478	3.9754205	100.0	68.0	146.19403	37.88724	14.7604475	59.50923	5.5974455	1710000	1.6608587e-08	10.913737	-0.0019103078	-1.722298	0.39591956	0.016279591	0.08410841	21.0	3919.140802383423
171	99.28125	1.2926323	100.0	96.0	152.14062	36.39731	15.609619	58.87155	-12.011863	1720000	1.473624e-08	14.687721	-0.0061026714	-3.644719	0.40022874	0.015209562	0.09840984	74.0	3939.337800502777
172	98.19355	3.5507321	100.0	80.0	154.82259	35.98739	14.784277	57.37661	-2.7015207	1730000	9.934108e-09	16.729692	-0.0083508855	-1.9800602	0.4112276	0.011656205	0.08350835	79.0	3961.5717470645905
173	97.24138	4.2641664	100.0	72.0	168.86208	33.000984	16.225971	55.431114	-20.998661	1740000	-1.8936893e-08	29.020958	-0.008091326	-4.6718297	0.39427364	0.008498785	0.067606755	79.0	3984.569452047348
174	97.5625	4.709946	100.0	64.0	153.76562	35.430267	13.20819	53.91008	2.4981434	1750000	-1.4901161e-08	18.13549	-0.008475005	-3.5050313	0.41129002	0.006809889	0.05870587	79.0	4006.886061668396
175	98.32258	1.6922423	100.0	94.0	157.3871	34.98187	14.983032	55.543224	-10.378373	1760000	9.934108e-09	15.424998	-0.008564956	-1.3474296	0.40177807	0.00628	0.05940594	79.0	4028.1752445697784
176	98.29508	2.3423698	100.0	86.0	161.55737	34.472157	14.732067	55.992657	-20.191727	1770000	-1.9868216e-08	22.059372	-0.0012472704	-2.03465	0.39074254	0.02152779	0.050005	3.0	4047.915535926819
177	98.52459	1.8430779	100.0	92.0	155.83606	35.350224	14.080612	56.075504	-5.391078	1780000	1.7384687e-08	16.133904	-0.009562555	-1.418326	0.39435068	0.015067865	0.09270927	56.0	4069.6777119636536
178	98.676926	3.2774653	100.0	76.0	150.47693	36.44325	13.729762	56.36642	-3.4781907	1790000	-2.6697913e-08	14.490476	-0.004863413	-1.4280585	0.39388856	0.016564438	0.07310731	14.0	4090.562258005142
179	99.53623	0.8440707	100.0	98.0	142.72464	37.98383	13.535508	57.096256	3.9140806	1800000	-9.740082e-09	5.6435914	-0.0066434615	-1.5228686	0.3811754	0.015026647	0.06570657	71.0	4112.761598825455
180	99.47059	1.3554964	100.0	92.0	143.47058	38.506058	14.366687	58.01152	-0.9498188	1810000	-1.6142925e-08	5.5069413	-0.005647047	-0.4534844	0.3864335	0.012529607	0.07390738	79.0	4135.394963502884
181	99.06061	3.1182683	100.0	78.0	146.36363	37.84631	14.666648	58.426376	-1.5098867	1820000	8.692344e-09	8.721731	-0.007566498	-0.5202699	0.38727894	0.00959103	0.06230623	79.0	4157.00031375885
182	99.70149	0.9306542	100.0	96.0	144.77612	37.683315	14.706447	58.250698	-9.82451	1830000	1.1175871e-08	7.5493393	-0.006128017	-1.2331831	0.37943593	0.004747841	0.06720672	79.0	4179.116551160812
183	99.76471	1.0017287	100.0	94.0	141.32353	38.69632	14.114711	58.72127	6.6858106	1840000	1.8626451e-08	4.7501082	-0.0059124506	-0.20769835	0.37469724	0.010854531	0.06930693	79.0	4198.269836902618
184	99.09091	4.032922	100.0	68.0	146.28787	37.950027	14.785001	58.82224	-10.356268	1850000	-7.683411e-09	11.683094	-0.003442511	-1.2501426	0.37209782	0.015601818	0.10441044	7.0	4218.583179473877
185	99.5942	1.6180041	100.0	88.0	141.94203	38.458633	13.901759	58.32372	-0.8967248	1860000	-8.692344e-09	5.4710007	-0.0056678485	-0.56260127	0.35516533	0.005518814	0.053905386	79.0	4240.536519765854
186	99.62319	1.4949329	100.0	90.0	141.40579	38.90239	14.071728	58.866505	2.6579514	1870000	6.208817e-09	4.383152	-0.0049023195	-0.12283119	0.34810504	0.010110083	0.074307434	79.0	4262.746981859207
187	99.67647	0.94621813	100.0	96.0	143.52942	38.512928	14.48584	59.027843	4.522296	1880000	1.7384687e-08	6.1559253	-0.0059745233	-0.34598985	0.3491725	0.0069234944	0.070007	79.0	4284.836589813232
188	99.652176	0.96046615	100.0	96.0	142.85507	38.66637	14.182285	58.987984	4.213625	1890000	2.483527e-09	5.1144557	-0.00451241	-0.14071448	0.34735283	0.008209768	0.065806575	79.0	4305.8885362148285
189	99.76811	0.8705309	100.0	96.0	142.04347	38.848686	14.032833	58.83257	6.0420585	1900000	-9.623666e-09	3.908199	-0.0053629726	-0.21800764	0.3468974	0.0098201865	0.06540654	79.0	4326.386926412582
190	99.73913	0.89527225	100.0	96.0	141.24638	39.018707	14.0513935	59.221104	6.504795	1910000	1.2417634e-08	4.4624767	-0.0020367212	-0.18795292	0.3511617	0.017938793	0.08630863	10.0	4346.959402561188
191	99.22388	1.2908508	100.0	96.0	146.41791	38.046165	14.742829	59.0716	5.706434	1920000	1.0554989e-08	8.044636	-0.00013926013	-1.7965099	0.37785283	0.017995587	0.11731174	23.0	4368.301751613617
192	99.17647	3.276212	100.0	74.0	143.13235	38.29216	13.727527	57.78041	-6.135772	1930000	6.208817e-09	11.260762	-0.007103046	-1.9665073	0.37559545	0.0055779205	0.06590659	79.0	4390.663286924362
193	99.32353	1.3551773	100.0	96.0	145.04411	38.01352	14.412746	58.35677	-0.8090333	1940000	1.1175871e-08	7.138226	-0.0071931384	-0.4831594	0.37494072	0.01023943	0.084008396	79.0	4412.984171867371
194	99.35294	1.3034424	100.0	96.0	144.54411	37.965786	14.131297	58.16152	4.4162726	1950000	1.3659398e-08	7.987409	-0.005959662	-0.3128616	0.37297094	0.008826095	0.077707775	79.0	4435.247750282288
195	99.088234	3.7169533	100.0	70.0	144.07353	38.36133	14.037205	58.179607	-8.072998	1960000	4.967054e-09	10.46725	-0.0077928114	-1.4455843	0.36684027	0.0071420916	0.056405637	79.0	4457.571177005768
196	99.710144	1.037017	100.0	94.0	141.26086	38.75546	13.905753	58.57849	0.50132835	1970000	-8.537124e-09	3.945388	-0.0051475703	-0.2853981	0.36861086	0.009153022	0.073407345	79.0	4478.007123470306
197	99.35294	1.2575034	100.0	96.0	143.57353	38.484257	14.506842	59.295284	-5.077695	1980000	9.934108e-09	6.0073075	-0.0054883324	-0.7079285	0.3662106	0.007419409	0.060706068	79.0	4499.071541070938
198	99.67647	0.88186264	100.0	96.0	143.76471	38.35738	14.262471	58.632515	6.2509904	1990000	9.313226e-09	7.136353	-0.0065856962	-0.6864756	0.3728524	0.0069946237	0.061806183	79.0	4521.105828285217
199	99.50725	1.1993138	100.0	96.0	142.34782	38.801395	13.890592	58.47667	8.067661	2000000	-9.4684465e-09	5.3427424	-0.005558846	-0.23931997	0.3689232	0.012650859	0.06630663	79.0	4543.106378555298
200	99.27536	4.7909465	100.0	60.0	141.43478	38.917	13.966645	58.82755	-6.917839	2010000	1.4901161e-08	11.452046	-0.008479149	-2.3372173	0.37996784	0.013197434	0.061406136	79.0	4564.846480369568
201	99.68116	0.7321351	100.0	98.0	141.44928	38.82305	14.302554	59.06276	-9.306874	2020000	-1.3310152e-08	4.3398547	-0.0059694494	-0.56402236	0.38626048	0.010582213	0.076007605	79.0	4586.7747502326965
202	99.42029	1.2324806	100.0	94.0	142.66667	38.731815	14.231419	58.878365	-3.9756835	2030000	4.346172e-09	4.755343	-0.005516726	-0.43317533	0.3754355	0.007966128	0.07110711	79.0	4606.670504808426
203	99.478264	1.001574	100.0	96.0	141.68115	38.74109	14.061159	58.943756	-3.1631851	2040000	-4.135169e-09	4.206492	-0.006422438	-0.35041675	0.37607774	0.009571117	0.062406242	79.0	4628.865188360214
204	99.62319	0.852982	100.0	96.0	141.84058	38.689697	14.162046	58.793167	5.6083655	2050000	-2.483527e-09	4.299231	-0.005552838	-0.21213834	0.3844347	0.0076709166	0.059005897	79.0	4651.267040491104
205	99.50725	1.6821585	100.0	88.0	142.75362	38.71389	14.209126	59.086155	-6.0031533	2060000	2.8560558e-08	6.0652328	-0.0068492615	-0.43986192	0.37261474	0.00876599	0.059705973	79.0	4673.243787765503
206	99.44927	1.2687576	100.0	96.0	142.91304	38.593876	14.203258	59.081932	5.562784	2070000	1.2417635e-09	4.978539	-0.005220218	-0.26924396	0.36976087	0.008911513	0.07420742	79.0	4695.393306493759
207	99.710144	0.9184336	100.0	96.0	141.0145	38.90123	13.933364	58.877686	1.8121651	2080000	-1.5211603e-08	4.2404084	-0.007036214	-0.36096063	0.36191285	0.007687922	0.06870687	79.0	4716.105548381805
208	99.76811	0.80117536	100.0	96.0	140.52174	39.180458	14.085986	59.399952	4.56004	2090000	-8.692344e-09	3.1843913	-0.0024112153	-0.16582839	0.35570812	0.017112067	0.06960696	12.0	4735.8929097652435
209	98.8	1.4379473	100.0	96.0	149.84616	37.427704	15.342042	59.686417	4.1491895	2100000	-7.1401396e-09	11.81705	-0.0039671767	-2.7016194	0.37992477	0.015291861	0.085508555	14.0	4757.269357442856
210	98.878784	2.3388367	100.0	84.0	147.19698	37.330074	14.112199	57.733864	-9.278665	2110000	1.3969839e-09	9.1468	-0.006044134	-0.97791594	0.35832766	0.0155526735	0.059305932	28.0	4777.9511132240295
211	99.411766	1.2860713	100.0	94.0	143.55882	38.064003	13.983027	58.39739	2.0758495	2120000	2.4059166e-09	5.638719	-0.0056184498	-0.34368896	0.35351026	0.0052304883	0.05370537	79.0	4800.397018432617
212	99.29412	1.8073283	100.0	88.0	143.48529	38.396053	14.303668	59.034817	0.07526657	2130000	-1.3038516e-08	5.5778503	-0.0057596588	-0.29518303	0.35449097	0.01563508	0.07370737	48.0	4821.716526269913
213	99.01492	1.4402791	100.0	94.0	145.25374	38.05613	14.511547	59.138077	5.6456027	2140000	-9.313226e-09	7.522869	-0.007353226	-0.5404013	0.34440562	0.008804473	0.06210621	79.0	4843.263701438904
214	99.36232	0.99230397	100.0	96.0	142.37682	38.520927	13.686891	58.454723	6.8852897	2150000	-2.7939677e-09	5.182476	-0.0049365712	-0.33255324	0.35420278	0.0068481877	0.04910491	79.0	4865.0159323215485
215	99.68116	0.8763025	100.0	96.0	142.08696	38.712208	13.943298	59.03606	6.303405	2160000	-2.8560558e-08	4.9012804	-0.00577859	-0.40638217	0.35223794	0.008262966	0.05360536	79.0	4887.457229375839
216	99.565216	1.0697184	100.0	96.0	142.92754	38.702827	14.236417	59.472626	2.0010536	2170000	-2.2351742e-08	6.0727286	-0.0075747557	-0.22347434	0.35575017	0.010163949	0.08010801	79.0	4909.7175171375275
217	98.707695	1.7340311	100.0	94.0	147.93846	37.33792	14.983483	59.227707	3.7680497	2180000	1.8975697e-08	10.494297	-0.007231032	-1.4590459	0.3636216	0.01285876	0.059605956	79.0	4930.550432920456
218	98.74627	4.2438483	100.0	66.0	146.40298	37.23658	14.284244	58.444714	5.2921524	2190000	2.483527e-09	13.594367	-0.008185364	-1.817163	0.36141327	0.011927061	0.06640664	79.0	4952.204191207886
219	99.710144	0.85298204	100.0	96.0	140.24638	38.788036	13.734187	58.43732	-1.7014782	2200000	2.8560558e-08	4.537475	-0.0066997507	-1.5067887	0.35091794	0.014073896	0.08980898	79.0	4974.552542209625
220	98.15625	4.773687	100.0	72.0	152.09375	36.92689	15.554345	59.71775	-5.063267	2210000	6.2088173e-10	23.8454	-0.0050375187	-4.4270854	0.358217	0.015652401	0.09210921	13.0	4995.157173871994
221	99.0	3.5230336	100.0	72.0	145.01471	37.56966	13.326961	57.95307	-8.056942	2220000	-1.6763806e-08	13.076767	-0.005489381	-2.5056338	0.3469409	0.015262353	0.069806986	12.0	5016.2756271362305
222	99.22388	1.3802541	100.0	96.0	146.16418	37.575214	14.462637	59.189598	-0.5690889	2230000	9.623666e-09	6.468512	-0.008472634	-0.5789463	0.34984723	0.012812627	0.07480748	79.0	5038.586663007736
223	99.242424	1.3378024	100.0	96.0	145.16667	37.90379	14.262507	58.658745	5.534035	2240000	8.692344e-09	5.576948	-0.0054861265	-0.3880566	0.35266408	0.0065704416	0.06460646	79.0	5060.214639186859
224	99.16418	1.3449409	100.0	96.0	146.2388	37.70553	14.492924	58.987217	3.1943407	2250000	-3.5700698e-09	7.987985	-0.00689493	-0.4710323	0.35525513	0.007120047	0.06680668	79.0	5082.30161190033
225	99.283585	1.3692353	100.0	96.0	145.77612	37.414623	14.573788	59.30959	-13.537087	2260000	-4.967054e-09	12.613403	-0.0057456098	-1.0001551	0.34461212	0.015304179	0.07840784	19.0	5104.131878852844
226	99.283585	1.3249159	100.0	94.0	145.64178	38.026413	13.865028	58.301983	6.1345925	2270000	-4.967054e-09	7.8361855	-0.0075628567	-0.6848944	0.34169897	0.009931277	0.0740074	79.0	5126.404323577881
227	99.52941	1.3336216	100.0	92.0	143.02942	38.392105	13.89355	59.058098	1.8957585	2280000	1.2417634e-08	5.6947117	-0.005724589	-0.54070836	0.33672214	0.015207842	0.058405843	47.0	5147.6505625247955
228	99.73913	0.8279917	100.0	96.0	141.92754	38.866196	13.960622	59.21954	7.9866815	2290000	-7.450581e-09	3.616206	-0.005063101	-0.006339391	0.33605304	0.015098563	0.06460646	30.0	5168.045624256134
229	99.82609	0.7412587	100.0	96.0	141.0	38.949677	14.011311	59.186306	4.771129	2300000	-9.934108e-09	4.5466285	-0.006068396	-0.5760822	0.33401677	0.015133612	0.07220722	69.0	5189.905898571014
230	98.95238	1.6274294	100.0	94.0	154.28572	36.625126	15.814363	59.84011	1.8833426	2310000	-4.656613e-09	18.652477	-0.009645966	-5.0573425	0.34278336	0.014121953	0.082008205	79.0	5211.744201183319
231	98.75	2.2220485	100.0	86.0	153.28125	36.334328	13.916807	58.263718	-5.2843137	2320000	2.2351742e-08	14.024465	-0.008543369	-0.9065447	0.35936788	0.010507706	0.08340833	79.0	5233.8281190395355
232	99.21212	1.4303544	100.0	92.0	148.5	37.117607	13.561671	58.17327	-3.0272605	2330000	-1.2417635e-09	9.448727	-0.004962938	-1.299323	0.36072823	0.015441194	0.07280728	13.0	5253.989213466644
233	99.37313	1.2073879	100.0	96.0	146.61194	37.835377	14.095833	58.450634	4.614551	2340000	-1.4590721e-08	6.8301034	-0.006387522	-0.4013574	0.35584864	0.0043596667	0.05250525	79.0	5276.018881320953
234	99.31343	1.1744666	100.0	96.0	145.41791	37.9719	14.064067	59.075073	3.6545675	2350000	6.0535967e-09	7.709976	-0.0068143927	-0.34801212	0.35267687	0.011537907	0.07830783	79.0	5297.903172254562
235	99.283585	1.3692354	100.0	96.0	144.71642	38.145336	14.006751	58.954243	7.016775	2360000	7.489386e-09	6.3381944	-0.0071612783	-0.2606902	0.35532084	0.011996015	0.064706475	79.0	5319.829016923904
236	99.91304	0.5313131	100.0	96.0	142.34782	38.565235	13.790987	59.034916	5.1773643	2370000	-1.9868216e-08	3.8189278	-0.0057719145	-0.46886325	0.35770488	0.0074553043	0.055805583	79.0	5342.018134593964
237	99.588234	1.0034543	100.0	96.0	143.5	38.640682	14.289712	59.659443	6.8602424	2380000	-7.450581e-09	4.3610444	-0.0064343126	-0.24292827	0.3576585	0.009018323	0.05440544	79.0	5363.819050788879
238	99.23529	3.498393	100.0	72.0	144.04411	38.43202	14.320621	59.51598	5.7410555	2390000	-1.7384687e-08	7.502868	-0.0072085285	-1.647212	0.36418143	0.013797529	0.064706475	79.0	5383.616383075714
239	99.70149	0.9306542	100.0	96.0	145.29851	37.840122	14.883453	59.394447	-9.61419	2400000	-1.3659398e-08	6.458727	-0.0073912363	-1.0833212	0.3636159	0.008245207	0.07820782	79.0	5405.001866817474
240	99.710144	0.9184336	100.0	96.0	142.85507	38.64553	14.0173025	59.305233	4.8248887	2410000	-4.967054e-09	4.5106473	-0.0069557033	-0.16322088	0.3677038	0.01246785	0.061606158	79.0	5427.052305221558
241	99.333336	2.2500672	100.0	88.0	141.30435	38.894657	14.062242	59.501987	0.6794545	2420000	-7.450581e-09	4.9215665	-0.0070258356	-0.22350676	0.36434135	0.012701254	0.06630663	79.0	5449.508704423904
242	99.382355	1.917638	100.0	90.0	143.52942	38.310555	14.434465	59.42267	-6.831848	2430000	-1.4901161e-08	5.83527	-0.0043720263	-0.36869478	0.37143767	0.015487313	0.08020802	11.0	5469.972694158554
243	99.652176	1.2720641	100.0	92.0	140.68115	38.985146	13.834725	59.422134	5.031429	2440000	1.7384687e-08	3.6367905	-0.005546343	-0.39773846	0.36095	0.009125366	0.080508046	79.0	5491.498980760574
244	99.942856	0.33319724	100.0	98.0	139.72858	39.3144	13.963534	60.089134	5.744983	2450000	-2.4835268e-08	2.2026956	-0.0050435304	-0.14813001	0.36549672	0.015487086	0.05040504	38.0	5513.008719444275
245	99.62319	1.0914881	100.0	96.0	143.05797	38.7245	14.5626	60.415024	0.8704459	2460000	2.0178655e-08	5.0590196	-0.0045063645	-0.14092398	0.36143437	0.015227896	0.075307526	50.0	5534.796321630478
246	99.62319	1.037017	100.0	96.0	142.46378	38.801052	14.055772	60.030247	6.7811236	2470000	6.6356733e-09	4.3756485	-0.006863069	-0.40338802	0.37788936	0.009107586	0.07370737	79.0	5557.264761209488
247	99.14706	2.0670009	100.0	92.0	143.82353	38.512714	14.2685	60.191284	3.7071526	2480000	-2.173086e-08	6.5746856	-0.008719725	-0.28971052	0.37358645	0.009892669	0.08590859	79.0	5579.819730758667
248	99.55882	1.0201262	100.0	96.0	143.11765	38.370125	14.073797	59.58484	5.114248	2490000	-1.8626451e-08	4.7452435	-0.005853515	-0.33257404	0.3741943	0.0049659736	0.05060506	79.0	5599.565128803253
249	99.088234	4.3983126	100.0	64.0	143.44118	38.40205	14.354749	59.809715	-14.259861	2500000	0.0	9.706758	-0.005314339	-0.78201246	0.36658096	0.015137018	0.077107705	16.0	5619.861642599106
