Epoch	AverageEpRet	StdEpRet	MaxEpRet	MinEpRet	EpLen	AverageVVals	StdVVals	MaxVVals	MinVVals	TotalEnvInteracts	LossPi	LossV	DeltaLossPi	DeltaLossV	Entropy	KL	ClipFrac	StopIter	Time
0	98.44286	1.9256593	100.0	94.0	172.60715	32.08773	15.027978	61.221443	-6.334982	10000	6.084641e-08	23.622063	0.0024041734	-2.363905	0.35883895	0.015982814	0.06120612	1.0	32.07283401489258
1	97.11072	4.190282	100.0	82.0	174.42857	31.763048	15.03545	61.455173	-15.466958	20000	-3.4769375e-08	30.774658	-0.0051199044	-3.975624	0.3505598	0.015018853	0.06110611	8.0	62.376179933547974
2	97.64365	3.4501526	100.0	78.0	177.74545	31.109674	14.907873	61.434433	-6.4662986	30000	1.086543e-09	28.966112	-0.007282483	-2.7065716	0.34170032	0.015135632	0.06320632	19.0	91.04015326499939
3	96.25	5.639307	100.0	77.2	174.94643	31.59991	14.593739	62.03072	-15.608848	40000	4.9049657e-08	32.635258	-0.0055512707	-4.427761	0.3409542	0.015071212	0.07640764	8.0	120.47859692573547
4	97.21111	4.5104685	100.0	74.2	181.22223	30.643988	14.649548	61.932926	-2.9700925	50000	-6.829699e-09	37.40898	-0.0070113204	-7.2937684	0.35007873	0.015090525	0.06550655	12.0	149.74067425727844
5	97.01786	4.0155554	100.0	80.2	175.94643	31.40932	14.441537	62.103985	-6.849105	60000	1.3659398e-08	32.012333	-0.006147612	-5.7126846	0.34166822	0.0154272085	0.06640664	11.0	180.8482711315155
6	96.41481	5.7955093	100.0	61.0	180.46297	30.7848	14.921411	62.20243	-5.412176	70000	-2.7318796e-08	33.526302	-0.0060906173	-4.6353545	0.3390918	0.015709115	0.08080808	8.0	207.55987930297852
7	98.333336	2.265015	100.0	92.2	172.33333	31.464788	14.406056	61.6372	-1.0362525	80000	-4.9670536e-08	28.998878	-0.0054248325	-4.2268434	0.3390689	0.015353222	0.06190619	9.0	236.30987524986267
8	97.90909	3.1576326	100.0	81.4	176.61818	31.893185	14.649303	61.723103	-4.353764	90000	-3.973643e-08	35.62061	-0.0072784647	-5.4892254	0.32763007	0.015649054	0.08250824	12.0	264.02564907073975
9	97.56296	3.1129541	100.0	83.2	179.7037	30.686136	14.969232	61.502983	-3.4656208	100000	4.9670536e-08	28.385038	-0.005720002	-4.143389	0.32653594	0.01583769	0.07410741	8.0	293.7660174369812
10	97.932144	2.8745875	100.0	83.8	174.0	31.84688	14.371033	61.751884	-10.249657	110000	-2.5456151e-08	25.633165	-0.00489359	-2.3035629	0.32363692	0.015659379	0.07220722	13.0	323.41721391677856
11	97.930916	2.5749052	100.0	88.0	176.89091	31.365093	15.129047	61.592846	-10.17329	120000	-2.6697913e-08	28.077528	-0.0056700553	-2.7691352	0.32520917	0.015760936	0.06080608	13.0	350.65362524986267
12	98.01428	2.709206	100.0	88.0	171.5	32.087273	14.748405	60.965633	0.99035645	130000	8.692344e-09	21.496756	-0.005511482	-2.2912896	0.31748506	0.015054672	0.06120612	16.0	383.7470471858978
13	97.875	2.3942084	100.0	94.0	174.48215	31.954319	15.131908	61.429974	-7.5622425	140000	1.5522042e-08	26.231577	-0.0072653606	-2.4046414	0.31753597	0.015631547	0.07550755	33.0	414.53267312049866
14	98.03636	3.921056	100.0	73.0	176.52727	31.582598	14.972054	62.293606	-8.3526325	150000	-1.2417634e-08	29.978685	-0.00502795	-4.382723	0.31972763	0.016152307	0.05450545	7.0	442.44553542137146
15	98.41454	2.1144884	100.0	93.4	175.23636	31.656002	14.907132	61.96289	-2.939705	160000	-1.8626451e-09	24.808874	-0.0051183454	-2.802529	0.32897732	0.015803533	0.06970697	10.0	469.3476872444153
16	98.02143	2.689578	100.0	85.6	174.96428	32.082138	14.578505	61.669476	0.30734158	170000	-6.208817e-09	25.770432	-0.008183734	-2.3677242	0.32526085	0.015051335	0.082908295	28.0	499.8346815109253
17	98.214035	2.246201	100.0	92.0	173.10527	32.11948	14.799383	62.22316	-2.6177402	180000	-4.299606e-08	24.199663	-0.0051307385	-2.7420902	0.32822108	0.015644317	0.06360636	13.0	526.6811439990997
18	97.755554	2.433917	100.0	92.0	180.7037	31.310843	14.98883	62.077545	-7.6323476	190000	-3.8494665e-08	27.999468	-0.0067650913	-3.3286374	0.32745892	0.015195858	0.07760776	13.0	556.5826380252838
19	95.111115	14.696065	100.0	12.4	181.38889	30.20811	15.293996	62.366444	-15.328607	200000	-9.934108e-09	50.628544	-0.0076911882	-21.246607	0.3353285	0.015630024	0.07530754	10.0	583.7023611068726
20	98.251854	2.1173663	100.0	94.0	178.59259	31.13463	14.600952	62.320236	-3.8850799	210000	2.3127845e-08	27.644087	-0.0069613773	-4.3539805	0.32480124	0.015182761	0.065006495	18.0	613.3485949039459
21	98.029625	2.532868	100.0	87.4	177.37038	31.614475	14.458663	61.75978	-8.463114	220000	5.5879354e-09	26.522177	-0.0067978143	-4.0276737	0.32699347	0.015138459	0.08190819	13.0	641.0039563179016
22	97.66316	3.9186752	100.0	74.2	171.89473	31.94784	15.0090065	62.415237	-6.268072	230000	-1.4901161e-08	31.14765	-0.0071138446	-3.3922005	0.32180464	0.015357123	0.073407345	19.0	672.7692775726318
23	97.75439	2.2861962	100.0	92.0	168.75438	32.285946	15.029572	62.358067	-5.6292076	240000	-8.071463e-09	23.028826	-0.006378906	-2.1488106	0.32845798	0.01515992	0.06540654	16.0	704.9165740013123
24	97.60364	4.692353	100.0	67.6	179.54546	31.34601	15.442657	62.517857	-31.55827	250000	2.0877147e-08	27.632072	-0.007121112	-6.122	0.3296707	0.01607007	0.07920792	9.0	733.3285431861877
25	98.118645	2.1569345	100.0	93.4	166.79662	32.246223	14.978093	61.327435	-2.993742	260000	-7.450581e-09	22.059715	-0.0038041275	-3.606878	0.30988297	0.016191661	0.068906896	11.0	764.2719376087189
26	98.12632	2.6239467	100.0	86.8	172.17545	32.59934	15.131786	61.954063	-0.30659473	270000	-4.811833e-09	26.852583	-0.0055085514	-3.0545666	0.31088606	0.015364848	0.068906896	15.0	791.237578868866
27	97.66429	2.713487	100.0	90.4	176.60715	31.616894	15.172965	62.332375	2.0041451	280000	-4.4703484e-08	24.209223	-0.0042295014	-2.380249	0.31557074	0.01524222	0.06250625	6.0	821.7306914329529
28	97.44643	3.757087	100.0	79.0	174.0	31.903393	14.432487	61.93125	-2.8857827	290000	-1.0554989e-08	28.159174	-0.006232763	-4.382878	0.32560042	0.016696578	0.083808385	13.0	847.9537861347198
29	96.411545	5.9612093	100.0	71.8	185.82692	30.311665	15.3645	62.355717	-16.309061	300000	-1.0244548e-08	38.21461	-0.008702084	-8.546975	0.33764675	0.015586047	0.07810781	17.0	877.8767476081848
30	97.707146	3.0364366	100.0	82.0	173.125	31.058018	14.776633	60.876274	-1.8268018	310000	9.0978574e-08	25.598946	-0.0068331566	-3.5842488	0.33429447	0.016191257	0.07550755	10.0	904.9138326644897
31	95.67368	18.40395	100.0	-40.0	173.54385	31.603933	15.419988	62.55915	-22.843298	320000	2.3593506e-08	90.78034	-0.008395939	-19.965614	0.3319234	0.015524868	0.076907694	14.0	932.776673078537
32	97.700005	2.4133558	100.0	91.6	176.76785	31.030731	14.549436	57.37531	-1.2266738	330000	-5.9604645e-08	32.527843	-0.005820323	-7.4022484	0.32621455	0.016119648	0.08270827	10.0	962.3652992248535
33	94.88363	23.89391	100.0	-80.0	175.01819	31.498148	14.742412	63.15136	-1.6628848	340000	2.4835268e-08	81.357445	-0.004485633	-12.50958	0.3301878	0.015111285	0.05220522	9.0	989.9462647438049
34	98.05091	2.3315132	100.0	92.0	178.89091	30.605656	14.331573	61.003433	-37.74884	350000	-1.9868216e-08	30.288246	-0.0055531207	-6.043219	0.33276412	0.015155621	0.06550655	10.0	1021.5597057342529
35	97.97857	2.688249	100.0	88.0	173.26785	31.777672	14.722011	62.329674	-5.385917	360000	-1.9868216e-08	24.380224	-0.0045660906	-3.3639476	0.3301203	0.015790896	0.050905094	8.0	1048.2468750476837
36	92.98572	24.653625	100.0	-80.0	174.375	31.646078	14.950979	62.34545	-29.497026	370000	9.934108e-09	88.59199	-0.004626487	-13.11102	0.33114532	0.015316606	0.06130613	6.0	1077.944902420044
37	97.01091	9.580543	100.0	28.6	175.23636	30.75525	14.344485	58.95149	-23.483912	380000	1.7384687e-08	41.064938	-0.0087078875	-10.503453	0.33550525	0.015525494	0.07990799	22.0	1106.0671207904816
38	91.94616	22.313885	100.0	-30.0	187.6923	29.215967	16.348652	59.85909	-35.44319	390000	-6.208817e-09	83.09874	-0.010553196	-34.990402	0.3481176	0.016058713	0.080208026	9.0	1134.5457215309143
39	98.13928	2.0921342	100.0	94.0	173.625	30.880697	14.303565	59.090633	-13.24793	400000	-2.727999e-08	31.857275	-0.006597646	-9.538543	0.3328035	0.015340969	0.080208026	16.0	1163.5944647789001
40	97.75273	2.574268	100.0	91.6	176.78181	31.525517	14.828542	61.60084	-21.468191	410000	-1.5522042e-08	29.371645	-0.007206758	-5.159214	0.34333453	0.015822636	0.07020702	11.0	1193.59512257576
41	98.00364	2.7341585	100.0	85.6	173.10909	31.844707	14.552979	60.78926	-5.3344383	420000	7.761022e-08	34.004765	-0.0075038546	-3.6422164	0.34563816	0.015265505	0.08420842	15.0	1222.7393538951874
42	97.58909	3.2753448	100.0	85.6	178.45454	31.649124	14.600782	62.378323	-4.432827	430000	2.2351742e-08	31.161644	-0.0067059635	-5.188873	0.34214893	0.015030905	0.07060706	11.0	1253.6092038154602
43	97.44913	3.7995903	100.0	76.0	172.05263	31.920603	15.020127	63.353626	-18.876427	440000	-1.435789e-08	27.433508	-0.009917224	-4.408573	0.35316387	0.015395415	0.08620862	38.0	1283.4886107444763
44	96.651855	10.118057	100.0	25.0	177.07408	31.499134	14.855714	63.083652	-6.41157	450000	4.2219956e-08	42.64458	-0.006358584	-12.680332	0.35001287	0.015904821	0.07320732	11.0	1311.8301877975464
45	97.27637	4.486828	100.0	72.0	177.90909	31.430655	15.110741	61.78798	-13.705938	460000	-5.3395826e-08	29.522577	-0.006794824	-6.044886	0.35775122	0.015577771	0.0830083	16.0	1341.312623500824
46	95.34615	8.511631	100.0	44.2	182.92308	29.8256	15.470993	62.57425	-27.413162	470000	6.829699e-09	41.52249	-0.005609898	-9.47869	0.35648385	0.01593942	0.03370337	4.0	1370.4567875862122
47	97.069084	5.093771	100.0	74.2	176.56363	30.709494	14.324985	62.703262	-7.878788	480000	1.7539909e-08	36.400024	-0.003394801	-5.6936393	0.35934058	0.016311405	0.05870587	4.0	1399.115347146988
48	97.45091	2.9495685	100.0	88.0	176.38182	31.525282	14.47206	62.252914	-4.9270096	490000	5.8362883e-08	28.147688	-0.002861501	-4.3074017	0.3546712	0.017051332	0.07490749	5.0	1429.2735695838928
49	97.38596	3.0377414	100.0	85.0	171.75438	31.724068	14.937794	62.36176	-5.540333	500000	-3.213063e-08	28.682604	-0.0048757526	-5.05805	0.35252652	0.016009213	0.07690769	9.0	1457.9969840049744
50	97.78621	2.4483244	100.0	88.0	169.2069	32.760048	14.289314	61.25248	1.8374777	510000	1.1175871e-08	25.127657	-0.004503695	-3.0009918	0.34563923	0.015383187	0.06960697	10.0	1488.1485447883606
51	97.44211	3.108051	100.0	86.8	171.64912	32.340282	14.810563	62.744633	-4.3626904	520000	-7.761021e-09	24.966818	-0.004899495	-3.040664	0.33824793	0.01635118	0.072507255	12.0	1517.5740127563477
52	97.86909	4.4086223	100.0	70.0	175.03636	31.697838	14.836468	62.705536	-5.5749574	530000	-4.967054e-09	32.250477	-0.007344412	-3.5895443	0.33768928	0.015430525	0.086308636	15.0	1545.0115525722504
53	97.04074	3.8125288	100.0	78.4	179.75926	31.285488	14.748339	62.390774	-17.646309	540000	5.5879354e-09	31.188246	-0.0073032505	-6.9491687	0.34463802	0.01598848	0.08460846	9.0	1574.881118297577
54	98.11636	2.1346285	100.0	93.4	175.83636	31.158497	14.661453	62.1732	-4.6199355	550000	1.102065e-08	26.355112	-0.004258251	-2.7331588	0.33992586	0.01526625	0.060906094	11.0	1603.1455535888672
55	98.3037	2.2422671	100.0	90.0	176.81482	31.485884	14.653321	63.32989	0.937796	560000	-2.0489097e-08	27.739157	-0.0042850394	-2.6163921	0.32497987	0.015581888	0.07790779	9.0	1633.4996695518494
56	98.07587	2.6052537	100.0	88.0	169.8793	32.043236	14.883431	61.86451	-3.763548	570000	1.2417635e-09	24.35289	-0.004049237	-3.0036805	0.33184513	0.016451953	0.07850785	9.0	1662.163587808609
57	95.13333	23.489254	100.0	-80.0	170.57895	32.325546	14.80824	62.64083	-26.26051	580000	1.6453365e-08	71.968285	-0.007420761	-7.947649	0.33079824	0.015118039	0.07310731	21.0	1690.0530092716217
58	97.299995	4.0041056	100.0	77.2	174.39285	31.403208	14.505056	60.767693	-13.446881	590000	1.7384687e-08	33.698887	-0.0069238916	-6.286696	0.33737484	0.015852502	0.07660767	14.0	1719.2835111618042
59	97.84561	2.6730673	100.0	88.0	172.10527	31.847668	14.720266	61.399326	-13.831112	600000	-5.8983762e-08	27.354086	-0.004977338	-3.871062	0.3348224	0.015297362	0.06320632	9.0	1747.7127890586853
60	95.56364	9.507286	100.0	44.8	177.09091	30.813341	15.4655905	62.36317	-11.374575	610000	-3.290673e-08	38.74059	-0.006058624	-10.254993	0.3356311	0.0154549	0.06360636	8.0	1775.7736728191376
61	97.26072	4.399662	100.0	78.4	175.17857	31.425175	14.451983	62.43063	-2.348413	620000	-3.8494665e-08	34.394154	-0.0041690613	-5.170258	0.32519555	0.015797727	0.06420642	7.0	1805.3049697875977
62	98.16491	2.1777573	100.0	94.0	171.61403	32.073452	14.79048	63.043953	1.4219959	630000	1.4901161e-08	28.18142	-0.0058716075	-2.6870759	0.34039798	0.015846074	0.07040704	11.0	1835.358174085617
63	98.19636	2.7341583	100.0	84.4	175.94545	32.167767	14.681424	63.235664	-2.4054132	640000	1.4901161e-08	26.081871	-0.005853794	-2.7617881	0.33297786	0.015537602	0.0760076	13.0	1864.3920350074768
64	97.73104	2.2334607	100.0	94.0	170.98276	32.239815	14.958244	61.82803	1.3801922	650000	-2.3903945e-08	24.124292	-0.005557014	-2.9596589	0.341176	0.0153645165	0.0660066	15.0	1895.1098935604095
65	97.7193	2.4940233	100.0	90.4	171.8421	32.146603	14.710113	62.67987	-3.5538745	660000	6.45717e-08	25.11202	-0.005024304	-2.9839725	0.35011467	0.015456985	0.08060806	9.0	1924.789356470108
66	98.049126	2.3789365	100.0	88.0	171.50877	32.19181	14.835947	62.43732	-2.383423	670000	2.173086e-08	25.638437	-0.0052245557	-2.474469	0.3387299	0.015410267	0.058205824	13.0	1953.1513559818268
67	97.93104	2.1951513	100.0	94.0	167.84483	32.865135	14.677833	62.66156	-1.3214202	680000	5.5413693e-08	21.038157	-0.0036326938	-1.8258044	0.34194645	0.015514098	0.07260726	8.0	1983.7564911842346
68	94.439285	23.711735	100.0	-80.0	170.96428	32.00086	15.100272	62.881287	-15.907468	690000	-1.1051694e-07	80.95716	-0.0033751912	-11.719472	0.3381156	0.020481994	0.03590359	4.0	2011.2037191390991
69	97.93449	2.9957185	100.0	82.0	169.7931	32.334087	13.764536	60.965324	-1.3284396	700000	-8.071463e-09	28.856794	-0.0055170846	-5.980257	0.33109283	0.015619314	0.08240824	12.0	2042.1597797870636
70	98.361404	1.9793452	100.0	94.0	171.66667	32.32551	15.018573	62.960827	-6.9214725	710000	-1.1796753e-08	25.318336	-0.0043222946	-2.4960766	0.33117807	0.016283609	0.06660666	9.0	2070.4404826164246
71	98.1069	2.3708615	100.0	88.6	170.48276	32.563885	15.005954	62.103386	-3.3052115	720000	3.7175294e-08	29.151726	-0.0054761344	-2.8326492	0.33631238	0.015566411	0.08370837	18.0	2100.8096997737885
72	98.207016	2.2380955	100.0	89.8	169.7193	32.812565	14.833729	63.35171	-1.8081245	730000	-4.1909516e-08	24.403975	-0.005057244	-2.7257526	0.33473277	0.015129209	0.06430643	15.0	2130.376444578171
73	97.11072	6.369001	100.0	53.2	174.08928	31.818024	15.625105	62.622253	-32.774452	740000	4.8583995e-08	31.465124	-0.0066331564	-3.3737621	0.32631543	0.015639978	0.07740774	11.0	2160.8369138240814
74	96.30741	6.3081036	100.0	68.2	182.07408	30.476639	15.614097	61.425198	-29.81344	750000	3.8494665e-08	43.652576	-0.009279649	-13.844655	0.33705923	0.015257958	0.07130713	8.0	2189.227087020874
75	97.88772	3.6155639	100.0	76.0	169.26315	31.8939	14.538627	62.759182	-3.9994667	760000	-1.4901161e-08	31.021532	-0.0057348027	-5.976793	0.322736	0.01732664	0.07590759	10.0	2216.8601207733154
76	97.87858	2.7322614	100.0	84.4	174.55357	32.17257	14.9299555	61.443134	-4.3492694	770000	-4.0357313e-09	28.481567	-0.010862005	-3.5890198	0.32469252	0.015225429	0.087208726	72.0	2249.827635526657
77	97.467804	3.026798	100.0	86.0	165.79662	32.73272	14.47466	62.923267	-2.373334	780000	5.8673322e-08	23.721436	-0.0059746667	-3.6664188	0.33654773	0.015827399	0.0720072	13.0	2278.948420524597
78	97.42759	3.715289	100.0	81.4	170.18965	32.65237	14.878631	62.19012	-4.234235	790000	-1.4901161e-08	29.876764	-0.0063298247	-4.141805	0.33467665	0.015507601	0.09520952	14.0	2307.936256170273
79	98.08136	2.8260577	100.0	85.6	167.23729	32.716576	14.673832	61.412308	5.3547907	800000	-9.002785e-09	24.040049	-0.0066051497	-2.3260562	0.33636916	0.0156717	0.06560656	18.0	2338.5701763629913
80	97.16492	6.972037	100.0	49.6	170.36842	32.271473	15.445782	61.686626	-30.822704	810000	-2.3593506e-08	31.35373	-0.006235559	-5.4218025	0.33680144	0.015938768	0.071607165	9.0	2368.4135987758636
81	97.00358	4.469658	100.0	72.0	172.48215	31.989115	14.753137	59.360703	-8.603622	820000	1.6763806e-08	32.753098	-0.006365219	-5.352358	0.34108245	0.016167536	0.0840084	12.0	2396.3687977790833
82	98.23104	2.1064105	100.0	94.0	169.08621	32.48616	14.683473	60.844524	-4.021305	830000	4.9670536e-08	26.09469	-0.0066497116	-4.069262	0.33177635	0.015165689	0.06680668	13.0	2426.041051864624
83	97.72363	3.7230465	100.0	77.8	173.74545	32.65959	14.589196	62.73948	-10.133689	840000	-6.3950814e-08	30.189194	-0.0062209046	-3.862517	0.32779977	0.016397217	0.08920892	13.0	2453.4756982326508
84	98.32363	2.437134	100.0	90.0	175.67273	31.49207	15.273857	60.835106	-22.43825	850000	-1.3814618e-08	27.790766	-0.005950105	-4.789245	0.32954755	0.016105043	0.069806986	10.0	2481.8085820674896
85	98.05763	2.1543963	100.0	92.8	166.42372	32.928455	14.694333	61.269066	1.5338653	860000	5.6500237e-08	21.518698	-0.0046061776	-2.010091	0.3316706	0.015316535	0.060006004	8.0	2511.6554679870605
86	97.41053	5.1835666	100.0	67.0	171.19298	32.360676	14.987411	62.015236	-15.6723585	870000	-5.9604645e-08	30.81746	-0.0035646881	-5.1002045	0.33492866	0.015501893	0.08050805	5.0	2538.871809244156
87	98.02857	2.617913	100.0	88.0	171.48215	32.1758	14.719996	60.57369	-20.107597	880000	-4.9670536e-08	26.078756	-0.005317941	-3.0188885	0.32729393	0.015161104	0.06050605	18.0	2568.570595741272
88	98.07273	2.1470869	100.0	94.0	175.4	32.13725	14.6323395	61.5893	-2.5373158	890000	-2.6077032e-08	26.209173	-0.0054584327	-2.8172035	0.32581	0.0152595	0.06850686	11.0	2596.5015301704407
89	97.156364	4.0442443	100.0	80.8	177.6	31.66917	14.50899	61.04211	-15.121419	900000	-2.7939677e-08	32.663677	-0.0067910166	-5.742712	0.33230856	0.015224745	0.07840785	9.0	2626.7870650291443
90	98.59311	1.8728418	100.0	94.0	168.01724	32.6874	14.296487	61.22299	3.927908	910000	-5.5879354e-09	23.18212	-0.005220635	-3.3157635	0.32126006	0.015359583	0.07130713	17.0	2656.7388434410095
91	96.21454	14.697625	100.0	-10.0	180.72728	31.947975	15.084138	61.851696	-19.648449	920000	-1.0554989e-08	68.31437	-0.008064362	-19.336487	0.32102802	0.015257701	0.06080608	16.0	2685.803462743759
92	97.44	2.820806	100.0	88.0	176.61818	30.975077	14.595203	59.53365	-16.2495	930000	2.9802322e-08	37.917957	-0.007878918	-8.527507	0.33278167	0.016549023	0.07970797	11.0	2714.314335346222
93	98.457146	1.9634933	100.0	94.0	173.51785	31.909365	13.834677	65.37331	-0.32989705	940000	2.134281e-09	27.65464	-0.0070277993	-4.20207	0.3274666	0.015147691	0.07640764	23.0	2744.2494060993195
94	98.375	2.109862	100.0	93.4	174.01785	32.1378	14.695373	61.767673	-7.021718	950000	-2.8250119e-08	27.05752	-0.007009326	-2.220658	0.33183098	0.01505774	0.077707775	12.0	2774.420420885086
95	97.89643	3.3538868	100.0	83.2	173.25	32.09759	14.641065	62.01956	-4.276993	960000	1.6763806e-08	31.419203	-0.0059106364	-2.8515084	0.34345016	0.015738405	0.073407345	11.0	2801.838243484497
96	97.755554	3.9411724	100.0	75.4	178.88889	31.691595	14.444934	62.36378	-13.931633	970000	3.259629e-09	29.405897	-0.005667849	-3.9400856	0.33663142	0.015670948	0.0840084	10.0	2830.067209005356
97	98.03158	4.1343727	100.0	72.0	171.50877	32.37161	14.093267	61.362415	-11.724195	980000	3.4769375e-08	28.342234	-0.0052524316	-5.565305	0.32726225	0.015372485	0.068006806	15.0	2856.795897245407
98	98.207146	2.4121604	100.0	89.8	174.53572	31.937582	15.323266	61.568466	-7.6396847	990000	-3.8494665e-08	31.527191	-0.006037452	-4.2638545	0.32199597	0.015184795	0.071807176	12.0	2885.549371957779
99	98.19636	3.1646895	100.0	80.2	174.5091	31.897564	14.535454	62.284866	-12.802013	1000000	3.7252903e-09	30.379023	-0.0048644072	-3.312535	0.32742772	0.016578818	0.07490749	9.0	2916.141280412674
100	98.39298	1.9520444	100.0	94.0	170.0	32.42482	14.81701	62.182358	-11.936112	1010000	3.1548552e-08	22.941864	-0.0062093227	-2.1398098	0.3312773	0.015062421	0.077107705	16.0	2944.4887092113495
101	98.189285	2.6604023	100.0	86.2	171.78572	32.608643	14.885011	62.485992	-9.983711	1020000	4.4703484e-08	23.479494	-0.005466517	-2.2451394	0.3290069	0.015562758	0.07220722	10.0	2972.859812259674
102	98.26316	2.272075	100.0	91.6	170.42105	32.505695	14.982225	62.200024	-5.6708837	1030000	-1.2417635e-09	25.193396	-0.005864995	-3.309974	0.3299035	0.015758483	0.06970697	13.0	3001.809814929962
103	98.0	4.2005105	100.0	71.2	174.08928	32.12003	15.157734	62.576706	-39.816936	1040000	-4.718701e-08	28.996237	-0.005781129	-4.026367	0.33565506	0.015242118	0.07230723	14.0	3031.406865119934
104	97.739296	5.018668	100.0	67.0	173.875	31.89762	15.056574	61.73308	-9.742361	1050000	2.2351742e-08	27.761461	-0.0054757283	-3.8293374	0.34714028	0.01665377	0.08890889	13.0	3059.702228307724
105	97.54286	4.9155316	100.0	71.2	174.48215	32.06146	15.135999	62.648174	-27.16182	1060000	-1.1175871e-08	32.43046	-0.006444602	-3.5099137	0.33391002	0.015363961	0.07830783	15.0	3089.568999528885
106	98.34286	2.3855863	100.0	89.2	175.51785	31.996128	14.519807	62.653908	-13.393892	1070000	-8.381903e-09	28.24772	-0.004297389	-3.2318127	0.32740077	0.015906816	0.077707775	9.0	3119.1511912345886
107	98.25455	2.9305801	100.0	82.0	175.52727	31.686193	14.841854	62.479847	-4.061061	1080000	-4.5945246e-08	28.11785	-0.006825097	-3.252257	0.32048997	0.015717454	0.07750775	17.0	3148.3505685329437
108	97.796364	3.102724	100.0	86.0	175.78181	31.876411	14.535368	62.016308	-2.3813477	1090000	2.4059167e-08	32.274815	-0.006579463	-3.4397526	0.32381335	0.01610568	0.08190819	12.0	3175.2925362586975
109	98.096436	2.3841715	100.0	91.6	174.60715	31.867355	14.71154	60.301662	-16.669714	1100000	8.692344e-09	26.996801	-0.0067782737	-2.8250885	0.32679233	0.015560997	0.0760076	19.0	3205.9630811214447
110	98.36001	2.3023782	100.0	92.0	175.87273	32.10791	14.608587	61.904587	2.0324736	1110000	4.1288633e-08	29.423712	-0.004775182	-3.154155	0.32754055	0.016593358	0.0869087	8.0	3233.3811495304108
111	97.89474	2.4137337	100.0	92.0	174.17545	32.32289	14.631032	61.549683	-3.784239	1120000	-2.4835268e-08	27.629526	-0.006277399	-2.4939651	0.32632634	0.015415393	0.08010802	16.0	3268.9393486976624
112	98.192726	2.576527	100.0	89.2	174.87273	32.035435	14.45038	62.64616	-4.2656713	1130000	2.1109978e-08	27.184717	-0.004716439	-2.695657	0.32598802	0.016067725	0.056405637	8.0	3296.7779541015625
113	98.22857	2.6116302	100.0	88.6	175.21428	32.323174	14.524302	61.82344	-13.135523	1140000	-8.940697e-08	30.347946	-0.0037068354	-3.3444862	0.3317082	0.017121399	0.07080708	8.0	3324.846449613571
114	98.00378	3.926204	100.0	76.0	180.62263	31.245163	14.848645	64.046234	-13.250216	1150000	6.2088173e-10	35.35193	-0.003978444	-4.007684	0.32153097	0.015607341	0.08980898	8.0	3352.4814240932465
115	97.751724	4.958213	100.0	66.4	170.6207	31.994858	14.606652	61.68813	-16.714157	1160000	-1.2045105e-07	30.533096	-0.006063973	-8.308465	0.32803053	0.015405603	0.08520853	9.0	3382.6021547317505
116	98.19643	2.611374	100.0	88.6	174.01785	32.387333	14.890334	60.160583	-10.96793	1170000	3.0578423e-08	29.559149	-0.0059606545	-4.768975	0.31579435	0.0151425	0.06430644	11.0	3412.3715596199036
117	98.336845	2.2658896	100.0	90.0	171.19298	32.405823	14.537875	59.159924	-0.5818895	1180000	3.0423205e-08	25.874273	-0.00532278	-1.8206908	0.3167341	0.0153597975	0.063106306	12.0	3442.4465980529785
118	97.671425	4.3181386	100.0	72.4	172.35715	32.427837	14.750005	61.31066	-1.0439975	1190000	3.1044085e-08	31.20336	-0.006699708	-4.235187	0.32361326	0.015731724	0.065606564	11.0	3469.8187720775604
119	98.2	2.23531	100.0	91.6	165.61017	32.815083	14.8257675	61.289692	-0.85138786	1200000	-5.7742e-08	22.19309	-0.0063357116	-2.6777318	0.3161769	0.01555343	0.08060806	17.0	3500.586630821228
120	97.63636	3.9579778	100.0	76.0	177.74545	32.40519	14.745732	62.839096	-11.591779	1210000	7.761021e-09	32.026905	-0.006113151	-4.61544	0.32296517	0.015090804	0.08350835	13.0	3528.3171553611755
121	97.69455	3.0299962	100.0	88.0	176.41818	31.221773	14.863092	61.22045	-7.7668405	1220000	1.8626451e-08	29.469	-0.006166131	-3.2265701	0.32578126	0.015692974	0.07970797	14.0	3559.0305020809174
122	98.15357	2.4796283	100.0	90.4	173.26785	32.340332	14.143202	62.397926	-0.19101417	1230000	1.8626451e-08	27.723993	-0.005888393	-3.3338757	0.3229615	0.015575551	0.0720072	17.0	3587.377910375595
123	97.71379	3.6564744	100.0	78.0	169.01724	32.662178	14.817206	61.9542	-3.370416	1240000	-3.601114e-08	27.156416	-0.0056156516	-2.5972545	0.32252052	0.015914952	0.06630663	12.0	3615.713877916336
124	96.53929	10.536123	100.0	21.4	175.75	31.752972	15.199218	62.574276	-19.86763	1250000	2.4214387e-08	42.464153	-0.0065094153	-9.736289	0.32450217	0.015351924	0.06760676	8.0	3643.5315251350403
125	98.27017	2.395168	100.0	90.4	172.26315	31.842272	14.49146	62.593494	-14.23713	1260000	-1.9868216e-08	27.899559	-0.005836313	-4.393891	0.32624412	0.015908087	0.076907694	13.0	3672.580129623413
126	96.917854	4.2179513	100.0	83.2	175.69643	31.700397	14.84939	64.65306	-8.285334	1270000	-4.346172e-09	30.490997	-0.0054061296	-4.253015	0.33870432	0.016311595	0.07460746	7.0	3701.1498131752014
127	97.45818	4.7556543	100.0	69.4	176.41818	31.376902	14.789388	61.95904	-24.556452	1280000	2.483527e-09	33.384815	-0.0048979265	-5.0072	0.35332847	0.01670686	0.065806575	7.0	3730.233821630478
128	96.655556	6.522374	100.0	61.6	181.16667	31.112371	14.518732	63.00182	-9.522555	1290000	0.0	39.51813	-0.005283276	-5.554709	0.34878746	0.015297956	0.05040504	6.0	3758.8691725730896
129	94.3849	14.891398	100.0	7.0	183.1132	29.575674	15.315571	62.637447	-22.835293	1300000	5.029142e-08	48.435093	-0.007890815	-13.082749	0.34739983	0.016323196	0.081608154	9.0	3787.5030646324158
130	96.85714	4.2457905	100.0	82.0	174.46428	31.354435	14.086967	61.216515	-15.2269335	1310000	7.450581e-09	33.425327	-0.0062498674	-6.122107	0.35382962	0.015568279	0.0830083	8.0	3815.9165749549866
131	97.432144	3.725353	100.0	85.6	174.82143	31.758041	14.642138	62.555305	-6.677107	1320000	-1.8626451e-08	31.727423	-0.0047348095	-4.1055546	0.3523499	0.016043456	0.08060806	10.0	3846.4157955646515
132	96.0566	8.79763	100.0	43.6	179.18867	31.170584	15.082219	62.503433	-20.214365	1330000	6.208817e-09	43.46732	-0.008252223	-10.3178835	0.3522835	0.016551571	0.081608154	9.0	3874.261353492737
133	97.67778	3.4596977	100.0	82.6	178.81482	30.36521	15.02453	60.911674	-20.519125	1340000	-3.7252903e-09	27.259842	-0.004780607	-4.814007	0.3435534	0.015473428	0.06680668	7.0	3904.6097111701965
134	97.25	6.419307	100.0	55.6	172.67857	31.254366	15.31166	60.236588	-17.29095	1350000	-1.3659398e-08	35.844906	-0.0064884773	-8.758996	0.35837147	0.015476606	0.08620862	7.0	3933.104573249817
135	96.96296	3.3280125	100.0	88.0	180.05556	31.549358	14.992726	63.19473	-6.3392935	1360000	-4.346172e-09	32.834682	-0.009640206	-6.150452	0.34978938	0.01502505	0.09210921	22.0	3962.5177206993103
136	97.23273	3.5020545	100.0	85.0	176.96364	30.985125	14.321011	60.946274	-3.9112692	1370000	-1.4901161e-08	32.93659	-0.0062527186	-6.663551	0.35498205	0.0159981	0.070007	8.0	3990.580500602722
137	96.24642	6.712354	100.0	54.4	177.5	31.020548	14.889405	61.826603	-7.3807473	1380000	-9.934108e-09	31.52291	-0.006969724	-4.3017464	0.35619566	0.01573923	0.0790079	9.0	4021.042044878006
138	96.950005	4.4357715	100.0	83.8	173.46428	31.066626	15.296954	62.25457	-18.479063	1390000	-2.7629236e-08	31.159967	-0.0068157925	-4.936947	0.36052868	0.015489432	0.08280828	10.0	4048.3923420906067
139	97.96	2.4046621	100.0	92.0	175.5091	32.141155	14.174171	62.977455	-7.307761	1400000	-3.4769375e-08	29.386976	-0.0069548874	-4.532942	0.35851082	0.0150874965	0.08180818	13.0	4078.291340112686
140	95.85284	8.167044	100.0	52.6	184.13208	30.290754	15.272927	61.60829	-25.03265	1410000	-7.047007e-08	47.395954	-0.006297054	-12.597397	0.36248687	0.01832553	0.07450745	6.0	4107.537166595459
141	97.39286	4.8438416	100.0	69.4	177.26785	31.17913	14.000589	55.961884	-12.240405	1420000	5.5879354e-08	35.674828	-0.0058377213	-7.2911263	0.3516662	0.018258724	0.07810781	7.0	4136.158560991287
142	97.18929	5.544807	100.0	70.0	174.01785	31.715267	14.773787	59.24793	-4.4557133	1430000	-3.601114e-08	31.259684	-0.0070016184	-3.294321	0.34594962	0.015278294	0.07870787	9.0	4166.401514291763
143	97.92363	2.8306096	100.0	86.8	177.5091	31.593119	14.7633915	62.03601	-2.7502332	1440000	-4.2219956e-08	27.826187	-0.004530811	-2.443627	0.33909974	0.01575132	0.05590559	9.0	4194.867241859436
144	97.947365	2.6784458	100.0	91.0	170.29825	31.982641	14.794293	61.557953	-8.680886	1450000	-3.8805106e-09	23.077698	-0.0046645887	-4.3499265	0.34918475	0.015037495	0.06870687	7.0	4222.399101495743
145	95.76	15.230945	100.0	-10.0	174.67273	31.60085	15.247059	62.350746	-14.367895	1460000	1.4901161e-08	92.53542	-0.008698645	-25.274277	0.3563688	0.016396165	0.08950895	12.0	4251.556186676025
146	96.37091	4.8410993	100.0	82.0	178.0	30.963871	15.234665	58.573196	-15.536601	1470000	-1.7789716e-08	40.723423	-0.0068792724	-11.540295	0.35739192	0.015507166	0.077707775	11.0	4280.756904840469
147	98.36842	2.0460622	100.0	91.6	173.38597	31.273878	14.399379	60.903378	-10.01429	1480000	2.1575639e-08	24.915924	-0.0060252384	-2.8524704	0.34595504	0.015659492	0.07650765	14.0	4311.688545465469
148	98.01072	2.765455	100.0	87.4	174.33928	32.158157	14.70703	62.009247	-4.311925	1490000	1.1175871e-08	31.141459	-0.0048209582	-3.2933056	0.34798476	0.016017914	0.08520851	9.0	4341.624896526337
149	97.858185	3.2153435	100.0	82.6	174.65454	31.33693	15.092117	62.91525	-10.212538	1500000	-1.3659398e-08	32.78536	-0.0063746297	-6.4282665	0.3550185	0.016138494	0.08770877	10.0	4370.200894832611
150	98.12281	2.0682237	100.0	91.6	172.80702	31.737677	14.812651	62.694622	-8.704777	1510000	4.4858705e-08	28.241516	-0.0048605916	-4.752992	0.3610368	0.015022896	0.07880788	8.0	4399.533606767654
151	97.08364	4.5488367	100.0	70.0	177.61818	31.49391	15.340787	65.32887	-20.088415	1520000	3.0423205e-08	35.21493	-0.006545915	-5.898479	0.36622486	0.017179146	0.08240824	10.0	4427.55372428894
152	97.58149	2.7992773	100.0	86.0	179.83333	31.435165	14.611217	61.112614	-4.4222126	1530000	3.3973873e-08	30.192665	-0.007853434	-2.8896592	0.36036727	0.015721092	0.07380738	20.0	4456.820239782333
153	97.33817	3.0465176	100.0	86.8	179.61818	31.607912	14.30617	61.281273	-1.2934321	1540000	-1.9868216e-08	30.268463	-0.007831474	-3.663018	0.35542658	0.015233878	0.08090809	20.0	4485.560039281845
154	98.207016	2.1569846	100.0	92.0	171.91228	31.67917	14.612368	64.22002	-8.874579	1550000	4.346172e-09	27.34128	-0.0036347639	-4.5161347	0.3589147	0.015040244	0.070007	6.0	4516.829024553299
155	97.80741	3.3803272	100.0	83.2	175.42592	32.054386	14.371931	61.83216	-6.123151	1560000	2.9802322e-08	31.725306	-0.00556338	-5.062	0.35212168	0.015138838	0.064906485	10.0	4544.922456741333
156	98.45556	2.077183	100.0	94.0	179.55556	31.512537	14.499539	61.349266	-10.542527	1570000	-6.208817e-09	25.768744	-0.004556838	-1.8742529	0.34733072	0.015269082	0.06550655	11.0	4572.269806623459
157	98.08888	2.6206212	100.0	88.6	178.33333	31.551935	14.54743	62.268734	-11.994634	1580000	-1.9868216e-08	31.16986	-0.0067937314	-2.9289215	0.36113134	0.016307281	0.07280728	17.0	4601.657249450684
158	95.600006	16.397514	100.0	-20.0	186.15384	30.507368	15.367979	61.49868	-29.499407	1590000	7.450581e-09	69.10365	-0.0074385013	-32.95269	0.36547706	0.015468881	0.07370737	10.0	4631.0249376297
159	97.89259	4.0695276	100.0	73.0	180.83333	31.169346	14.03385	59.425674	-8.959366	1600000	-2.1109978e-08	34.154266	-0.0065042586	-4.76963	0.36221704	0.015378386	0.07840785	14.0	4658.561100721359
160	97.95185	2.4324763	100.0	92.0	179.98148	31.107399	14.28755	61.220432	-12.035757	1610000	1.2417635e-09	33.01604	-0.005972814	-4.003893	0.37282085	0.015696732	0.06760676	8.0	4688.17115688324
161	96.9077	3.9923894	100.0	79.0	187.01923	30.647638	14.316176	61.85957	-21.490705	1620000	-1.2417634e-08	37.630993	-0.0053415764	-6.9286313	0.3712877	0.015903676	0.07680768	8.0	4717.821382284164
162	97.35556	6.1440325	100.0	55.6	180.7037	30.198954	14.669869	61.295906	-26.553953	1630000	-1.4901161e-08	34.910023	-0.0046703448	-5.1308074	0.3742474	0.015550599	0.06960696	6.0	4746.206572055817
163	97.6566	3.7005613	100.0	76.0	181.28302	30.93524	14.380797	61.49981	-10.660872	1640000	-8.692344e-09	32.176647	-0.006902773	-3.1195552	0.37040004	0.015092529	0.09350935	17.0	4775.741005659103
164	98.249054	2.7137396	100.0	86.0	178.83018	31.035637	14.6094675	62.101894	-8.994036	1650000	9.934108e-09	31.943457	-0.0058014705	-3.3995006	0.36350313	0.015590626	0.07850785	9.0	4804.197276353836
165	98.31154	2.1648989	100.0	92.0	181.15384	31.464905	14.219923	61.95754	-3.5872664	1660000	-1.8626451e-08	30.797804	-0.0062438957	-3.2322872	0.3561653	0.015390354	0.059305932	16.0	4834.481286764145
166	98.40741	1.9436367	100.0	94.0	180.16667	31.477722	14.157085	62.40636	2.8646142	1670000	-2.0489097e-08	28.476236	-0.005770825	-2.2507515	0.35730433	0.015670711	0.08210821	11.0	4861.256172418594
167	98.067856	2.923373	100.0	85.0	175.42857	31.963045	14.458505	61.51934	-12.193892	1680000	-6.208817e-09	27.661325	-0.004411002	-3.929058	0.3614347	0.015450019	0.06920692	8.0	4889.703359127045
168	98.417854	2.0689113	100.0	91.0	174.83928	31.885773	14.617486	61.880634	-19.59831	1690000	-4.346172e-09	30.758894	-0.0055998988	-3.3996422	0.36243668	0.016275669	0.080708064	9.0	4918.630641460419
169	98.1193	4.1601043	100.0	70.0	171.5614	32.272694	14.457548	60.826393	-14.68457	1700000	9.934108e-09	31.698349	-0.0049939775	-6.217633	0.37244105	0.016347976	0.065806575	8.0	4948.235635042191
170	98.28773	2.3524585	100.0	90.4	170.38597	33.0506	14.592439	62.61636	1.0781907	1710000	-2.2895014e-08	28.456945	-0.0036321003	-2.8584576	0.37789607	0.015208113	0.084708475	9.0	4978.622723817825
171	98.27017	2.330722	100.0	90.4	173.2807	32.19382	15.170402	61.88856	-8.777681	1720000	-2.173086e-08	25.293182	-0.007223491	-2.3296432	0.3719633	0.015021078	0.090009004	18.0	5009.031399488449
172	98.45357	2.8232427	100.0	81.4	171.69643	32.520416	14.724629	61.901978	-4.500319	1730000	5.4637592e-08	26.80897	-0.0068642623	-1.8274664	0.37416244	0.016359022	0.078707874	13.0	5038.349830150604
173	97.68965	2.6915374	100.0	89.8	170.75862	32.45058	14.864985	62.0644	-5.375287	1740000	-2.6232252e-08	26.766134	-0.005571393	-2.1330063	0.37501553	0.01536008	0.0730073	13.0	5069.772034406662
174	98.36364	2.1789372	100.0	90.0	175.29091	32.14146	14.739793	61.805504	-2.6405864	1750000	1.6763806e-08	30.161636	-0.0064136335	-3.6938546	0.36634144	0.015535909	0.08090809	20.0	5096.172118425369
175	98.40357	2.0285428	100.0	92.8	173.14285	31.861027	15.083203	62.14108	-4.2460904	1760000	6.45717e-08	23.98311	-0.0045318217	-2.4143326	0.36516345	0.016026424	0.061006103	9.0	5126.504088640213
176	98.38596	1.900271	100.0	94.0	170.21053	32.48956	14.965682	61.35288	-3.20921	1770000	3.679391e-08	25.12131	-0.0040216115	-2.3875973	0.3740715	0.017252127	0.080708064	8.0	5154.128899097443
177	97.89818	2.6417272	100.0	90.0	174.61818	31.930813	15.159363	62.622402	-15.391259	1780000	-7.947286e-08	28.043365	-0.004028423	-3.446125	0.37468147	0.015334356	0.081608154	6.0	5185.206636667252
178	97.244446	5.404068	100.0	66.0	181.40741	31.36418	14.80178	62.43992	-19.023556	1790000	-2.8560558e-08	34.005657	-0.011342965	-4.8580375	0.35984978	0.015173241	0.0890089	57.0	5213.802358150482
179	97.876366	4.1121535	100.0	76.6	177.92728	31.29401	14.676815	62.541073	-27.638662	1800000	1.9868216e-08	30.751207	-0.0056561343	-3.4504185	0.36688805	0.01600162	0.08590859	8.0	5242.288466691971
180	97.29057	3.1483002	100.0	86.8	180.73586	31.413855	14.718804	62.144855	-5.152379	1810000	3.0112762e-08	30.379103	-0.010821582	-3.5714443	0.36879274	0.014392354	0.0750075	79.0	5273.844506263733
181	94.87408	15.249641	100.0	-10.0	179.7037	31.067019	14.73813	63.034798	-13.565184	1820000	1.9868216e-08	84.64609	-0.0061690263	-14.800026	0.3744301	0.017330239	0.09850985	9.0	5300.386075019836
182	97.40741	3.9582949	100.0	80.2	179.18518	30.21724	15.222732	61.368214	-18.680908	1830000	-1.0554989e-08	36.143444	-0.00861662	-8.392582	0.36291823	0.015018725	0.07410741	23.0	5331.483300924301
183	97.181816	6.5277333	100.0	52.0	175.92728	31.470938	14.879332	62.405704	-10.578121	1840000	1.4901161e-08	34.201	-0.009294967	-4.903011	0.36321577	0.015986132	0.094109416	18.0	5362.184098005295
184	97.94444	2.6001184	100.0	88.0	179.68518	31.60172	14.573591	62.74951	-11.43848	1850000	1.102065e-08	27.334387	-0.004858667	-3.40116	0.3500757	0.016162857	0.05430543	8.0	5389.676190376282
185	97.27036	4.8154316	100.0	74.0	177.46297	31.225582	14.8947735	61.938828	-10.243469	1860000	6.364038e-08	31.76467	-0.0055171982	-3.6093705	0.35565242	0.01508383	0.07830783	11.0	5419.375672340393
186	98.27857	2.2952363	100.0	90.4	173.14285	31.818192	14.610557	61.608105	-10.046545	1870000	3.244107e-08	27.628527	-0.0061581633	-2.3456147	0.3537052	0.015290623	0.06320632	20.0	5445.960796833038
187	97.67273	3.5934005	100.0	77.8	178.18182	31.623129	15.081879	62.64057	-19.835346	1880000	9.934108e-09	28.434763	-0.007037768	-3.222617	0.3588054	0.015426767	0.08390839	14.0	5476.3030869960785
188	98.01755	3.7219653	100.0	76.0	172.75438	31.948383	14.607648	62.506737	-11.214021	1890000	4.9049657e-08	28.178614	-0.0071138996	-3.6740963	0.3818922	0.015516202	0.088108815	10.0	5503.3685131073
189	97.58546	4.485103	100.0	74.8	177.52727	31.29847	15.404611	62.488716	-29.525766	1900000	4.5013923e-08	31.956583	-0.0080488045	-6.072723	0.37519786	0.0155475885	0.08820882	15.0	5533.626432418823
190	97.62222	3.8151093	100.0	76.0	178.46297	31.53388	14.710009	62.32198	-2.9971786	1910000	1.21071935e-08	32.754528	-0.004598031	-3.6204598	0.3733236	0.016216477	0.06860686	8.0	5563.111061096191
191	95.32	15.609302	100.0	9.4	178.98181	30.842707	14.908487	62.54109	-15.548088	1920000	4.967054e-09	58.402637	-0.0056219385	-20.030712	0.38645887	0.015369984	0.06270627	6.0	5590.947123289108
192	95.545456	16.159319	100.0	-20.0	178.21819	31.117264	15.1989975	61.20227	-17.729597	1930000	2.2351742e-08	88.91212	-0.0053795255	-19.89762	0.38070968	0.0172482	0.072407246	6.0	5620.986345291138
193	97.810715	2.3698761	100.0	90.4	175.42857	31.375662	15.049779	60.494156	-3.2150152	1940000	8.940697e-08	35.162354	-0.004066464	-8.760035	0.37622964	0.016439999	0.05560556	5.0	5650.500651597977
194	98.08966	2.2231295	100.0	90.0	167.8793	32.40519	14.922652	62.279194	-24.822676	1950000	9.934108e-09	25.532145	-0.0050922944	-3.2341392	0.37365064	0.016282566	0.0780078	9.0	5678.394899845123
195	98.09455	2.701341	100.0	86.0	181.10909	31.660463	15.254529	62.81566	-21.29194	1960000	2.173086e-08	31.316957	-0.005403839	-5.9202695	0.36168638	0.015088186	0.07580758	12.0	5707.178312540054
196	97.32963	3.6527324	100.0	80.8	180.55556	30.88697	15.241455	61.22706	-32.179996	1970000	4.718701e-08	33.22599	-0.0058212453	-7.1095386	0.3876282	0.015779786	0.07320732	7.0	5737.219884634018
197	98.680695	1.8425225	100.0	94.0	170.54385	31.841642	14.321092	59.624813	-3.5535007	1980000	-2.2662183e-08	25.105047	-0.0047112177	-3.2824376	0.3755733	0.015531947	0.06880688	8.0	5764.178920030594
198	97.13705	5.7514987	100.0	71.8	179.77777	31.432684	15.188943	60.57359	-9.544339	1990000	-4.2608008e-08	37.48242	-0.0045483136	-5.8589473	0.3860966	0.015256185	0.06680668	6.0	5794.438485860825
199	97.64363	3.8052006	100.0	78.0	175.89091	31.305504	14.75771	61.23368	-17.401129	2000000	1.9868216e-08	32.488903	-0.0062037394	-5.55016	0.3853422	0.01555141	0.08230823	9.0	5822.149711847305
200	97.87037	2.3498328	100.0	90.4	182.40741	30.696085	14.99395	62.218697	-6.457337	2010000	-4.431543e-08	24.879578	-0.009167572	-3.39095	0.39085603	0.0150608905	0.08530853	18.0	5851.244526863098
201	98.123634	2.7280333	100.0	83.8	179.45454	31.05148	14.66817	59.78534	-4.598421	2020000	1.2417634e-08	29.79486	-0.0068686116	-3.7891636	0.38011226	0.015073866	0.08670867	9.0	5879.799879074097
202	97.847275	4.379782	100.0	76.0	176.45454	31.10623	14.780549	61.59346	-29.508585	2030000	-3.3527613e-08	28.288958	-0.0055649807	-4.640016	0.3902054	0.015903605	0.065506555	7.0	5907.52053976059
203	97.65	3.8201067	100.0	76.0	174.35715	31.8118	14.817886	60.194344	-24.99792	2040000	-3.3682834e-08	26.533754	-0.0046808464	-3.0455024	0.38984597	0.016439134	0.09030903	7.0	5936.848486423492
204	95.16539	12.832813	100.0	16.6	186.32692	30.013004	15.546274	61.537457	-8.965453	2050000	2.4214387e-08	49.571636	-0.006622774	-12.336446	0.38953337	0.016134568	0.08060806	7.0	5965.8207924366
205	97.0	3.3731458	100.0	84.0	182.01888	29.959871	14.857204	60.68981	-4.71258	2060000	-1.641456e-08	30.58663	-0.0052194777	-6.4923654	0.38429904	0.016217379	0.08710871	9.0	5993.636871814728
206	98.123634	3.5557873	100.0	76.0	175.65454	30.871853	14.555391	63.19051	-1.3139977	2070000	2.696955e-08	32.595036	-0.0042182393	-4.8958488	0.37736788	0.015302785	0.07760776	10.0	6022.467920780182
207	97.664154	3.1888418	100.0	82.0	180.86792	30.974083	15.11927	61.768772	-2.897231	2080000	9.934108e-09	30.616287	-0.0046583447	-5.0419183	0.3812376	0.015475986	0.074107416	8.0	6050.537739038467
208	98.62182	2.3222785	100.0	88.0	173.83636	31.167387	14.578135	62.76774	-8.29247	2090000	-1.086543e-08	30.92972	-0.0051351986	-4.511888	0.38047394	0.0163079	0.10011002	8.0	6078.69248509407
209	97.68572	3.6992002	100.0	78.0	176.14285	31.767939	15.024041	62.477566	-0.726244	2100000	-2.7318796e-08	31.397161	-0.0037489485	-4.2363305	0.3772113	0.01552248	0.06420642	7.0	6109.661422729492
210	98.34737	2.1607428	100.0	92.0	170.75438	32.433727	14.944602	62.052013	-5.221084	2110000	1.0554989e-08	25.139006	-0.005689099	-3.0929883	0.3650981	0.01530213	0.06510651	13.0	6137.266653299332
211	98.71228	1.5595851	100.0	94.6	171.14035	32.30856	15.096882	62.721775	-1.2583114	2120000	-2.2351742e-08	26.419046	-0.0041658143	-3.1502273	0.36266422	0.016142607	0.07650765	8.0	6166.928540229797
212	95.385704	21.127129	100.0	-60.0	177.23215	31.942183	14.990077	63.588657	-13.108166	2130000	-9.189049e-08	65.4581	-0.00825214	-29.425344	0.3687187	0.015723294	0.09180918	18.0	6197.4515907764435
213	95.02069	23.452099	100.0	-80.0	170.36208	31.707178	14.963313	63.21794	-1.4579114	2140000	2.173086e-08	101.75665	-0.005560434	-11.601001	0.3634312	0.015869055	0.08540854	10.0	6227.315016269684
214	98.39286	2.0273006	100.0	91.0	175.10715	31.74526	14.087499	56.23041	-19.086706	2150000	2.0489097e-08	33.316547	-0.004283956	-7.8147397	0.36467937	0.015818145	0.05080508	6.0	6254.997053146362
215	98.61404	1.7785702	100.0	91.6	170.6842	32.106552	14.716036	62.014957	-11.058168	2160000	-3.601114e-08	26.650755	-0.004739586	-2.1509297	0.36007538	0.015339253	0.07290729	9.0	6286.277961492538
216	96.04445	10.197071	100.0	34.0	182.12962	30.631897	15.918684	61.66257	-27.294254	2170000	5.3085387e-08	51.03128	-0.008369509	-13.546262	0.3616583	0.015324972	0.09030903	9.0	6316.309178113937
217	98.477196	1.9897119	100.0	91.6	170.91228	32.090096	14.064216	59.59289	-17.532019	2180000	1.0554989e-08	27.326078	-0.0047814366	-5.01696	0.3551117	0.015082918	0.09820982	9.0	6345.042441129684
218	97.905266	3.1611912	100.0	86.0	171.35088	32.317287	15.0198145	61.773876	0.2998351	2190000	-9.002785e-09	26.563143	-0.003395465	-2.7746952	0.36207154	0.015669785	0.090809084	9.0	6372.562483549118
219	98.68276	1.7957933	100.0	94.0	169.31035	32.77422	14.59534	62.875305	-4.9578037	2200000	-2.483527e-09	23.978271	-0.004370084	-2.4382412	0.35817376	0.016331507	0.06150615	9.0	6400.841017007828
220	98.25356	2.5764017	100.0	89.2	173.08928	32.329872	15.127683	62.520924	-20.830034	2210000	-2.0489097e-08	26.553026	-0.006280378	-2.4559345	0.35274425	0.015207519	0.07020702	12.0	6429.4435822963715
221	97.38621	4.371201	100.0	76.0	169.7069	32.600388	14.82026	63.072716	-15.228922	2220000	4.346172e-08	27.287588	-0.0047051073	-3.464185	0.3592659	0.015975257	0.060006004	11.0	6457.608588695526
222	95.1	20.557932	100.0	-50.0	173.73215	31.582083	15.221302	61.834606	-28.76757	2230000	1.8626451e-09	97.3664	-0.0069155158	-29.271658	0.35798135	0.015861658	0.06380638	6.0	6487.056153297424
223	97.99297	2.620289	100.0	86.0	171.8421	31.799965	14.395381	58.66158	-4.3099594	2240000	-1.4901161e-08	30.3962	-0.0053717406	-7.5448136	0.35822657	0.016793476	0.08850885	7.0	6517.24387383461
224	97.40346	5.890787	100.0	62.0	169.36208	32.380672	14.958221	62.56605	-4.2069826	2250000	2.0178657e-09	32.947548	-0.0052117654	-4.0692654	0.35962573	0.015940765	0.06710672	10.0	6546.765010595322
225	97.26546	5.8182225	100.0	62.8	177.05455	31.00034	15.922592	62.321026	-23.02619	2260000	-2.9802322e-08	33.308617	-0.007611291	-5.493839	0.35406566	0.015889829	0.07870787	13.0	6575.279492616653
226	98.192856	2.4251554	100.0	90.0	174.55357	31.500654	14.746747	62.42015	-15.999577	2270000	1.7074248e-08	36.203465	-0.006301699	-6.8581333	0.35704398	0.017002927	0.1030103	8.0	6604.232863903046
227	98.12142	3.069127	100.0	84.0	172.80357	32.51899	14.553761	64.26439	-3.918167	2280000	8.692344e-09	27.194077	-0.003979252	-3.077687	0.36198628	0.017310271	0.07190719	8.0	6634.8704669475555
228	98.86207	1.7703327	100.0	94.6	169.05173	32.467163	14.901897	63.790108	0.78746486	2290000	-2.9181441e-08	26.048777	-0.0052599977	-3.8689048	0.34984794	0.01645332	0.08980898	12.0	6664.991786003113
229	97.53214	3.5248663	100.0	80.2	174.875	32.594055	14.989857	63.66231	-6.371565	2300000	-1.8936893e-08	32.30113	-0.0049272007	-5.136061	0.35350993	0.015793426	0.05440544	7.0	6692.941064357758
230	97.90545	3.548491	100.0	79.6	179.34546	31.335318	14.665232	62.40593	-2.1663713	2310000	-1.0554989e-08	31.55983	-0.005427178	-3.8585083	0.3502001	0.015254911	0.063706376	10.0	6720.7546129226685
231	98.413795	2.5133743	100.0	87.4	168.05173	32.419254	14.6656	62.47712	0.92636085	2320000	1.5754873e-08	26.395502	-0.004634773	-4.7907157	0.36035785	0.015099608	0.076307625	11.0	6751.225522994995
232	98.600006	2.0764344	100.0	92.8	169.3158	32.41604	15.390073	62.289845	-0.5530989	2330000	3.1664968e-08	22.363693	-0.0046318662	-1.9375591	0.35607347	0.015810067	0.06750675	11.0	6780.456370830536
233	98.54386	1.9890064	100.0	94.0	172.4035	32.341564	15.26186	62.814983	-0.42956698	2340000	-9.352031e-09	23.107492	-0.0047664377	-2.2021377	0.3493125	0.0153539805	0.06710672	11.0	6810.366596460342
234	97.72	3.3576183	100.0	80.2	177.10909	32.074883	14.875946	61.49669	-4.9805484	2350000	1.625934e-08	33.50085	-0.0054861973	-3.8431213	0.35676077	0.01606662	0.06670667	10.0	6837.893538236618
235	98.14815	2.7444718	100.0	86.8	177.14815	31.499517	14.587381	61.44193	-10.325705	2360000	-1.8626451e-08	33.12533	-0.006174518	-3.910778	0.35973975	0.015691957	0.060906094	13.0	6868.078712463379
236	98.39643	2.955984	100.0	81.4	174.48215	31.78298	14.820608	62.112972	-19.730118	2370000	9.313226e-09	29.198965	-0.0066896067	-3.9115112	0.35760713	0.015087369	0.07110711	14.0	6898.580290317535
237	97.50546	2.786162	100.0	90.0	179.74545	31.927376	14.6774	61.48807	0.32157683	2380000	2.1109978e-08	33.447422	-0.004444018	-3.811406	0.355041	0.015407088	0.05150515	11.0	6928.009539365768
238	97.774536	2.7343087	100.0	89.2	177.41818	31.292284	14.986279	61.59234	-7.352344	2390000	5.6189794e-08	27.98285	-0.0039104284	-2.9511077	0.35638103	0.016743222	0.04650465	5.0	6958.2378187179565
239	97.85091	2.8865128	100.0	88.0	178.89091	31.362856	14.845556	61.623478	-3.5062997	2400000	-2.4369607e-08	36.824963	-0.0064925146	-5.3365655	0.35905468	0.01529919	0.06810681	11.0	6988.645615816116
240	98.08929	2.5873096	100.0	89.8	173.60715	31.927933	14.908882	61.730556	-7.6104765	2410000	4.5324366e-08	28.502405	-0.005878136	-3.5458462	0.35787204	0.015397889	0.06430643	11.0	7019.277855157852
241	97.72983	3.7082155	100.0	80.8	172.24562	32.333782	14.831679	61.801785	-7.1863008	2420000	-1.1175871e-08	28.883566	-0.0052144043	-3.4328873	0.35573307	0.016231326	0.08880889	8.0	7044.44366645813
242	98.16843	2.4863951	100.0	89.8	170.50877	32.13929	15.155123	61.777317	-5.2107635	2430000	3.632158e-08	25.563608	-0.004384207	-4.3709235	0.35622868	0.016515868	0.07290729	8.0	7073.746476650238
243	97.10345	10.92793	100.0	16.0	170.74138	32.182247	15.657667	61.9745	-28.946903	2440000	-1.05549894e-07	34.862865	-0.006146638	-8.305301	0.35704765	0.016051693	0.080708064	9.0	7103.103982210159
244	98.53214	2.0775254	100.0	92.2	172.03572	32.05491	15.248625	61.50424	-11.645937	2450000	-6.2088173e-10	26.057114	-0.0061746	-2.8331268	0.3577657	0.015912613	0.08360836	9.0	7130.111526012421
245	97.888885	3.05133	100.0	84.4	177.53703	31.64381	15.064754	61.659035	-12.946032	2460000	-2.9802322e-08	40.626495	-0.0069888947	-7.729828	0.35482872	0.017273115	0.070707075	7.0	7159.889505147934
246	98.6509	2.4208844	100.0	85.6	175.21819	31.862244	14.724355	61.061363	-22.940662	2470000	1.2417634e-08	27.896591	-0.006526243	-3.3677108	0.35147476	0.01523788	0.078007795	12.0	7187.237151861191
247	98.520004	1.8814304	100.0	94.0	176.41818	31.886276	14.790272	60.821327	-3.2696986	2480000	2.4214387e-08	27.028482	-0.0057345876	-2.4757023	0.3626535	0.015877392	0.08170817	11.0	7215.212028980255
248	98.307144	2.293458	100.0	92.2	175.03572	32.063297	14.659464	61.658623	-2.6637745	2490000	9.623666e-09	26.203087	-0.0064452547	-2.385638	0.36037263	0.015604048	0.08340833	15.0	7243.1286606788635
249	98.185455	2.936381	100.0	86.0	177.85454	32.095898	14.339652	61.599026	0.08176768	2500000	1.8626451e-09	30.376266	-0.008407886	-4.874655	0.36923257	0.016146926	0.07970797	17.0	7271.9365491867065
