Epoch	AverageEpRet	StdEpRet	MaxEpRet	MinEpRet	EpLen	AverageVVals	StdVVals	MaxVVals	MinVVals	TotalEnvInteracts	LossPi	LossV	DeltaLossPi	DeltaLossV	Entropy	KL	ClipFrac	StopIter	Time
0	85.3125	15.483374	100.0	24.4	298.625	18.299892	10.1108	54.966404	-11.076218	10000	-1.8626451e-09	70.7813	-0.0019312011	-12.026034	0.3838391	0.016723573	0.031203121	1.0	28.07813787460327
1	85.14666	15.769332	100.0	44.8	314.16666	18.008818	10.625742	52.930664	-16.70648	20000	9.934108e-09	73.226105	-0.007055096	-13.772686	0.3835429	0.015603952	0.06590659	5.0	52.367154121398926
2	83.412506	22.266283	100.0	-10.0	296.28125	17.847967	10.622873	51.788113	-16.18047	30000	2.483527e-09	98.04185	-0.0041175764	-23.929754	0.39267686	0.017548662	0.041704167	3.0	78.57958650588989
3	86.80645	15.443673	100.0	56.2	298.25806	17.783146	10.937106	54.69799	-11.314877	40000	-1.2417634e-08	77.94054	-0.005467852	-17.081781	0.3771952	0.015607112	0.05250525	7.0	101.26847958564758
4	88.757576	14.764393	100.0	40.6	287.9697	17.410988	10.578255	50.72678	-7.3064113	50000	2.4757659e-08	75.58431	-0.008029752	-13.474392	0.3928387	0.0152999805	0.082008205	7.0	127.274099111557
5	87.51613	12.7237425	100.0	62.8	296.64517	19.40875	10.439738	57.52689	-9.919503	60000	-3.709768e-08	76.05801	-0.012332608	-13.236472	0.38404465	0.015284513	0.07860786	20.0	151.11946606636047
6	86.76875	15.58991	100.0	41.2	300.78125	18.485838	10.452132	55.413155	-16.446741	70000	8.692344e-09	68.2311	-0.009171723	-10.295966	0.38668346	0.01572775	0.07580758	13.0	176.22237586975098
7	86.45807	16.613495	100.0	32.2	292.4516	19.006914	10.966088	54.422783	-17.1622	80000	-1.6142925e-08	83.4824	-0.0075688534	-18.532572	0.3925936	0.015877066	0.06360636	9.0	200.43153977394104
8	83.380646	17.618711	100.0	37.6	305.35483	18.468372	11.188397	50.622375	-22.003433	90000	-1.2417635e-09	80.05084	-0.009135918	-13.117809	0.39125887	0.015496294	0.07730773	10.0	223.9492325782776
9	83.86451	20.465574	100.0	15.4	297.2258	17.739862	10.523891	52.946686	-19.285912	100000	1.2340024e-08	77.103966	-0.007344781	-15.554046	0.38528728	0.015097166	0.05850585	8.0	247.41032004356384
10	85.787094	15.119646	100.0	43.6	303.87097	17.900352	11.312746	53.901184	-17.349371	110000	8.056911e-09	84.72097	-0.008652708	-17.615995	0.38633454	0.015594817	0.06130613	12.0	271.3505697250366
11	87.6258	14.980224	100.0	34.6	295.32257	17.985159	10.582787	52.372868	-16.010319	120000	-1.2417634e-08	72.35849	-0.010063846	-15.436757	0.4033929	0.015544198	0.078707874	15.0	296.1075508594513
12	85.44516	17.434168	100.0	34.6	305.58066	18.644577	10.438174	54.50009	-14.054324	130000	4.967054e-09	84.53136	-0.00811563	-18.619637	0.39643148	0.016348412	0.06950695	8.0	320.2547733783722
13	89.38787	12.010091	100.0	56.8	290.63635	17.295578	10.154201	52.42357	-12.076491	140000	-2.7939677e-09	66.86011	-0.005315474	-15.107408	0.39046678	0.016880967	0.054805476	7.0	345.3194434642792
14	86.943756	16.001503	100.0	42.4	290.0625	19.188173	10.550941	56.329933	-17.533487	150000	7.2953603e-09	73.81748	-0.009851365	-14.0028	0.39311215	0.015179669	0.07260726	15.0	372.0515034198761
15	88.53125	11.247512	100.0	66.4	293.0625	18.403877	10.740028	55.493492	-9.148477	160000	1.0554989e-08	70.96653	-0.008653114	-12.637176	0.39053634	0.015113742	0.06880689	12.0	396.856219291687
16	87.3625	14.478901	100.0	40.0	300.59375	18.93712	10.48654	55.045216	-11.757591	170000	-2.6077032e-08	71.705605	-0.005893646	-11.762004	0.38787434	0.017818678	0.06250625	7.0	420.7156479358673
17	85.8	24.743383	100.0	-30.0	291.6875	18.459015	10.244733	53.340694	-17.147701	180000	2.0954758e-08	86.93949	-0.005475648	-16.283195	0.3804411	0.015861498	0.052305233	6.0	445.8166708946228
18	86.812904	15.747191	100.0	43.6	297.25806	18.3915	10.543303	54.67515	-18.910183	190000	6.208817e-09	72.53802	-0.0069893487	-10.251409	0.37897006	0.015908957	0.065806575	9.0	470.5144155025482
19	84.85334	15.722674	100.0	34.0	314.66666	19.195354	10.403918	55.20141	-12.493351	200000	-4.773028e-09	83.55544	-0.0078574745	-20.440767	0.39855087	0.015122145	0.07820782	9.0	495.4537763595581
20	89.32121	10.158256	100.0	64.0	297.39395	17.329754	9.830481	53.17015	-16.211168	210000	-2.3593506e-08	66.83697	-0.007802023	-13.393337	0.37781787	0.016035987	0.08140814	12.0	520.5528581142426
21	89.181816	13.810261	100.0	45.4	290.60605	18.490393	9.863564	57.20237	-17.69795	220000	-3.3527613e-08	76.174	-0.010396094	-13.621896	0.37673688	0.015319777	0.07850785	17.0	546.4201385974884
22	85.425804	17.703926	100.0	42.0	314.51614	19.316525	10.721528	58.204845	-12.808894	230000	4.967054e-09	80.46806	-0.00998516	-16.79079	0.3941948	0.016087925	0.08150815	10.0	570.8677747249603
23	87.96875	14.0303335	100.0	53.2	289.25	17.456703	10.8511095	54.53614	-8.7331705	240000	-2.8560558e-08	68.875206	-0.0052502737	-11.291377	0.37572634	0.017688673	0.058405835	6.0	594.8673551082611
24	89.13125	12.138432	100.0	53.8	288.1875	18.676525	10.695119	55.536015	-10.456427	250000	1.9868216e-08	65.85047	-0.0075595137	-12.5502205	0.3724629	0.016467068	0.06960696	10.0	623.4218006134033
25	87.075	13.827306	100.0	52.6	294.25	18.854553	10.7563095	54.436337	-7.433565	260000	-6.2088173e-10	67.502655	-0.006246411	-12.117741	0.37684926	0.015827518	0.06760676	8.0	648.2448065280914
26	86.7871	14.494843	100.0	47.2	290.90323	19.014135	10.858762	53.937527	-13.944485	270000	-1.7384687e-08	75.70996	-0.008656888	-14.803273	0.3698052	0.015433181	0.06520652	10.0	669.9693303108215
27	87.600006	13.553335	100.0	55.6	311.74194	18.084929	10.60084	52.629017	-19.21017	280000	-1.5211603e-08	72.02212	-0.0049495394	-13.701806	0.3888427	0.016139083	0.05610561	5.0	697.6458249092102
28	84.10303	26.937239	100.0	-40.0	278.9091	18.01146	10.589751	51.612137	-17.113356	290000	1.2417635e-09	130.62794	-0.005893362	-35.751907	0.36902252	0.015673852	0.06840684	6.0	722.3046855926514
29	89.47878	11.014804	100.0	58.0	288.69696	18.185522	10.8134365	49.336567	-26.20394	300000	-6.208817e-09	79.179695	-0.007234896	-20.308363	0.36933532	0.01619508	0.0660066	10.0	748.054055929184
30	88.025	13.348104	100.0	52.0	293.1875	19.169727	10.373443	51.672108	-20.040268	310000	7.761021e-09	86.78887	-0.011568778	-16.991505	0.38755918	0.015417531	0.07730773	20.0	772.9679756164551
31	89.55151	13.61292	100.0	51.4	287.69696	17.348995	10.1917095	54.464645	-20.246542	320000	0.0	73.59622	-0.008220169	-13.487071	0.37457618	0.015645064	0.063806385	13.0	798.6354968547821
32	89.418175	13.479355	100.0	40.0	291.57574	18.26422	10.886011	56.63231	-12.05842	330000	1.8626451e-09	71.75866	-0.008367806	-12.79382	0.38531289	0.015441738	0.0610061	10.0	823.9544031620026
33	87.49375	15.5434065	100.0	40.0	303.625	18.517775	10.562481	52.092968	-21.240622	340000	1.3659398e-08	72.82615	-0.008382217	-13.892985	0.39943376	0.01515128	0.0671067	9.0	849.4076189994812
34	87.662506	14.995536	100.0	40.0	288.0625	18.278797	10.301778	59.41275	-11.946503	350000	1.4901161e-08	83.132614	-0.0067775208	-17.800566	0.3902646	0.015805868	0.076107614	8.0	874.9508225917816
35	87.0129	15.827778	100.0	44.2	293.5484	18.679264	10.549218	50.12217	-11.456685	360000	-1.5211603e-08	89.33505	-0.009875897	-16.218948	0.40968144	0.015575956	0.08060806	13.0	897.8819756507874
36	83.25625	18.294893	100.0	38.0	293.0	17.74922	10.280297	52.209938	-9.831058	370000	1.2417634e-08	95.659386	-0.009129241	-20.11814	0.37932312	0.015306681	0.07420742	13.0	924.4375236034393
37	83.741936	16.416058	100.0	44.2	307.7742	17.976723	10.895478	54.169033	-7.5088177	380000	-4.346172e-08	80.37426	-0.008934693	-14.509303	0.38153076	0.015399921	0.0740074	10.0	950.7132863998413
38	80.706665	25.22706	100.0	-10.0	310.56668	17.894846	10.813294	52.809357	-13.676139	390000	-1.6763806e-08	97.56085	-0.007999786	-28.081863	0.40582395	0.017375248	0.0590059	7.0	972.6430556774139
39	83.96129	16.68899	100.0	38.2	307.03226	17.416307	10.776596	53.261055	-19.741365	400000	-2.2351742e-08	78.98771	-0.010288917	-18.125418	0.40104458	0.015848676	0.076907694	14.0	999.5022006034851
40	87.8	11.691076	100.0	59.2	300.6129	17.887676	10.294514	54.145554	-8.820018	410000	-2.483527e-09	75.20693	-0.0067132576	-15.717511	0.3875253	0.017173147	0.05650565	7.0	1024.0950841903687
41	79.97419	28.277052	100.0	-30.0	305.09677	18.573584	10.535516	54.306824	-17.77493	420000	-1.800557e-08	126.320564	-0.00698001	-32.518333	0.40998957	0.016977433	0.07150715	7.0	1048.579600095749
42	85.29032	17.019218	100.0	42.4	298.96774	16.906874	11.323375	53.19073	-17.366566	430000	2.4835268e-08	87.11298	-0.009724587	-20.438107	0.40272605	0.015109766	0.083208315	16.0	1072.9698219299316
43	86.8875	13.75054	100.0	52.6	292.3125	17.719116	10.742285	57.61123	-14.46159	440000	1.0593794e-08	75.86288	-0.0073808967	-15.865588	0.38277912	0.015656643	0.06350635	9.0	1096.0215380191803
44	88.55152	12.111305	100.0	51.4	294.9091	17.603992	10.877112	51.375755	-12.817057	450000	-1.7384687e-08	82.8084	-0.008274828	-18.411943	0.38932756	0.015131809	0.08150815	12.0	1122.807683467865
45	87.2875	13.972466	100.0	55.0	294.375	18.564508	10.233657	51.39206	-13.43811	460000	1.3969839e-09	71.61092	-0.00978233	-17.954144	0.3920095	0.015175466	0.085608564	12.0	1148.697720527649
46	88.012115	12.593691	100.0	62.2	292.66666	17.919315	10.360561	49.830246	-9.16725	470000	6.2088173e-10	78.699745	-0.01020024	-14.95356	0.3922685	0.01518293	0.07830783	16.0	1174.9712703227997
47	89.118744	10.75475	100.0	62.8	285.125	18.909344	9.863522	51.97861	-11.643321	480000	1.6142925e-08	73.093895	-0.006353855	-12.055036	0.39713454	0.0162608	0.059705973	7.0	1199.6639368534088
48	86.079994	17.878822	100.0	20.8	319.5	18.7554	10.623807	49.84176	-12.151722	490000	1.6142925e-08	87.20818	-0.0093823355	-18.946592	0.41021314	0.016200917	0.07910791	11.0	1226.7451498508453
49	85.50968	17.56175	100.0	31.6	298.09677	18.661781	10.154411	56.718628	-7.0348825	500000	4.346172e-09	75.639336	-0.008365447	-14.293526	0.41642833	0.015861511	0.07880788	9.0	1250.7564208507538
50	86.131256	16.475103	100.0	38.2	302.8125	17.56319	10.550684	51.220234	-23.933754	510000	-3.7252903e-09	72.13935	-0.009995659	-18.602396	0.40775707	0.015147236	0.07840784	15.0	1277.7453095912933
51	88.24375	12.759187	100.0	51.4	291.78125	18.221592	10.952495	54.789696	-15.407399	520000	1.1641532e-08	73.223976	-0.0074389447	-14.933364	0.41268626	0.016189544	0.06950695	9.0	1303.0403144359589
52	85.72727	15.058095	100.0	46.0	284.87878	17.628996	10.263057	52.729195	-11.768595	530000	2.7318796e-08	73.559395	-0.010023985	-12.57808	0.39462414	0.015193774	0.080008	19.0	1327.9919197559357
53	89.056244	15.230662	100.0	37.6	292.3125	17.981575	10.519784	58.304165	-11.367699	540000	1.1796753e-08	81.11072	-0.008350612	-16.990334	0.3896041	0.015931273	0.06480648	11.0	1354.0061447620392
54	82.23871	19.740866	100.0	11.8	309.67743	18.256714	10.856591	57.468765	-19.61864	550000	6.208817e-09	90.02783	-0.009336682	-25.33055	0.4015397	0.015236189	0.06430643	9.0	1379.4398303031921
55	88.01291	12.820441	100.0	56.2	292.64517	18.497736	10.170705	54.040695	-17.017546	560000	-3.8494665e-08	68.773315	-0.0069749933	-16.510256	0.38129547	0.015035302	0.06450645	8.0	1401.69038438797
56	85.71516	17.382055	100.0	39.4	292.9697	18.401676	10.403096	51.59971	-9.70773	570000	7.450581e-09	74.63986	-0.009279839	-17.442017	0.38615152	0.015693368	0.08680868	15.0	1428.627132177353
57	86.60645	14.46611	100.0	43.0	293.87097	18.737867	10.935345	53.13694	-17.013353	580000	-1.21071935e-08	75.909515	-0.0076747336	-18.780718	0.38491824	0.015485622	0.07660766	7.0	1452.8489027023315
58	83.37333	20.469147	100.0	23.8	312.6	19.191462	11.069843	54.699867	-11.766296	590000	2.4835268e-08	85.7835	-0.006228663	-21.394415	0.39132008	0.015673162	0.05920592	6.0	1474.9843575954437
59	87.6909	11.123449	100.0	58.0	284.9091	17.26327	11.156852	52.588097	-12.635958	600000	2.1109978e-08	81.37907	-0.0074886433	-22.724237	0.3768636	0.01526625	0.05150515	9.0	1501.0923030376434
60	89.84242	11.078754	100.0	60.0	286.9394	18.269123	10.268507	54.91864	-9.846961	610000	2.483527e-09	71.11221	-0.009576599	-12.484979	0.37259778	0.015266658	0.09740975	14.0	1525.6135261058807
61	87.6625	16.371809	100.0	43.6	295.9375	18.676937	10.377979	57.259888	-23.512989	620000	-1.2417634e-08	77.115326	-0.01224026	-22.08052	0.3714274	0.015573636	0.091709174	15.0	1551.7225127220154
62	89.33125	11.91518	100.0	58.6	299.75	18.811007	10.439774	50.399796	-15.886459	630000	-1.3659398e-08	69.26617	-0.008849004	-12.721944	0.38320407	0.015020822	0.07960796	13.0	1577.191302061081
63	86.53125	16.101212	100.0	52.0	300.5625	18.519606	10.421863	52.969387	-18.922163	640000	3.8494665e-08	70.19392	-0.014929284	-14.543133	0.38291612	0.015893858	0.08700869	31.0	1604.630895614624
64	86.63125	16.573633	100.0	50.2	304.125	18.159067	10.730296	49.5421	-19.855352	650000	9.313226e-10	77.132744	-0.0107646845	-19.338156	0.39111686	0.016086414	0.083108306	11.0	1629.3952100276947
65	86.75625	18.429375	100.0	16.0	290.71875	17.993074	10.928923	56.209156	-10.8889475	660000	2.9802322e-08	70.63267	-0.0077214055	-12.16923	0.38005093	0.015396408	0.064006396	9.0	1653.424424648285
66	88.4125	12.644361	100.0	50.8	286.28125	18.085514	11.060573	54.28466	-10.637816	670000	2.514571e-08	62.951477	-0.010607943	-11.698703	0.3790761	0.01550519	0.07480748	18.0	1678.030715227127
67	86.662506	16.933504	100.0	43.6	286.125	19.088213	10.670092	54.12714	-12.056027	680000	1.6763806e-08	69.781944	-0.012772617	-13.863819	0.3625717	0.015481814	0.07720772	29.0	1702.805181980133
68	84.987885	15.332038	100.0	37.0	289.54544	17.124874	11.421772	54.034916	-7.4731045	690000	-2.2351742e-08	87.49841	-0.008168169	-20.511324	0.35898408	0.015673727	0.06050605	10.0	1728.228162765503
69	87.78182	13.440992	100.0	51.4	285.0606	17.050299	10.315967	51.896282	-9.299052	700000	5.5879354e-09	81.138275	-0.0082488	-19.603613	0.35133615	0.015844947	0.06290629	13.0	1753.341834783554
70	83.36364	17.258846	100.0	26.0	287.51514	17.558735	11.150352	53.9511	-19.232841	710000	-4.346172e-08	94.245766	-0.0074337907	-20.79564	0.373773	0.015166156	0.06710672	10.0	1777.5824720859528
71	87.875	13.9131	100.0	46.6	299.40625	16.819818	10.918652	53.77318	-10.700511	720000	7.450581e-09	82.41864	-0.0063299336	-22.919653	0.35759187	0.015051924	0.07020702	7.0	1802.3585608005524
72	82.17419	22.024076	100.0	12.0	302.25806	18.980375	11.166127	54.885265	-29.895773	730000	-1.7384687e-08	92.46652	-0.010527783	-22.924698	0.38583788	0.015585612	0.0730073	12.0	1826.085931301117
73	85.70909	18.028131	100.0	22.0	299.30304	16.688856	10.891584	51.723923	-22.82629	740000	-1.1175871e-08	76.9464	-0.008855041	-14.99919	0.36665452	0.015019964	0.070007004	11.0	1852.5121800899506
74	86.06875	16.87147	100.0	36.4	287.25	17.58216	11.364661	53.203224	-19.127285	750000	-3.228585e-08	77.2559	-0.011264965	-16.781649	0.37839508	0.015822416	0.08630863	19.0	1878.5048713684082
75	83.93939	21.746056	100.0	-10.0	283.78787	16.705622	11.6534815	55.362984	-18.763971	760000	2.6387472e-09	74.71193	-0.0065635275	-15.690925	0.38649377	0.01715632	0.066506654	7.0	1903.579609632492
76	82.0258	18.336618	100.0	32.0	311.67743	17.401108	12.161553	53.750187	-17.945408	770000	-5.2774944e-09	88.58611	-0.00976392	-20.897745	0.38749352	0.015398081	0.07260726	9.0	1928.6854894161224
77	85.703026	14.708325	100.0	47.8	294.9394	15.969043	10.833877	51.682323	-16.527464	780000	-8.071463e-09	83.43111	-0.011072501	-20.94535	0.35622704	0.015026264	0.07410741	18.0	1954.3441705703735
78	87.28387	13.085306	100.0	52.0	290.80646	18.378017	10.888683	49.827724	-8.527889	790000	1.8936893e-08	68.46456	-0.007847695	-14.382188	0.3751408	0.016014941	0.04610461	9.0	1978.2209413051605
79	86.8	14.613521	100.0	46.6	286.875	18.745806	10.48557	55.230072	-5.9920225	800000	-3.3527613e-08	66.53823	-0.009135394	-14.558888	0.36563924	0.015015528	0.07820782	13.0	2004.0727281570435
80	87.71516	13.545347	100.0	41.2	299.63635	18.293602	10.369238	53.65147	-5.781798	810000	1.4280279e-08	72.996635	-0.00816376	-15.388209	0.36939946	0.016873857	0.07080708	10.0	2030.0399749279022
81	87.89375	12.233764	100.0	61.0	286.65625	18.046328	10.362703	55.586876	-20.102522	820000	1.831601e-08	63.436504	-0.007667796	-14.481355	0.37409687	0.015131916	0.053605363	7.0	2054.8651921749115
82	88.61213	12.778669	100.0	53.8	282.57574	18.5684	10.310642	54.861115	-17.60011	830000	-1.0089328e-09	65.089516	-0.010577302	-15.272733	0.37222347	0.015593058	0.08160816	17.0	2079.734018087387
83	88.10303	13.691592	100.0	58.0	287.24243	18.402842	10.665928	55.393486	-8.8428955	840000	-1.2417635e-09	71.752205	-0.010143388	-12.581168	0.36009726	0.015171333	0.07490749	12.0	2105.649962902069
84	88.92728	11.43051	100.0	60.4	279.66666	18.282846	10.739979	55.906006	-8.387989	850000	9.021885e-09	65.32293	-0.005073676	-11.749761	0.36780158	0.017929524	0.06590659	5.0	2131.7542901039124
85	86.05455	14.767718	100.0	55.6	281.66666	18.788074	10.616121	56.27831	-17.078459	860000	1.4901161e-08	69.550804	-0.01577753	-13.860069	0.38752174	0.01507505	0.089408934	49.0	2159.586505174637
86	87.162506	14.731891	100.0	49.6	306.375	17.821571	11.012554	55.784702	-15.412164	870000	3.228585e-08	82.92213	-0.008094203	-18.82488	0.3960739	0.015058232	0.067406744	9.0	2184.9487273693085
87	90.08125	9.85049	100.0	64.6	290.21875	18.767267	9.706799	54.851395	-3.467714	880000	5.2774944e-09	72.23884	-0.008150815	-14.199677	0.39153183	0.015884375	0.056305632	12.0	2211.72767162323
88	88.05455	16.748497	100.0	22.6	292.0	18.395367	10.02013	51.837814	-10.01971	890000	-1.4008644e-08	84.32214	-0.010487118	-19.206003	0.39671853	0.015041518	0.07370737	11.0	2237.335736513138
89	88.14375	11.709849	100.0	54.4	293.53125	19.232897	10.288086	57.643993	-5.9655557	900000	4.967054e-09	73.08108	-0.008392651	-15.669231	0.3861083	0.015075073	0.10001	8.0	2260.6374168395996
90	88.75152	12.757033	100.0	59.2	294.12122	18.642996	9.768809	55.478783	-6.344241	910000	-2.173086e-08	67.882416	-0.007875833	-13.673867	0.41330636	0.015310424	0.06340634	10.0	2286.071704864502
91	84.4	14.19912	100.0	52.6	304.375	18.885695	10.068763	54.806934	-15.173084	920000	4.967054e-09	78.77296	-0.008049418	-19.715584	0.41276988	0.016123269	0.066406645	8.0	2312.667475938797
92	89.8875	10.484147	100.0	64.0	291.46875	17.837961	9.172941	49.86288	-12.114725	930000	-2.483527e-09	72.99972	-0.007571748	-20.18189	0.3783652	0.015106596	0.055505548	10.0	2338.3496310710907
93	87.45	14.392098	100.0	51.4	291.6875	19.336765	10.76428	55.038628	-4.44099	940000	-1.4901161e-08	72.196045	-0.009058512	-15.725583	0.3886756	0.015190285	0.07130713	11.0	2362.589597940445
94	91.0625	10.933028	100.0	50.8	281.3125	18.830643	10.319985	54.97626	-11.899404	950000	-9.934108e-09	72.2049	-0.0076968824	-18.3902	0.39965785	0.01587033	0.0770077	8.0	2386.856169462204
95	86.10625	14.556784	100.0	45.4	297.1875	19.312216	10.078824	51.0721	-8.248165	960000	-8.8475645e-09	76.666466	-0.0068578995	-15.896003	0.3909304	0.01611778	0.07910791	9.0	2411.604193687439
96	84.88485	22.370056	100.0	-20.0	294.12122	18.000423	10.07724	50.939407	-8.716077	970000	-4.967054e-09	106.303856	-0.0069807074	-26.818937	0.3772829	0.016526049	0.07010701	7.0	2436.9697649478912
97	89.3125	12.227218	100.0	52.6	285.21875	18.683275	9.83031	47.90956	-11.909637	980000	-2.2351742e-08	75.90859	-0.0077137235	-20.132545	0.38440204	0.01621368	0.06280628	9.0	2462.31582736969
98	86.09375	16.54388	100.0	39.4	291.5625	18.9817	10.40209	57.662663	-17.311014	990000	2.4835268e-08	71.57702	-0.009781897	-17.433605	0.38695598	0.015634984	0.067406744	11.0	2485.9047763347626
99	88.44243	13.465714	100.0	54.4	282.0606	18.050426	11.272867	50.050434	-9.574593	1000000	-9.313226e-09	66.23757	-0.008886824	-13.1191435	0.38389888	0.015000491	0.06530654	12.0	2511.012400150299
100	87.5697	13.63517	100.0	48.4	295.51514	18.041086	10.807443	48.77244	-8.3440075	1010000	-1.800557e-08	66.161514	-0.010665637	-14.519492	0.39580488	0.015440089	0.07630763	14.0	2537.1938931941986
101	86.175	14.631794	100.0	50.8	300.09375	18.607088	10.027317	55.54104	-9.6121	1020000	1.9247333e-08	68.349335	-0.0066271634	-12.140954	0.39504004	0.015644388	0.05360536	8.0	2561.103166818619
102	83.731255	19.79486	100.0	26.0	302.09375	17.59807	10.30305	55.405426	-17.678864	1030000	1.3659398e-08	98.996666	-0.006637758	-26.703949	0.3943282	0.016821556	0.07410741	6.0	2586.7789483070374
103	84.75484	19.618143	100.0	30.4	305.2903	18.378769	9.884467	48.8389	-10.362099	1040000	-4.967054e-09	97.1789	-0.0075118295	-27.495565	0.38920006	0.016650813	0.07440744	7.0	2611.8823897838593
104	84.103226	15.964143	100.0	52.0	305.5484	18.139067	11.035149	50.1219	-10.031854	1050000	-4.967054e-09	73.19245	-0.008639052	-15.8640175	0.37536895	0.015289165	0.062006205	11.0	2637.0642511844635
105	89.29091	11.669083	100.0	55.6	280.9394	17.417915	11.279274	51.597324	-10.865255	1060000	1.9712994e-08	70.55187	-0.004526639	-12.425462	0.3703928	0.01527224	0.049404938	6.0	2662.4411594867706
106	88.38125	12.732474	100.0	59.8	294.3125	18.781748	10.687687	54.094193	-10.746469	1070000	5.5879354e-09	67.265526	-0.010991792	-13.423749	0.37192798	0.015450112	0.08830883	19.0	2688.432623386383
107	84.99355	15.001891	100.0	46.6	284.35483	19.66936	10.673906	55.88775	-9.606093	1080000	7.450581e-09	72.70129	-0.006700443	-15.459473	0.38072863	0.015323094	0.063206315	8.0	2710.3571367263794
108	86.61875	14.364136	100.0	52.6	293.8125	18.268103	10.95144	56.100082	-13.494529	1090000	9.934108e-09	79.981804	-0.011636841	-16.744432	0.4064031	0.015361406	0.09280928	19.0	2737.553442001343
109	85.41936	16.207632	100.0	46.0	305.80646	18.795288	10.024775	52.32075	-14.9567995	1100000	-1.7384687e-08	77.9385	-0.009499698	-17.981161	0.41015688	0.015774796	0.058205824	12.0	2761.981405735016
110	83.67273	16.517893	100.0	49.0	287.36365	18.023718	10.442634	52.46014	-8.064073	1110000	-3.1664968e-08	76.73016	-0.010836351	-13.485295	0.39132443	0.015321401	0.07550755	24.0	2787.5929803848267
111	87.793335	13.640575	100.0	56.8	305.43332	18.588858	10.672536	56.194885	-18.205908	1120000	-4.967054e-09	84.35163	-0.007956518	-23.523165	0.39835298	0.01589357	0.091709174	6.0	2809.500874519348
112	84.99355	14.554944	100.0	51.4	299.09677	19.024475	10.163024	52.230103	-14.327996	1130000	-1.3348957e-08	71.256516	-0.0070446967	-16.096537	0.3913208	0.015089303	0.07910792	13.0	2834.458697080612
113	86.7375	15.139636	100.0	50.8	298.28125	17.765753	10.665633	53.015244	-13.072629	1140000	-1.2417635e-09	70.7471	-0.010795702	-13.4133215	0.3944266	0.0162522	0.08610862	19.0	2860.52424287796
114	83.78125	22.087347	100.0	-20.0	295.875	18.275898	10.428965	51.43468	-6.581734	1150000	-2.7939677e-08	120.06736	-0.011613738	-27.022825	0.39282775	0.015001342	0.08670867	19.0	2886.7216608524323
115	86.4303	15.692586	100.0	29.2	287.84848	17.37593	10.299736	51.541866	-9.671286	1160000	2.2351742e-08	79.26145	-0.008471402	-23.583166	0.39430952	0.015696397	0.0951095	9.0	2911.357811689377
116	88.28387	11.486854	100.0	58.6	292.12903	19.212687	10.336777	53.176163	-8.622083	1170000	6.208817e-09	59.698895	-0.007388795	-10.686226	0.3915201	0.015803834	0.068906896	8.0	2935.153454065323
117	86.787094	15.6553955	100.0	44.2	302.48386	19.078592	10.007903	52.260777	-18.644993	1180000	2.483527e-09	67.79366	-0.007827041	-13.901574	0.40394303	0.0153590245	0.06990699	7.0	2958.1468484401703
118	88.006256	15.132455	100.0	35.2	295.65625	18.76103	9.889551	52.442814	-12.16822	1190000	2.3593506e-08	69.603966	-0.009864609	-13.210971	0.39084378	0.015651064	0.080008	14.0	2984.103494167328
119	88.12258	11.325527	100.0	59.2	297.09677	19.0635	10.020955	49.578075	-15.015705	1200000	-8.692344e-09	69.23331	-0.0057817115	-14.365899	0.38911712	0.015206225	0.05010501	4.0	3009.4011631011963
120	83.296555	21.50872	100.0	18.4	324.7586	19.587086	9.62058	54.054726	-13.19584	1210000	2.9802322e-08	90.69416	-0.008820442	-24.204115	0.39913693	0.015870407	0.086408645	11.0	3031.6683123111725
121	87.14375	13.792773	100.0	58.0	288.15625	17.972446	10.459659	50.3533	-13.416222	1220000	-1.9868216e-08	72.1884	-0.0063883034	-11.721654	0.38309073	0.016218165	0.060005996	7.0	3056.0316920280457
122	84.875	16.122248	100.0	43.6	300.0	17.999014	10.405649	52.370895	-12.243122	1230000	-1.2417634e-08	68.699196	-0.0074716476	-12.305087	0.39406922	0.016838476	0.09640964	9.0	3080.893153190613
123	88.1125	12.445576	100.0	55.6	297.84375	18.213715	9.532565	46.98523	-13.401034	1240000	1.4901161e-08	71.50973	-0.010018927	-14.053849	0.38845327	0.015222128	0.07820782	16.0	3106.5515258312225
124	83.98709	15.290472	100.0	41.2	296.96774	18.620678	9.904771	50.126167	-11.073159	1250000	2.2351742e-08	77.069534	-0.009617276	-16.762583	0.36962914	0.015934383	0.07170717	12.0	3131.31210565567
125	88.47273	14.920868	100.0	47.2	281.51514	17.690645	10.36537	55.055176	-10.688778	1260000	3.228585e-08	72.02823	-0.010983013	-14.435016	0.36618194	0.015476408	0.08780878	24.0	3155.7862615585327
126	87.781815	12.544453	100.0	56.8	290.12122	18.04833	10.41159	53.25138	-12.048354	1270000	-5.8983765e-09	62.138805	-0.008039824	-12.402039	0.36371824	0.015138265	0.066406645	9.0	3181.7450444698334
127	84.0	16.644758	100.0	41.2	317.0	18.895224	10.009742	49.245705	-12.403773	1280000	3.7252903e-09	75.79618	-0.009238412	-13.807201	0.3711792	0.015218497	0.078607865	13.0	3207.7204473018646
128	85.3871	17.32877	100.0	36.4	306.80646	17.938877	10.255633	48.254517	-17.788336	1290000	-1.2417634e-08	64.89745	-0.008681684	-13.231254	0.38777232	0.015410134	0.066706665	12.0	3234.4102783203125
129	85.85625	17.36341	100.0	21.4	293.53125	18.20067	10.163064	49.78585	-11.075498	1300000	7.450581e-09	69.881744	-0.008129358	-18.268158	0.36809602	0.01512329	0.06880688	10.0	3259.196311235428
130	82.077415	20.769497	100.0	24.4	304.0645	18.412912	10.441244	50.028126	-13.999317	1310000	-1.8626451e-08	78.85733	-0.011302248	-21.857683	0.3882197	0.016159559	0.07420742	15.0	3284.5773227214813
131	77.31035	29.072872	100.0	-10.0	321.27585	17.606487	10.865942	51.07144	-19.996502	1320000	2.4835268e-08	87.16278	-0.004982387	-22.393988	0.3893211	0.015885916	0.049104914	5.0	3306.8420186042786
132	88.579994	13.8066025	100.0	56.2	304.4	17.954424	10.207877	51.296833	-11.782813	1330000	-1.1990778e-08	78.40081	-0.01252478	-25.868937	0.38186076	0.015261352	0.08880887	26.0	3331.9872150421143
133	85.46667	15.53339	100.0	47.8	322.16666	19.711071	10.106909	50.930298	-13.723879	1340000	2.5456151e-08	79.300446	-0.012458618	-18.610025	0.38833228	0.015261159	0.09200921	19.0	3357.975140810013
134	88.01875	16.165731	100.0	35.2	291.5625	17.59961	10.357615	46.823093	-17.936817	1350000	0.0	70.184525	-0.00978181	-15.796249	0.3884828	0.016382614	0.08710871	13.0	3383.458097934723
135	87.675	18.728704	100.0	11.8	302.125	18.445503	10.615229	48.51926	-16.97075	1360000	1.1175871e-08	71.76456	-0.008510635	-14.364571	0.40348038	0.01529164	0.06690669	10.0	3409.1246650218964
136	83.55334	18.436245	100.0	33.4	314.06668	20.053663	10.024076	55.514908	-14.004016	1370000	2.8560558e-08	71.87826	-0.0050854553	-17.313385	0.41172472	0.016236873	0.051205117	5.0	3430.368633747101
137	84.980644	17.261282	100.0	40.0	309.3871	18.604216	10.11349	44.539444	-16.113394	1380000	-1.7384687e-08	76.74021	-0.008558967	-18.806608	0.41408333	0.015073287	0.070707075	9.0	3455.9484355449677
138	86.18065	14.7569	100.0	49.0	300.51614	18.842903	10.199155	53.763645	-16.035633	1390000	-3.7252903e-09	65.84835	-0.009148562	-14.160518	0.40623674	0.015869653	0.07940794	14.0	3479.516499042511
139	82.537506	25.642906	100.0	-20.0	309.03125	18.486015	9.379159	48.803097	-9.327195	1400000	1.4901161e-08	100.38958	-0.010552435	-24.771238	0.41735068	0.016022494	0.08090809	13.0	3504.6156961917877
140	83.066666	16.541288	100.0	43.0	314.7	18.530924	10.153602	49.21763	-14.649097	1410000	3.0462008e-08	73.35974	-0.010795557	-14.706475	0.41953906	0.015160105	0.0879088	15.0	3527.9300062656403
141	86.05625	12.808516	100.0	62.8	300.84375	17.655588	9.9679	55.113026	-8.560304	1420000	-1.3659398e-08	64.65188	-0.010578022	-12.901151	0.39966202	0.015399863	0.09250925	16.0	3554.5827651023865
142	81.44001	23.238611	100.0	-10.0	318.76666	18.40689	9.692869	45.30803	-11.663441	1430000	-2.7318796e-08	105.26315	-0.0077393726	-22.733223	0.4017922	0.01617559	0.07770777	8.0	3578.4536974430084
143	83.36129	17.464613	100.0	43.0	307.6129	18.221064	10.213584	46.75166	-19.015636	1440000	-2.7318796e-08	74.06393	-0.00989632	-15.88588	0.41303658	0.015427464	0.10861086	13.0	3601.535542488098
144	86.2875	15.800629	100.0	50.0	305.0625	17.991219	10.2781515	51.517357	-22.491709	1450000	5.0912302e-08	75.63322	-0.006640419	-17.103083	0.40553474	0.015586574	0.064006396	6.0	3624.8672432899475
145	82.520004	20.32887	100.0	20.8	308.7	18.095259	10.526062	49.97761	-23.50385	1460000	7.450581e-09	79.040405	-0.011111739	-20.044779	0.4062606	0.015338483	0.08520851	13.0	3648.8500514030457
146	83.10625	26.123169	100.0	-30.0	296.78125	17.65256	10.4930525	48.367676	-12.062309	1470000	-1.9868216e-08	119.606895	-0.011910754	-25.601746	0.4155697	0.015610919	0.088108815	24.0	3673.6043050289154
147	87.05161	16.617128	100.0	29.2	300.48386	18.366257	10.00528	52.148975	-14.250299	1480000	2.9802322e-08	76.901024	-0.008836244	-19.467358	0.41157052	0.015128095	0.07630763	11.0	3697.4880151748657
148	86.270966	16.398312	100.0	44.2	302.3871	18.515326	10.718407	46.074116	-18.12292	1490000	-1.4901161e-08	67.044334	-0.011235222	-11.091847	0.42985654	0.015577067	0.09170917	14.0	3721.3247525691986
149	84.34375	19.129509	100.0	25.0	302.53125	17.931269	10.102993	45.134464	-17.901642	1500000	-2.3593506e-08	79.66682	-0.005150698	-14.411847	0.43355116	0.017378429	0.093209326	7.0	3745.7423191070557
150	86.37334	15.335078	100.0	47.2	318.1	18.323196	10.001962	48.52395	-15.079538	1510000	-2.9035922e-08	77.92761	-0.0115047805	-18.894335	0.4181776	0.015124731	0.080008	18.0	3768.355451107025
151	81.64666	20.572779	100.0	20.2	312.66666	18.44012	10.6295185	52.27723	-16.901747	1520000	-1.7384687e-08	75.784996	-0.01252311	-14.33575	0.42489278	0.016948896	0.092609264	15.0	3792.3346378803253
152	84.579994	15.133042	100.0	54.4	315.9	18.016506	9.932811	47.293045	-12.056315	1530000	-1.800557e-08	69.25535	-0.007039368	-15.360175	0.42266178	0.015500806	0.08120812	9.0	3814.267856836319
153	83.85334	17.854145	100.0	42.4	324.23334	17.755535	9.4668865	45.52204	-18.218927	1540000	0.0	73.73439	-0.007861066	-19.497913	0.44387677	0.015077676	0.08520851	10.0	3842.4919679164886
154	87.85161	15.118369	100.0	47.2	301.1613	18.667782	10.274449	49.686268	-11.935721	1550000	3.228585e-08	71.32528	-0.0055737942	-14.801216	0.45024833	0.015793988	0.067606755	6.0	3866.9291841983795
155	85.37419	14.965659	100.0	52.0	311.5484	19.109344	9.934388	49.326794	-10.342226	1560000	7.450581e-09	70.55059	-0.011788736	-15.04551	0.44287348	0.015299366	0.08060806	17.0	3891.096727371216
156	82.868965	16.157951	100.0	56.0	320.6207	18.712646	10.101373	45.514164	-11.32255	1570000	1.8626451e-08	70.97037	-0.008788395	-14.636811	0.42454413	0.015315581	0.07570758	10.0	3912.814726114273
157	82.9	19.881098	100.0	16.6	311.63333	18.755943	9.682626	49.995903	-12.896703	1580000	9.934108e-09	70.58763	-0.010736746	-16.153566	0.41808388	0.01564232	0.10161016	14.0	3934.9635775089264
158	83.54666	24.56881	100.0	-20.0	312.3	18.73708	10.094106	47.834328	-15.662793	1590000	-1.0554989e-08	82.964554	-0.0073049148	-19.824759	0.4193296	0.015443166	0.07050705	8.0	3958.5663504600525
159	88.16129	12.464703	100.0	66.0	296.90323	18.103193	9.788105	42.920532	-17.141577	1600000	-1.8626451e-08	70.53062	-0.0075090514	-18.971558	0.41230008	0.015472942	0.06630663	10.0	3982.2423446178436
160	83.80645	23.140106	100.0	-10.0	311.5484	18.716057	9.879527	50.65941	-17.911589	1610000	-1.4280279e-08	88.44674	-0.0058113574	-19.763021	0.41160753	0.015143674	0.07110711	6.0	4006.786530971527
161	87.13548	16.32069	100.0	42.4	309.35483	18.390945	10.570044	42.22773	-14.853625	1620000	-2.3283064e-09	69.5936	-0.006189987	-17.313688	0.4152596	0.016664058	0.05680568	9.0	4032.2518377304077
162	87.89677	12.838738	100.0	65.2	308.12903	18.975637	9.859874	48.603104	-11.802579	1630000	4.8428774e-08	69.84466	-0.012458769	-12.330764	0.40972278	0.015307202	0.08990899	20.0	4056.02858042717
163	84.71723	14.337943	100.0	52.6	328.2414	19.094053	10.080039	50.475555	-14.59364	1640000	-2.4214387e-08	73.626076	-0.008597874	-18.716755	0.40785077	0.015328311	0.06990699	8.0	4078.99090719223
164	86.30322	16.061405	100.0	47.2	304.19354	18.282442	10.262258	49.291412	-13.591872	1650000	2.6697913e-08	70.88975	-0.007054037	-17.4866	0.3983283	0.015150276	0.059805978	7.0	4104.455403804779
165	86.78788	18.316141	100.0	31.0	294.57574	17.795834	10.234293	46.886833	-14.405324	1660000	-3.6282775e-09	67.36976	-0.008695803	-13.11792	0.40695557	0.015278805	0.07360736	10.0	4130.082217693329
166	83.08388	17.889177	100.0	41.2	314.80646	18.721083	10.690669	48.81633	-16.247149	1670000	-2.5456151e-08	63.466976	-0.0086799115	-12.8930025	0.3860086	0.015165348	0.08390839	9.0	4155.5102524757385
167	83.27333	23.71562	100.0	-10.0	321.4	18.328442	10.010656	50.21254	-12.0722475	1680000	-8.071463e-09	80.53588	-0.011744599	-19.015068	0.38666794	0.015241962	0.084008396	18.0	4177.9286897182465
168	89.7625	12.112436	100.0	59.8	299.34375	17.274729	10.491638	49.151783	-15.422494	1690000	1.0554989e-08	67.95285	-0.0063617113	-16.35074	0.3912313	0.015235697	0.07650765	7.0	4205.259556531906
169	84.090324	18.453417	100.0	37.6	303.41934	19.11734	10.616263	53.117012	-18.453926	1700000	-5.5879354e-08	72.545494	-0.0113867195	-15.534715	0.3904835	0.01537395	0.086508654	16.0	4231.580868244171
170	86.568756	16.141415	100.0	41.2	300.875	17.649307	9.742472	47.03652	-12.910046	1710000	-1.2417635e-09	69.76297	-0.011761998	-15.631275	0.3819549	0.015085756	0.072607264	19.0	4255.988839864731
171	84.82667	20.982452	100.0	28.6	309.16666	18.850504	10.6666975	48.945656	-17.328974	1720000	-1.3659398e-08	75.43095	-0.008222014	-16.089542	0.37605405	0.01501854	0.06340634	9.0	4278.569774627686
172	84.979996	20.105743	100.0	3.4	310.96667	18.947927	10.780558	50.76526	-18.603561	1730000	-2.5456151e-08	70.30904	-0.00917131	-17.396772	0.39552668	0.015311971	0.06630663	12.0	4300.485347509384
173	86.019356	21.157984	100.0	-10.0	297.90323	19.082537	9.940589	47.693382	-12.911146	1740000	9.934108e-09	79.42603	-0.0096082585	-21.894556	0.3685349	0.015258527	0.076207615	11.0	4325.42395734787
174	87.52	15.13738	100.0	36.4	315.5	18.750637	11.068705	47.671345	-19.699144	1750000	2.2972623e-08	62.175465	-0.008048287	-14.34131	0.3639078	0.01560358	0.059105914	10.0	4347.8127546310425
175	88.08388	14.420664	100.0	47.2	301.12903	18.870611	10.16642	48.54255	-9.843539	1760000	3.601114e-08	66.03228	-0.006210435	-10.9679785	0.38343832	0.016925504	0.05620562	6.0	4372.6852259635925
176	84.22581	22.515528	100.0	13.6	311.6129	18.551624	10.744538	51.612823	-15.635679	1770000	2.6077032e-08	72.798454	-0.007431445	-16.174116	0.37662426	0.016265571	0.06910691	10.0	4399.245181560516
177	87.506256	15.038699	100.0	45.4	295.0	17.68591	10.953704	46.78285	-16.922197	1780000	-2.0489097e-08	62.299763	-0.008976921	-14.294647	0.36991882	0.015862195	0.07470747	15.0	4423.590664625168
178	88.08387	15.01739	100.0	53.2	299.5484	19.13274	10.92379	51.567535	-11.957722	1790000	-1.7384687e-08	62.840332	-0.010640405	-11.050464	0.36520347	0.015267017	0.08350835	19.0	4449.996493816376
179	90.89091	10.474337	100.0	56.2	299.21213	18.040676	10.453039	49.56373	-14.037025	1800000	-4.811833e-09	65.06025	-0.010804519	-13.658847	0.35551402	0.015261392	0.07360736	18.0	4476.658677816391
180	84.875	18.01338	100.0	41.2	300.09375	18.958261	10.101098	52.339996	-9.358179	1810000	-3.973643e-08	79.20038	-0.017065262	-17.858376	0.35766318	0.015321371	0.093309335	57.0	4503.390205383301
181	87.96875	13.455678	100.0	46.0	293.84375	18.05998	10.184338	52.74648	-12.408701	1820000	2.6077032e-08	67.35825	-0.009227057	-15.2653055	0.37225255	0.015428466	0.07040704	13.0	4529.089699268341
182	85.22667	20.238361	100.0	8.2	319.56668	19.666904	10.16115	51.90583	-12.280653	1830000	2.483527e-09	72.98433	-0.011182289	-18.048735	0.36331776	0.016056793	0.08220822	15.0	4551.46598815918
183	87.03871	18.025316	100.0	23.2	293.80646	18.338505	10.933996	45.262978	-13.352157	1840000	1.1796753e-08	69.70217	-0.012929145	-15.06158	0.38261795	0.015035179	0.08460846	22.0	4580.494419813156
184	86.5125	16.856226	100.0	35.8	300.34375	17.661398	11.018408	46.710186	-14.038575	1850000	1.3659398e-08	76.48145	-0.007925131	-20.22581	0.37857917	0.015630744	0.061606158	10.0	4605.6964156627655
185	88.32727	19.976946	100.0	-10.0	292.15152	18.128962	10.145497	50.757595	-10.577874	1860000	3.4769375e-08	100.33381	-0.0070518195	-24.114182	0.38717353	0.016069068	0.053305328	7.0	4629.870827913284
186	86.21999	17.131208	100.0	34.0	306.06668	19.667265	10.317371	46.975548	-19.334019	1870000	-1.8626451e-09	73.53448	-0.0059184446	-18.807108	0.39300188	0.017630713	0.06510651	6.0	4650.860436916351
187	86.846664	16.363348	100.0	41.8	307.36667	19.379002	10.486088	44.394627	-17.899416	1880000	-1.8626451e-08	65.27239	-0.010174098	-16.489288	0.3904096	0.015243307	0.07650765	13.0	4673.318074464798
188	86.21935	16.495972	100.0	45.4	300.80646	19.085028	10.379909	52.863247	-15.0943775	1890000	1.9247333e-08	67.05102	-0.009222592	-13.9133	0.4011048	0.015426807	0.06650665	10.0	4697.893114089966
189	88.44516	13.590576	100.0	53.8	300.64517	18.925913	10.171172	47.22004	-15.0911045	1900000	-2.483527e-09	77.640144	-0.008904069	-18.809914	0.40471065	0.015017523	0.07820782	11.0	4722.05269408226
190	85.32121	18.64442	100.0	25.0	297.42426	18.115698	9.367326	48.722126	-15.191525	1910000	9.934108e-09	72.022	-0.012646485	-16.204334	0.39539838	0.015069202	0.11271127	16.0	4748.954748630524
191	83.88276	16.336336	100.0	51.4	314.89655	18.866436	9.904471	47.314663	-19.810255	1920000	-2.8560558e-08	73.463326	-0.0087538725	-14.327279	0.4024769	0.015826054	0.06430643	9.0	4772.657272815704
192	89.77576	12.80206	100.0	56.2	290.0303	17.36004	9.978754	45.61862	-11.7768	1930000	7.450581e-09	66.85239	-0.01083107	-14.474998	0.39384195	0.015629714	0.08140814	15.0	4799.757483482361
193	83.22667	15.725202	100.0	54.4	315.3	20.117224	9.96372	50.205936	-14.14252	1940000	1.9868216e-08	74.12229	-0.009948186	-15.958695	0.39852822	0.016001424	0.087308735	12.0	4822.105149030685
194	88.545456	11.7164755	100.0	52.6	277.45456	17.9315	9.316571	45.77772	-10.298798	1950000	2.1109978e-08	75.09864	-0.007947764	-23.296051	0.40248832	0.016444953	0.0520052	9.0	4846.985511302948
195	88.703026	12.1419	100.0	51.4	297.36365	19.07006	9.865589	49.839428	-7.416773	1960000	-1.4319085e-08	70.5357	-0.009769949	-16.684772	0.39696392	0.015066971	0.0710071	16.0	4872.151988506317
196	86.3	18.499325	100.0	23.8	296.71875	19.43853	8.742808	51.277763	-11.753956	1970000	0.0	80.17803	-0.012201046	-18.390451	0.38649413	0.015134114	0.07860786	23.0	4898.504829406738
197	86.637505	12.315686	100.0	61.0	296.5625	19.075024	9.822241	49.860264	-10.16253	1980000	-1.1175871e-08	66.67315	-0.008999002	-14.769492	0.38769516	0.015134384	0.07270727	13.0	4922.406636238098
198	84.606445	22.133348	100.0	-10.0	305.1613	19.276758	9.470554	48.690006	-9.644734	1990000	-1.2417634e-08	142.34941	-0.006936421	-45.219814	0.4101801	0.015184644	0.06550655	9.0	4946.8622970581055
199	89.275	14.320156	100.0	46.0	296.625	18.132933	10.3088255	51.125088	-23.121084	2000000	-2.1109978e-08	82.273315	-0.0077373	-20.999987	0.402542	0.01645515	0.08150815	12.0	4970.3739495277405
200	88.1375	12.870551	100.0	59.8	286.84375	19.101492	9.993163	50.318005	-9.996417	2010000	-3.228585e-08	65.35703	-0.007433741	-11.956872	0.3938826	0.017268201	0.06360636	8.0	4995.882065534592
201	87.393326	13.220135	100.0	55.0	311.1	19.981287	10.04509	48.934353	-12.916477	2020000	-9.313226e-10	71.55429	-0.00862883	-13.60675	0.41442642	0.015951453	0.06960696	13.0	5019.361214637756
202	87.4606	13.988523	100.0	49.0	294.66666	18.10038	9.638431	45.826366	-11.820598	2030000	8.692344e-09	73.619804	-0.013684516	-12.356285	0.40412235	0.0151004875	0.08080808	26.0	5045.7798109054565
203	82.26667	18.946194	100.0	40.0	320.63333	19.003946	10.033743	49.7737	-13.09493	2040000	6.208817e-09	88.81742	-0.010715193	-24.171705	0.4011314	0.015492451	0.08810881	11.0	5066.725673675537
204	88.922585	12.05393	100.0	59.2	301.09677	18.342972	9.863757	47.575867	-11.199283	2050000	-6.208817e-09	83.71479	-0.007262785	-20.640593	0.41179195	0.01525228	0.08520853	8.0	5093.441652774811
205	86.3613	15.180327	100.0	53.2	298.90323	19.27317	9.804094	49.37206	-5.80759	2060000	4.8428774e-08	61.483845	-0.008732464	-14.064912	0.39678562	0.0155288875	0.06420642	12.0	5117.030970573425
206	89.2625	14.518129	100.0	48.0	302.65625	18.71976	9.902012	50.58504	-9.642272	2070000	-4.1599076e-08	78.48279	-0.008830992	-15.061667	0.39084265	0.01639642	0.07080708	13.0	5142.8259863853455
207	89.65806	12.171061	100.0	58.6	302.1613	19.848743	10.036077	53.47417	-9.387195	2080000	8.430409e-09	70.69327	-0.0067992993	-14.862451	0.39126483	0.016393429	0.073507346	8.0	5167.194592952728
208	90.121216	12.619363	100.0	57.4	296.12122	18.618767	10.1577835	50.102432	-9.317057	2090000	-1.5056381e-08	65.561714	-0.0059553166	-10.959397	0.37960693	0.016215255	0.061106104	9.0	5191.7489767074585
209	82.767746	26.1748	100.0	-30.0	300.19354	19.12153	10.895989	51.913895	-13.351916	2100000	-1.1175871e-08	128.00035	-0.010686446	-38.42183	0.3686738	0.015303798	0.075407535	17.0	5219.594683170319
210	84.912506	16.458277	100.0	36.0	297.25	17.715948	10.42121	48.34046	-13.49555	2110000	-7.450581e-09	78.96346	-0.0071314774	-17.930304	0.37495235	0.015595533	0.079807974	9.0	5244.2809715271
211	88.50625	13.804075	100.0	55.0	290.8125	17.784945	10.186675	50.968155	-22.157969	2120000	-9.934108e-09	79.63952	-0.010337218	-19.420628	0.37134466	0.01509197	0.064006396	14.0	5269.9438734054565
212	85.51875	17.978867	100.0	35.2	296.9375	18.821117	10.152658	50.952984	-23.448528	2130000	-2.483527e-09	78.89945	-0.0101338625	-15.317138	0.38970193	0.015651079	0.07260726	14.0	5295.112470626831
213	88.25454	13.483393	100.0	53.8	293.9091	18.602106	9.445838	46.80721	-12.515138	2140000	-2.4835268e-08	60.8204	-0.006425859	-10.345458	0.3777387	0.0158168	0.05940594	8.0	5318.939898967743
214	84.77419	17.21183	100.0	32.2	300.1613	19.301533	9.782444	51.20099	-26.30616	2150000	2.1109978e-08	76.8815	-0.013021655	-13.340331	0.37553522	0.015507907	0.09010901	28.0	5343.5982003211975
215	87.85625	12.612913	100.0	56.8	287.78125	18.024519	9.913844	48.580383	-26.707813	2160000	-9.090097e-09	68.56493	-0.005504282	-14.680481	0.37397376	0.016583221	0.049404938	7.0	5367.2827525138855
216	84.01333	17.917288	100.0	38.2	323.56668	19.34099	10.620367	46.775223	-11.921083	2170000	-2.7939677e-09	82.40336	-0.0091724275	-23.804886	0.38774583	0.015155717	0.08130813	10.0	5392.890497207642
217	87.35757	14.632944	100.0	52.0	284.9091	17.745598	9.911888	49.226723	-7.77946	2180000	2.173086e-08	76.758224	-0.009331735	-21.37066	0.36856914	0.016558122	0.090309024	13.0	5418.018310308456
218	87.242424	21.129944	100.0	-10.0	286.48486	18.321619	10.121209	50.033527	-11.337982	2190000	5.5879354e-09	112.62095	-0.007841941	-24.515383	0.3614479	0.016101835	0.065006495	10.0	5442.822011470795
219	89.2	12.153806	100.0	65.2	293.0625	19.161781	10.688543	47.113083	-15.435509	2200000	2.483527e-09	70.26649	-0.008904754	-15.704403	0.37722644	0.015202762	0.06510651	13.0	5466.1483862400055
220	87.862495	15.234289	100.0	33.4	296.78125	18.79764	10.306251	47.45297	-8.1811495	2210000	9.934108e-09	68.60546	-0.008630917	-12.613514	0.38831905	0.015648698	0.07390739	12.0	5491.296324491501
221	88.60625	13.267581	100.0	55.0	302.4375	18.294289	10.845077	47.596725	-12.818117	2220000	-3.259629e-08	64.65638	-0.007930999	-15.954991	0.37878418	0.015776234	0.07850785	10.0	5517.621790885925
222	81.560005	22.069733	100.0	19.0	308.06668	19.47852	10.276522	44.429337	-16.480297	2230000	5.2774944e-09	82.57782	-0.0075565446	-18.980898	0.40135035	0.015448247	0.06790679	7.0	5539.129984140396
223	83.79354	19.855314	100.0	20.8	307.4516	18.020424	11.430454	48.896557	-17.571049	2240000	-1.0244548e-08	82.48101	-0.0064264606	-24.229065	0.3925675	0.016250374	0.081408136	7.0	5563.25067448616
224	88.549995	13.421811	100.0	57.4	295.125	18.58094	9.648865	44.214417	-13.087469	2250000	-6.208817e-09	69.68079	-0.00825788	-14.525708	0.39393172	0.015137504	0.07760776	12.0	5589.405927181244
225	88.61212	16.108114	100.0	47.2	284.24243	18.448534	10.53835	49.335823	-10.34804	2260000	-4.967054e-09	72.59721	-0.006310173	-12.404472	0.37989822	0.01567295	0.06360636	11.0	5614.083870410919
226	86.55484	16.061953	100.0	47.2	305.0645	20.04885	9.601763	48.845867	-11.937857	2270000	2.165325e-08	74.76005	-0.00685836	-15.705505	0.39002946	0.0151644	0.059705973	8.0	5637.536360502243
227	88.53125	15.273066	100.0	46.0	294.875	18.236626	9.40791	53.974426	-8.58499	2280000	-6.208817e-09	65.60426	-0.0109670805	-15.28339	0.37914386	0.01610886	0.08260826	16.0	5662.159811496735
228	90.34375	11.317932	100.0	61.6	291.34375	19.185108	10.50685	49.786392	-20.956324	2290000	-7.21775e-09	60.718304	-0.0101232	-9.820216	0.37490168	0.016145458	0.074407436	14.0	5688.212629318237
229	82.481255	27.781776	100.0	-30.0	297.1875	19.185303	10.037033	48.404343	-13.29323	2300000	-2.9802322e-08	124.85606	-0.010480556	-31.542786	0.37898847	0.015129632	0.08830883	16.0	5713.35454249382
230	85.43226	16.731203	100.0	46.6	299.2903	17.85786	11.129356	41.83794	-23.298264	2310000	-1.5522043e-09	77.59011	-0.009222038	-19.758892	0.37266982	0.015392964	0.07110711	13.0	5737.385492563248
231	88.76969	14.369506	100.0	50.8	290.54544	17.571451	10.889692	52.17831	-10.104706	2320000	-1.1253481e-08	65.751076	-0.014634336	-12.472179	0.3763918	0.015007399	0.08670867	45.0	5763.749138355255
232	89.53125	12.73721	100.0	62.8	292.21875	18.840837	10.570372	52.0725	-15.126811	2330000	3.4148496e-08	66.66284	-0.007301472	-12.381221	0.3721062	0.016126469	0.06780678	7.0	5786.843820571899
233	86.83871	14.364331	100.0	52.6	301.1613	19.6935	10.4354725	49.279633	-17.899742	2340000	3.0209776e-08	77.86672	-0.007999763	-17.574785	0.3816627	0.015885323	0.076207615	9.0	5811.67236495018
234	87.27742	15.17984	100.0	53.2	300.48386	18.778067	9.966321	52.017673	-14.820044	2350000	-3.228585e-08	69.74885	-0.008676874	-15.450093	0.3768917	0.015289652	0.06540654	12.0	5835.5283896923065
235	87.975006	12.018605	100.0	63.4	301.75	18.562239	10.784594	50.10509	-7.3156257	2360000	1.8936893e-08	64.45536	-0.008113463	-15.817338	0.37971625	0.0150386505	0.06520652	11.0	5861.30606174469
236	89.52122	12.959605	100.0	56.2	289.9697	17.604458	10.631777	47.00439	-7.8491545	2370000	-2.2972623e-08	65.86556	-0.014480938	-13.270177	0.3594822	0.015070125	0.09140914	35.0	5888.216344833374
237	87.98709	15.316273	100.0	41.2	306.3871	19.847874	11.083658	51.72563	-11.159229	2380000	2.1109978e-08	70.682465	-0.009203958	0.043890636	0.37700686	0.01567114	0.095109515	10.0	5912.587196588516
238	82.43871	24.448837	100.0	-10.0	314.0	17.987808	10.489888	48.07589	-15.823551	2390000	-2.4835268e-08	115.858925	-0.008944866	-40.876064	0.38953987	0.016028376	0.07310731	13.0	5937.990346193314
239	85.993744	17.01929	100.0	44.8	296.65625	17.184002	10.868497	46.418003	-11.272193	2400000	1.9247333e-08	74.96697	-0.008470452	-15.314778	0.37684658	0.015095153	0.06430644	11.0	5962.98056769371
240	88.62581	14.164357	100.0	55.0	295.7742	18.635384	10.7693815	44.637203	-8.752209	2410000	6.3329935e-08	76.67045	-0.010233355	-15.645618	0.38022435	0.016135914	0.09160916	14.0	5986.311293840408
241	83.53333	19.097946	100.0	24.4	311.86667	19.826452	10.283269	46.204964	-16.796202	2420000	-1.3659398e-08	74.668076	-0.008503199	-20.155945	0.3901708	0.015367714	0.07140714	8.0	6007.86763048172
242	85.36	19.579132	100.0	14.2	301.9	18.912529	10.393172	43.27105	-10.464643	2430000	1.2417634e-08	81.13238	-0.008255049	-19.576471	0.3678403	0.015883574	0.08120812	10.0	6030.838163137436
243	89.15151	14.923728	100.0	47.2	294.72726	18.32584	9.781644	43.85314	-6.613505	2440000	-1.5522042e-08	69.17767	-0.008822251	-14.042182	0.3625518	0.01513629	0.064006396	11.0	6055.983229875565
244	82.922585	28.537317	100.0	-50.0	301.5484	18.644585	10.245775	43.65886	-10.356585	2450000	2.2351742e-08	134.39166	-0.008598201	-31.488836	0.3499316	0.015423112	0.065906584	12.0	6079.761283159256
245	86.49091	16.041769	100.0	48.0	294.48486	16.97576	10.517989	46.12627	-13.330706	2460000	-2.2351742e-08	77.74054	-0.012365557	-18.220322	0.35575607	0.015470363	0.08550855	28.0	6106.563265323639
246	86.925	16.613304	100.0	35.2	304.65625	17.780857	10.62743	45.96831	-13.26588	2470000	7.450581e-09	71.46062	-0.0078072087	-14.573733	0.35683227	0.016321724	0.07050705	8.0	6132.060428619385
247	87.94839	14.561459	100.0	50.0	293.67743	19.091295	9.833467	42.888954	-10.188378	2480000	1.2262414e-08	65.66725	-0.010885137	-13.214042	0.337922	0.015074715	0.08280828	20.0	6155.564800977707
248	89.066666	13.810902	100.0	49.0	293.51514	18.1013	9.672378	47.11468	-15.037084	2490000	1.2417634e-08	62.146374	-0.00909824	-13.316029	0.3493111	0.01616717	0.06640664	10.0	6181.757196187973
249	83.52727	32.759136	100.0	-80.0	286.69696	18.93481	10.2513485	48.403187	-9.530218	2500000	9.158005e-09	123.80424	-0.0065687182	-29.662188	0.34768257	0.015753139	0.07190719	8.0	6205.720991134644
