Epoch	AverageEpRet	StdEpRet	MaxEpRet	MinEpRet	EpLen	AverageVVals	StdVVals	MaxVVals	MinVVals	TotalEnvInteracts	LossPi	LossV	DeltaLossPi	DeltaLossV	Entropy	KL	ClipFrac	StopIter	Time
0	91.78001	14.278316	100.0	-10.0	164.56667	30.458439	15.800419	60.10485	-45.792156	10000	-3.7252903e-09	41.17268	-0.009810135	-10.79569	0.40227357	0.015467363	0.09980998	8.0	31.282204627990723
1	91.71379	8.050025	100.0	62.8	168.67241	29.923264	16.918407	59.792255	-44.97111	20000	2.6387472e-09	56.62575	-0.009758057	-23.440294	0.40164185	0.015032068	0.10261026	10.0	60.19895267486572
2	92.0807	6.912573	100.0	70.0	171.0351	30.547844	14.400685	62.70329	-10.314636	30000	1.7384687e-08	39.664783	-0.013425355	-7.381616	0.41645035	0.015083194	0.088208824	40.0	89.2413501739502
3	93.01695	5.930134	100.0	70.0	167.13559	30.431963	14.94191	63.682858	-11.71558	40000	-7.450581e-09	32.865543	-0.009000412	-5.5661273	0.40845427	0.015284293	0.0740074	11.0	118.66614818572998
4	93.213554	6.0834723	100.0	68.0	167.74576	31.106878	14.674931	63.02838	-15.316872	50000	-2.7939677e-08	31.58619	-0.011051871	-4.2441125	0.40855622	0.015110962	0.08230823	22.0	148.36976099014282
5	94.29508	4.7323937	100.0	77.2	159.68852	31.832777	14.375793	63.940765	-12.775911	60000	-1.3659398e-08	27.629396	-0.0068311724	-5.391485	0.3975936	0.01636027	0.07410741	8.0	177.0568344593048
6	93.87	4.674873	100.0	82.0	163.15	32.477146	14.465944	63.91542	-1.4542773	70000	1.5522042e-08	24.616438	-0.008861448	-2.930748	0.40385866	0.01546372	0.08090809	12.0	205.127507686615
7	91.50508	15.864612	100.0	-20.0	166.40678	31.114897	15.462311	63.29052	-26.970604	80000	7.450581e-09	55.51949	-0.008430923	-15.934978	0.40843585	0.015293486	0.081608154	11.0	233.86377787590027
8	93.11333	7.605469	100.0	56.8	162.86667	30.903852	15.526736	60.007294	-35.005775	90000	2.483527e-09	33.267124	-0.007380061	-8.697847	0.39818144	0.015116305	0.09230924	11.0	261.70844411849976
9	93.91187	5.444608	100.0	70.0	165.1695	31.762163	14.661868	59.65353	-14.016737	100000	4.9204875e-08	30.434095	-0.0076541794	-4.274776	0.40470305	0.015586987	0.07820782	11.0	289.00703620910645
10	93.382454	5.8728375	100.0	70.0	171.24562	30.921143	14.963949	62.00967	-16.57551	110000	-3.7252903e-09	41.145226	-0.011250421	-5.8140063	0.40536168	0.015307688	0.07670767	21.0	320.3072679042816
11	94.86885	4.3327017	100.0	80.8	158.7541	31.89399	14.158491	63.311115	-14.477046	120000	-2.9802322e-08	25.62085	-0.008646597	-4.913463	0.40531412	0.015402977	0.09850985	15.0	348.0144350528717
12	94.683334	3.7866945	100.0	85.0	162.31667	32.968014	14.509584	63.419037	-16.840988	130000	-5.4637592e-08	22.016459	-0.007345622	-2.5888393	0.41709736	0.015040182	0.07480749	9.0	375.3310215473175
13	93.543335	5.285211	100.0	80.2	163.21666	32.242184	14.801724	62.028248	-19.556488	140000	1.5211603e-08	25.90328	-0.008095798	-3.8091984	0.43062773	0.015897674	0.087408744	12.0	402.7458164691925
14	93.36897	5.43549	100.0	79.6	169.0	31.29413	14.8678875	63.138985	-18.718256	150000	1.7811544e-08	26.881165	-0.0075385906	-3.1489346	0.41729093	0.015685188	0.06840684	8.0	430.3173358440399
15	90.32222	17.846855	100.0	-20.0	176.98148	28.995047	15.939812	61.06511	-45.51725	160000	-1.0554989e-08	54.839252	-0.011248256	-16.76229	0.4296336	0.0152391335	0.08340833	17.0	457.0749523639679
16	93.094734	5.5443487	100.0	76.0	169.92982	29.244587	15.933078	57.88114	-31.26956	170000	-6.2088173e-10	32.82927	-0.013442163	-8.085134	0.42535377	0.015143218	0.090809084	32.0	486.5645604133606
17	93.54827	5.7180367	100.0	70.0	167.91379	30.786642	14.831313	62.082443	-18.91896	180000	-3.7718564e-08	27.78	-0.012111771	-3.782631	0.4285384	0.015304421	0.093309335	40.0	516.6550562381744
18	92.02806	6.7994266	100.0	70.0	172.64912	30.185335	15.453788	63.446465	-28.950972	190000	3.973643e-08	43.199207	-0.0065369173	-9.102767	0.43191233	0.016031493	0.072707266	6.0	543.9185888767242
19	88.59286	22.917648	100.0	-40.0	173.03572	28.603266	15.883401	61.754585	-30.419909	200000	-9.934108e-09	95.13874	-0.008572846	-33.5977	0.42537507	0.015377715	0.08510852	10.0	571.5732288360596
20	91.078575	15.840665	100.0	-20.0	175.07143	28.440218	15.43955	56.947453	-36.85139	210000	0.0	46.53539	-0.015818516	-11.963847	0.41815853	0.015232104	0.11221123	37.0	601.6956996917725
21	94.38305	4.3023505	100.0	86.0	163.49153	31.326542	13.845766	58.67248	-4.8417454	220000	2.483527e-09	27.096209	-0.0123915225	-5.376182	0.40848342	0.015161577	0.098009795	35.0	628.5046033859253
22	91.9	5.998994	100.0	72.0	168.68965	31.214453	14.792307	62.84799	-16.400303	230000	-1.1175871e-08	35.80849	-0.017790286	-6.3232007	0.41413656	0.015239966	0.108010806	58.0	659.5750598907471
23	91.71724	15.222534	100.0	-10.0	169.84483	29.195988	15.175219	62.27391	-32.38735	240000	-4.967054e-09	46.39348	-0.0069529735	-10.834473	0.41435084	0.015235712	0.060906094	6.0	692.7004826068878
24	93.28966	8.140251	100.0	43.0	169.22414	30.43739	15.541985	59.64518	-40.558105	250000	-9.158005e-09	34.897877	-0.007428566	-10.882136	0.41259477	0.015391433	0.075207524	9.0	719.8416268825531
25	91.00727	15.19641	100.0	-10.0	175.54546	30.046736	15.449895	62.32859	-28.935139	260000	2.6077032e-08	42.547337	-0.008714266	-15.382169	0.4067978	0.015373272	0.076907694	11.0	748.9806542396545
26	94.041374	4.6781607	100.0	82.0	168.27586	30.460085	14.897895	63.554802	-6.810739	270000	9.934108e-09	26.777979	-0.013317406	-5.584805	0.40376195	0.015029568	0.09450945	28.0	777.1015253067017
27	94.06999	4.4805994	100.0	83.2	164.45	31.617035	14.452051	62.338726	-16.234428	280000	2.7629236e-08	28.813967	-0.009547853	-4.5771694	0.40061042	0.015101123	0.07750775	11.0	807.3951008319855
28	93.684746	5.231094	100.0	70.0	166.08475	32.07853	14.232769	62.845924	-5.3765	290000	-3.228585e-08	29.804537	-0.011837444	-4.760063	0.41095462	0.015056538	0.111011095	25.0	837.1457848548889
29	92.66552	6.730209	100.0	68.0	166.84483	31.357185	14.767896	62.622696	-9.65543	300000	-2.483527e-09	31.508904	-0.010979518	-4.6797643	0.41039026	0.015326324	0.08080808	26.0	864.7214579582214
30	92.58929	8.613397	100.0	43.0	173.32143	29.804338	16.139334	63.743244	-40.611607	310000	7.450581e-09	46.214	-0.0092075905	-19.023012	0.41966498	0.016021973	0.07770777	8.0	893.391027212143
31	94.121315	5.11959	100.0	70.0	162.2623	31.451761	14.527402	65.95077	-14.556707	320000	4.967054e-09	26.951864	-0.009190206	-4.504932	0.40090838	0.015199625	0.09090909	17.0	923.2731335163116
32	93.0772	5.6274714	100.0	78.0	171.85965	31.293606	14.785279	62.58137	-21.25534	330000	6.0924017e-09	33.649887	-0.006257588	-7.5327754	0.39855424	0.015821131	0.075207524	9.0	952.9831478595734
33	91.9	14.293536	100.0	-10.0	168.72414	30.83861	14.607557	62.696728	-37.01887	340000	1.2417634e-08	51.33662	-0.011805807	-15.617885	0.40143022	0.015117027	0.09520952	28.0	984.3505971431732
34	93.92413	4.356973	100.0	82.0	168.77586	30.098415	15.561277	61.387386	-41.63488	350000	-1.7384687e-08	24.00329	-0.0074700234	-4.2449436	0.39513075	0.015005852	0.06850686	12.0	1012.5875329971313
35	92.48572	9.689674	100.0	34.0	175.07143	30.587458	14.6110735	62.019497	-12.916894	360000	2.1109978e-08	45.20519	-0.009290145	-13.214539	0.40476343	0.015350483	0.09220922	15.0	1040.8872447013855
36	93.248276	6.0299606	100.0	68.0	169.46552	29.985548	15.31108	63.40476	-30.844257	370000	4.346172e-09	36.951656	-0.00547969	-6.3781724	0.40983498	0.017206343	0.060906094	6.0	1069.5785381793976
37	93.71	5.340215	100.0	80.0	164.91667	30.828762	15.212081	63.25279	-12.773062	380000	-3.7873786e-08	30.1397	-0.0067672823	-5.439222	0.3966134	0.015283924	0.073407345	8.0	1099.7365293502808
38	93.435715	4.8928676	100.0	80.0	175.55357	30.467966	14.79876	63.552967	-13.641827	390000	2.2662183e-08	33.557373	-0.009809407	-5.5491977	0.40848777	0.016211644	0.084608465	16.0	1129.7897763252258
39	92.29091	8.952709	100.0	53.8	175.85454	29.579859	15.013133	62.96739	-40.13651	400000	2.9802322e-08	38.057423	-0.005449479	-7.654352	0.40287232	0.015389402	0.06780678	6.0	1157.3095231056213
40	93.00727	6.3003564	100.0	72.4	178.4909	28.866833	15.589792	58.976387	-49.562294	410000	-1.5522042e-08	44.963043	-0.009827041	-11.564618	0.40326133	0.016251106	0.07860786	11.0	1186.1144270896912
41	93.53333	6.4588666	100.0	65.8	170.61403	30.368896	14.083844	63.203617	-25.424906	420000	-1.6142925e-08	34.107796	-0.0067033693	-7.982353	0.4008213	0.015811777	0.08440844	9.0	1215.5624356269836
42	94.18001	4.7718205	100.0	79.0	160.45	31.761868	14.554185	60.28237	-8.063366	430000	1.9247333e-08	22.55123	-0.01520549	-3.362156	0.38628784	0.015004497	0.107510746	63.0	1245.1935722827911
43	91.99	15.38564	100.0	-20.0	163.4	31.788935	14.97992	65.89705	-37.291607	440000	-9.934108e-09	47.6273	-0.008523554	-15.961266	0.39038253	0.015337636	0.09940994	13.0	1273.145489692688
44	94.16206	4.659208	100.0	83.8	169.6207	30.69223	15.148771	60.61983	-14.987371	450000	2.2196522e-08	32.478855	-0.0071663368	-7.469301	0.40492138	0.016495237	0.086608656	8.0	1302.3987004756927
45	92.810715	5.6600633	100.0	78.0	174.58928	30.97513	14.032682	62.01829	-18.834211	460000	-2.483527e-09	31.529861	-0.006772147	-5.075868	0.39447996	0.016025253	0.07910791	7.0	1330.1378102302551
46	93.7356	5.3697762	100.0	75.4	167.32204	31.065971	14.28841	62.471645	-4.6785164	470000	0.0	27.021444	-0.0075164116	-4.339974	0.39223894	0.015890641	0.08190819	12.0	1357.1926469802856
47	94.55255	4.670185	100.0	80.0	165.20338	31.949207	14.403132	62.671406	-1.8023069	480000	-4.9670536e-08	23.20697	-0.007824063	-4.345415	0.37359753	0.01504758	0.07990799	14.0	1385.6835730075836
48	94.08667	5.744721	100.0	74.0	163.35	31.81582	15.0255995	62.795902	-3.990762	490000	-1.5522042e-08	25.515116	-0.007320687	-4.8439193	0.39490858	0.016111562	0.07080708	8.0	1414.9176893234253
49	94.706894	3.7721694	100.0	88.0	166.32759	31.57502	15.042256	62.33067	-0.95899487	500000	2.6077032e-08	24.568434	-0.007937852	-4.3333364	0.39669427	0.016397418	0.09890989	9.0	1444.0327081680298
50	94.253334	4.822291	100.0	76.0	162.08333	32.362103	14.48197	62.066475	-7.3149796	510000	5.4637592e-08	21.300085	-0.007666594	-3.2942321	0.39896885	0.015119466	0.09590959	13.0	1473.677027463913
51	94.41755	5.0166435	100.0	78.0	169.80702	31.295208	14.897828	62.78072	-5.1269817	520000	-7.450581e-09	24.554367	-0.008319615	-3.0132835	0.4099892	0.015818294	0.083808385	14.0	1500.4514198303223
52	93.70527	5.697165	100.0	74.0	172.8772	30.328846	15.540604	62.93685	-44.956238	530000	3.9425988e-08	24.245718	-0.008006256	-2.4978542	0.41975054	0.015138655	0.10881088	15.0	1530.8567044734955
53	93.292854	6.389608	100.0	71.8	174.14285	30.560478	14.900544	62.43104	-4.9592896	540000	3.5390258e-08	35.649082	-0.0072843446	-5.3751407	0.42108548	0.015641674	0.07570756	9.0	1559.8982815742493
54	94.16551	4.9964314	100.0	78.0	166.63792	31.36239	14.490643	63.021942	-8.752102	550000	-2.483527e-09	27.52114	-0.00829051	-4.2793994	0.41337168	0.015635109	0.08140814	13.0	1586.67662525177
55	93.042854	7.3389096	100.0	54.4	172.80357	30.960161	14.755141	63.342693	-16.368776	560000	-4.9670536e-08	40.83781	-0.008802873	-8.812879	0.4060277	0.015286833	0.0810081	10.0	1616.188295841217
56	93.78305	4.96855	100.0	78.0	167.52542	30.889341	14.904172	63.562847	-10.111615	570000	1.3659398e-08	27.911371	-0.008835227	-5.730236	0.41113985	0.015811581	0.08580858	11.0	1644.7879843711853
57	93.56552	5.764833	100.0	74.0	168.86208	31.4955	14.5412655	63.126793	-19.817593	580000	-6.829699e-09	27.378593	-0.013331726	-3.5198452	0.40403166	0.015268437	0.104610465	51.0	1672.7163054943085
58	93.42105	5.164886	100.0	80.8	170.22807	31.014275	14.920186	63.330776	-10.190475	590000	-1.4590721e-08	28.120111	-0.009144552	-5.1095786	0.41646513	0.015440572	0.08830883	14.0	1701.1949107646942
59	92.958626	6.8119326	100.0	60.0	170.43103	30.825106	14.660072	63.372883	-16.001827	600000	7.450581e-09	33.81824	-0.010120171	-4.2358894	0.41152418	0.015105625	0.10141014	17.0	1732.5776164531708
60	94.21356	4.6507683	100.0	80.0	165.11864	31.291569	14.303816	63.612328	-4.1886888	610000	1.6142925e-08	27.849192	-0.009402179	-4.334154	0.4119536	0.015634784	0.07910791	15.0	1759.4953663349152
61	91.82182	12.488113	100.0	9.4	176.07272	30.493177	15.103792	63.506317	-32.988785	620000	-1.3659398e-08	42.11403	-0.0091000125	-10.638701	0.41814923	0.015133326	0.0850085	8.0	1790.254807472229
62	93.21695	6.036419	100.0	70.0	166.23729	31.068085	14.131713	59.395935	-9.251884	630000	-2.7318796e-08	30.565077	-0.005404122	-5.4294724	0.40041694	0.016780687	0.09370937	8.0	1816.8304784297943
63	94.21035	4.386409	100.0	80.0	170.27586	30.688011	14.6715975	64.11927	-8.443469	640000	0.0	30.387922	-0.006572219	-5.5565524	0.3917223	0.01532948	0.07120712	9.0	1845.6119344234467
64	93.920006	4.8943777	100.0	70.0	162.78334	32.1157	14.321804	65.387634	0.26822662	650000	2.2351742e-08	28.276403	-0.0068662534	-5.526769	0.38529515	0.016050592	0.073207326	9.0	1874.497858762741
65	94.54915	4.0768204	100.0	82.0	163.62712	31.676104	15.092005	63.88235	-8.928051	660000	1.5832484e-08	23.988365	-0.0078052734	-3.6627038	0.3900334	0.015379217	0.07970797	13.0	1901.9180409908295
66	93.88	4.973289	100.0	77.2	165.18333	32.19807	14.711963	65.40568	-7.1089664	670000	-2.6697913e-08	28.60254	-0.011456393	-4.8966007	0.38554263	0.015011613	0.07840785	21.0	1931.0720720291138
67	94.098305	5.495066	100.0	65.8	166.0339	31.83993	14.396237	64.06297	0.09674239	680000	1.808318e-08	25.55059	-0.007590242	-2.9780896	0.3902943	0.015892288	0.07910791	11.0	1959.5102038383484
68	92.98644	5.6339006	100.0	70.0	167.30508	31.428316	14.834635	63.92182	-12.766256	690000	2.4835268e-08	26.605843	-0.005591046	-4.0046887	0.39100304	0.015133266	0.06790679	7.0	1987.7438578605652
69	94.083336	4.333327	100.0	82.0	163.6	31.31965	14.831532	63.835148	-6.686076	700000	-2.7008355e-08	22.781748	-0.006126961	-3.5109196	0.39642215	0.016784618	0.08810881	9.0	2014.6538133621216
70	93.57	5.23677	100.0	78.4	164.75	31.688213	14.820941	63.177437	-4.802176	710000	-7.450581e-09	24.94204	-0.008284138	-4.095532	0.39753625	0.016444912	0.07790779	10.0	2044.0452663898468
71	93.8787	5.6566544	100.0	69.4	160.27869	31.963482	14.855766	64.1522	-7.2242684	720000	1.3659398e-08	21.721579	-0.007246867	-2.677379	0.37721422	0.015091264	0.08250826	10.0	2071.596359014511
72	93.92334	4.306134	100.0	85.0	162.88333	32.062946	14.736273	66.51815	-2.581544	730000	4.2219956e-08	24.411726	-0.008179638	-4.0604568	0.39759216	0.015982762	0.08530853	11.0	2101.5475125312805
73	90.90714	17.022673	100.0	-20.0	173.42857	30.314138	15.479	66.26733	-42.23848	740000	-2.2351742e-08	50.414265	-0.008608457	-13.155078	0.39179587	0.016405405	0.090009004	9.0	2129.003876686096
74	88.2868	22.511465	100.0	-10.0	186.43396	26.486536	17.969442	62.730343	-36.942715	750000	9.856497e-09	58.19968	-0.010488271	-21.269167	0.40929058	0.015332009	0.06990699	9.0	2156.6521620750427
75	94.2918	5.830904	100.0	60.0	160.27869	31.23291	14.365698	58.819916	-3.5007286	760000	9.313226e-09	27.7382	-0.008295559	-8.739083	0.39756358	0.015941221	0.06950695	10.0	2185.6760745048523
76	93.53898	5.012426	100.0	76.6	165.74576	31.827667	15.107145	62.1006	-3.7841876	770000	-1.0011718e-08	26.906393	-0.013958566	-4.7694607	0.39975548	0.015287506	0.097909786	46.0	2216.6150081157684
77	94.544266	3.6549776	100.0	86.0	158.4918	31.674084	15.266543	62.169834	-10.095602	780000	1.2417635e-09	22.827528	-0.0071169664	-3.8993254	0.40612617	0.01627522	0.08070808	10.0	2244.4682443141937
78	91.76896	16.904797	100.0	-30.0	167.18965	31.18773	15.594961	61.490368	-29.178528	790000	1.9868216e-08	41.11968	-0.006839989	-10.140753	0.40936986	0.015649265	0.080208026	7.0	2274.864126443863
79	92.46316	7.870545	100.0	52.0	171.3158	31.028013	14.502154	58.89503	-28.323362	800000	-6.208817e-09	37.972103	-0.0062062307	-9.028962	0.41533184	0.015433502	0.07480749	7.0	2304.819463968277
80	93.203514	7.0152206	100.0	61.6	169.98245	30.333763	14.910404	60.699238	-41.09909	810000	3.4148495e-09	32.633686	-0.008248194	-7.9739933	0.41270363	0.015966626	0.085608564	10.0	2332.671308040619
81	94.2	4.928231	100.0	76.0	164.86441	31.39354	14.778164	59.223053	-7.070256	820000	-3.4769375e-08	25.614908	-0.007637168	-5.66151	0.40337226	0.01576067	0.090609066	8.0	2360.225958585739
82	91.651726	14.681518	100.0	-10.0	167.27586	31.499338	14.722425	63.40631	-29.471706	830000	-9.934108e-09	63.406666	-0.010247462	-15.7067995	0.39911565	0.0151666375	0.08220822	23.0	2389.045459985733
83	93.97627	5.2667274	100.0	74.8	166.11864	30.995827	14.949241	60.915207	-27.297947	840000	9.002785e-09	27.557905	-0.008626852	-5.647473	0.40425077	0.015304252	0.08670867	14.0	2420.069887638092
84	92.38667	15.297096	100.0	-20.0	162.46666	31.4555	15.091481	63.001785	-39.87133	850000	-3.4148495e-09	39.599766	-0.011745922	-9.331704	0.41417095	0.015157373	0.08240824	33.0	2449.301857948303
85	93.65172	5.1249976	100.0	78.0	167.94827	31.003971	15.219013	59.94288	-10.751397	860000	-2.1109978e-08	24.632223	-0.008844904	-4.5367713	0.40846345	0.017738031	0.07330733	11.0	2476.555857896805
86	94.20678	4.120057	100.0	82.0	163.18645	31.52633	14.897837	63.483273	-21.46452	870000	-3.7252903e-08	22.920153	-0.0049357074	-3.3519557	0.40347028	0.015490317	0.071507156	8.0	2505.0035922527313
87	93.18276	6.567557	100.0	62.2	170.01724	31.049253	15.374872	64.04809	-42.94625	880000	-3.1044085e-09	36.710346	-0.007732633	-10.350987	0.40745962	0.016046682	0.09250925	8.0	2534.6260414123535
88	86.01852	25.657957	100.0	-20.0	181.85185	28.841496	17.025454	63.455387	-47.419308	890000	1.7656324e-09	130.2363	-0.0063266563	-52.301403	0.40694126	0.016257515	0.08550855	6.0	2562.6184928417206
89	92.781815	5.8810353	100.0	76.0	173.10909	28.093796	15.204835	55.998524	-31.538845	900000	-2.6077032e-08	53.241528	-0.004977073	-20.771652	0.3972335	0.015694736	0.056705672	6.0	2590.2690904140472
90	93.510345	5.7487836	100.0	68.2	170.10345	30.417637	14.57884	62.95148	-32.12286	910000	4.5945246e-08	34.2205	-0.007899581	-7.3226247	0.3981285	0.01578027	0.07230723	8.0	2619.6986496448517
91	92.929825	7.070025	100.0	56.0	171.49123	30.741522	14.715306	61.895924	-14.091552	920000	-1.4280279e-08	33.959263	-0.011114232	-9.256318	0.41041088	0.015176679	0.090609066	20.0	2648.856321334839
92	92.89123	5.86109	100.0	79.6	171.0351	30.091818	15.882083	63.366592	-22.392643	930000	3.4769375e-08	33.93529	-0.007281385	-9.013301	0.40366673	0.015261079	0.09010901	11.0	2676.5191462039948
93	90.31865	21.069027	100.0	-60.0	164.54237	30.71731	15.274406	62.900494	-55.991592	940000	2.7318796e-08	74.08457	-0.00638455	-24.54075	0.39804748	0.017340526	0.08060806	6.0	2705.0307264328003
94	91.94035	8.223455	100.0	63.4	170.4386	29.312845	16.203712	59.054016	-67.55883	950000	2.173086e-08	44.506927	-0.006557202	-16.521107	0.39854226	0.015209469	0.08970896	8.0	2735.021107673645
95	94.12632	4.828807	100.0	81.4	170.42105	30.15119	15.085905	61.3577	-21.400993	960000	4.346172e-09	28.532038	-0.0068615098	-6.475039	0.40735376	0.016110266	0.07920792	9.0	2764.322461605072
96	93.666664	6.1464396	100.0	77.2	171.36842	30.988913	14.826361	63.319397	-8.995874	970000	4.967054e-09	28.644934	-0.007276257	-3.898777	0.4176624	0.015446882	0.07510751	9.0	2791.0844972133636
97	91.962074	16.775166	100.0	-20.0	167.86208	30.501509	15.581658	61.61044	-58.193394	980000	-1.3659398e-08	50.24458	-0.009723195	-23.821348	0.3988692	0.015700398	0.07860786	10.0	2819.7619223594666
98	93.19643	9.36189	100.0	37.0	171.60715	30.690134	15.228903	60.43297	-24.714064	990000	3.4148495e-09	28.00396	-0.011896367	-6.263454	0.4162248	0.015613981	0.09030903	18.0	2849.122813463211
99	91.0386	18.54729	100.0	-30.0	171.0351	30.02215	15.510229	60.896267	-24.571346	1000000	2.4835268e-08	48.20538	-0.012094572	-14.026126	0.4090719	0.015140663	0.07790779	18.0	2878.0473828315735
100	94.49152	4.7619	100.0	80.8	164.79662	30.607931	15.368882	59.52677	-56.476017	1010000	1.27280755e-08	37.406143	-0.012234773	-18.109285	0.4159707	0.015228175	0.08520851	18.0	2905.5473098754883
101	93.89474	5.946676	100.0	70.0	170.1228	31.565254	15.302925	63.46087	-22.795761	1020000	-6.208817e-09	33.381344	-0.0081849275	-5.858027	0.41453218	0.01634146	0.089308925	9.0	2931.974356651306
102	93.66897	5.6450834	100.0	78.0	170.65517	31.026604	14.881101	63.40407	-17.620201	1030000	-4.346172e-09	29.937576	-0.008028433	-4.8389683	0.42170918	0.015078689	0.08150815	12.0	2962.7397768497467
103	93.12666	9.312211	100.0	30.4	165.8	30.40817	15.481839	62.236427	-36.66367	1040000	1.4901161e-08	31.469202	-0.008878013	-6.09251	0.41033122	0.015597485	0.076107614	11.0	2993.8902270793915
104	91.89629	15.429587	100.0	-10.0	178.38889	29.620436	15.64526	59.755	-42.320957	1050000	-6.208817e-09	50.71329	-0.012207113	-14.09271	0.40598264	0.015466452	0.075007506	21.0	3020.7795691490173
105	94.57666	4.435777	100.0	82.0	163.85	30.883959	14.537457	58.222546	-10.821888	1060000	-1.1175871e-08	31.490082	-0.009192663	-8.193982	0.4095666	0.015209173	0.09150914	12.0	3050.4638154506683
106	92.12983	7.293784	100.0	68.2	172.5965	31.105707	15.088195	63.170574	-21.53937	1070000	-3.228585e-08	36.262726	-0.012209795	-7.216947	0.41073558	0.015179604	0.08860886	19.0	3078.482337474823
107	94.09824	6.010181	100.0	66.0	170.94737	29.659233	15.330104	62.784683	-23.423409	1080000	1.8626451e-08	28.372293	-0.0074551743	-3.5622208	0.3999438	0.015778346	0.100710064	9.0	3106.0892612934113
108	92.50877	7.6367598	100.0	57.4	171.50877	30.655287	15.259522	62.37409	-34.1904	1090000	1.5522042e-08	30.850683	-0.0062518115	-4.423467	0.40967116	0.016721662	0.07660766	7.0	3134.7107803821564
109	93.14483	7.5146565	100.0	49.6	169.10345	30.222544	15.481631	62.848503	-21.104519	1100000	8.071463e-09	31.169603	-0.007496633	-7.222195	0.4001727	0.015173177	0.082108214	10.0	3162.9917364120483
110	94.09311	5.233739	100.0	72.0	166.25862	31.098036	14.935459	60.380646	-7.858207	1110000	-1.4280279e-08	22.178642	-0.015289322	-3.3955774	0.38769925	0.015312505	0.10091009	57.0	3191.534448623657
111	93.936844	5.67953	100.0	70.0	169.85965	31.232002	15.050184	63.620518	-4.775859	1120000	-6.829699e-09	26.446508	-0.012936835	-2.6716194	0.40187594	0.015245912	0.087408744	44.0	3218.9772799015045
112	93.47369	6.7613587	100.0	62.0	167.77193	30.368309	15.483785	63.50575	-16.70999	1130000	-1.9868216e-08	38.31719	-0.00814474	-5.7152085	0.40156853	0.017015547	0.09080908	8.0	3246.898393392563
113	92.60339	14.255846	100.0	-10.0	167.32204	31.088713	15.062665	60.23742	-29.77694	1140000	1.6142925e-08	59.052795	-0.015892867	-15.889633	0.3884234	0.015004138	0.10651065	75.0	3279.5267889499664
114	92.74386	7.944788	100.0	60.4	172.17545	29.830124	15.696081	61.453827	-43.45523	1150000	0.0	42.607582	-0.009235614	-13.808304	0.40028894	0.015475917	0.09740973	12.0	3307.531193971634
115	93.51865	5.128996	100.0	74.0	164.86441	31.900597	14.216256	60.461067	-13.291153	1160000	1.5599653e-08	26.537565	-0.009419401	-5.3950953	0.4059106	0.015170224	0.08240824	16.0	3334.2907152175903
116	93.23158	6.552009	100.0	72.0	172.7193	30.344296	15.3950405	62.009995	-22.052395	1170000	4.967054e-09	27.955687	-0.010776155	-3.4884892	0.39459702	0.015076245	0.08340833	20.0	3363.1659066677094
117	94.45085	4.2935653	100.0	86.0	166.08475	31.300001	14.723988	60.28737	-1.7800666	1180000	-1.4901161e-08	24.971863	-0.010293168	-4.0609097	0.38691524	0.015508696	0.08830883	21.0	3392.4468619823456
118	93.75862	5.2710996	100.0	76.0	167.24138	31.748884	14.780073	63.824844	-7.236347	1190000	2.483527e-09	32.217903	-0.010675959	-5.529057	0.39097	0.0150491595	0.08810881	19.0	3420.8314538002014
119	92.57193	5.7699084	100.0	75.4	170.01755	30.425566	15.417995	63.867805	-6.4573755	1200000	2.483527e-09	30.533562	-0.012241654	-4.9898314	0.38558093	0.015249401	0.08510851	18.0	3447.018855571747
120	93.77193	5.1396546	100.0	72.0	169.4035	30.755693	14.216618	62.473305	-12.042845	1210000	1.2417634e-08	28.934809	-0.0098398	-5.919068	0.39026007	0.015236617	0.08620862	12.0	3475.0189146995544
121	93.22807	6.558074	100.0	58.0	174.26315	30.030422	15.443551	63.42922	-31.923424	1220000	2.3593506e-08	33.016895	-0.009463235	-6.9771867	0.38848415	0.01581857	0.097709775	15.0	3505.8691363334656
122	92.70714	9.533097	100.0	30.4	174.60715	29.977215	15.290297	63.491657	-42.21617	1230000	2.0489097e-08	34.522198	-0.010653426	-9.146734	0.39408195	0.015881492	0.087408744	13.0	3534.955276966095
123	93.48621	5.408309	100.0	72.0	170.13792	31.240664	14.076276	62.63431	-3.8925595	1240000	6.208817e-09	32.329975	-0.013301872	-4.612642	0.3988533	0.015288499	0.09830982	22.0	3561.8207771778107
124	93.47796	6.4983983	100.0	68.2	167.38983	30.954308	14.492994	63.520847	-21.896414	1250000	6.208817e-09	29.237143	-0.006038998	-4.58844	0.3984861	0.0151732415	0.07820782	8.0	3588.513629436493
125	91.87778	8.892979	100.0	53.2	178.37038	30.150766	14.515571	61.83176	-22.818472	1260000	1.8626451e-08	37.767353	-0.008158269	-8.069703	0.39885154	0.015033014	0.07720772	8.0	3617.0497212409973
126	92.78571	5.748771	100.0	76.0	174.85715	29.384129	14.737375	61.833954	-1.6417953	1270000	-1.14863115e-08	40.556667	-0.008959105	-7.687386	0.3844258	0.015531083	0.094109416	13.0	3644.0025231838226
127	93.73793	5.250577	100.0	69.4	168.27586	30.958124	14.329748	62.080315	-2.041296	1280000	5.5879354e-09	28.920792	-0.0085989395	-4.2054505	0.37393424	0.016204482	0.08240824	11.0	3673.096036672592
128	94.22667	4.0334377	100.0	80.0	161.1	31.886875	14.59566	63.704918	0.3266636	1290000	-5.044664e-10	26.358091	-0.006464763	-5.104943	0.36594656	0.015028912	0.06910691	9.0	3701.722976207733
129	94.47797	3.849018	100.0	84.0	163.08475	32.08827	14.759885	63.217823	-1.3962156	1300000	4.967054e-09	23.924639	-0.010444912	-3.9007843	0.36790887	0.015317969	0.07640764	20.0	3729.608966112137
130	93.52204	5.4351044	100.0	71.8	166.0339	31.617023	14.605322	63.093105	-0.5984695	1310000	-7.450581e-09	26.544518	-0.007961188	-3.5604908	0.37495744	0.01518251	0.07910791	11.0	3757.5100820064545
131	93.56333	4.8299747	100.0	78.0	163.01666	31.627031	14.794917	63.137314	-4.606172	1320000	-3.0578423e-08	25.390938	-0.0076340516	-3.5016468	0.38014603	0.015413913	0.070007004	10.0	3785.0246653556824
132	93.646675	5.6565437	100.0	68.8	160.6	31.636276	15.0309305	62.80556	-5.2729406	1330000	3.1044087e-10	25.28087	-0.007264989	-2.9465866	0.37013817	0.015034109	0.08310831	11.0	3811.9844114780426
133	93.333336	6.4460497	100.0	69.4	162.86667	31.691093	14.623791	63.68657	-8.817907	1340000	9.934108e-09	23.643051	-0.00869213	-3.5477562	0.38584694	0.017336361	0.10261026	10.0	3843.72171831131
134	94.69666	4.894145	100.0	71.8	158.95	31.666477	14.811138	64.065315	-16.940184	1350000	-2.7318796e-08	25.488464	-0.0072298646	-6.1260076	0.3844219	0.01619883	0.07730773	9.0	3872.3779714107513
135	94.05424	4.7110157	100.0	82.0	165.18645	32.46713	14.726597	61.961666	-5.4762793	1360000	1.3659398e-08	24.063469	-0.010796401	-3.3889935	0.37665638	0.015319039	0.08180818	20.0	3901.447324514389
136	93.34334	5.260303	100.0	74.0	162.91667	31.960278	14.9259815	63.46442	-6.978446	1370000	6.2088173e-10	27.268805	-0.011236747	-5.8822074	0.38605246	0.015429643	0.091709174	16.0	3930.0906054973602
137	93.3	5.294792	100.0	77.8	168.36208	31.468021	14.701087	63.733482	-10.204417	1380000	-8.537124e-10	23.31726	-0.009267197	-3.711996	0.3919736	0.01581125	0.07920792	13.0	3958.785505056381
138	93.01724	5.813929	100.0	70.0	167.31035	31.119959	14.862794	63.5049	-7.3649597	1390000	-1.2417634e-08	25.466585	-0.007087152	-4.4613895	0.37758252	0.015811464	0.08060806	8.0	3987.427521944046
139	90.72281	15.289568	100.0	-10.0	171.50877	29.58412	15.61161	63.460594	-26.784256	1400000	6.364038e-08	48.57645	-0.0093667945	-16.43619	0.37100646	0.01534367	0.07920792	9.0	4015.053171157837
140	93.93	5.771519	100.0	62.8	163.63333	30.883099	15.014415	59.98581	-13.441444	1410000	4.2219956e-08	28.82102	-0.009011597	-5.8031006	0.3682679	0.015140396	0.07650765	16.0	4042.900276660919
141	93.57241	5.7618775	100.0	77.8	168.58621	31.305277	15.164281	63.359554	-16.258049	1420000	6.208817e-09	29.512781	-0.010354959	-4.2867107	0.37847903	0.015356172	0.07470747	19.0	4072.645651817322
142	93.726326	4.468782	100.0	83.2	169.24562	30.823828	15.000713	63.912846	-7.0589066	1430000	3.973643e-08	25.960688	-0.007892266	-3.5861886	0.3828659	0.015156612	0.086308636	10.0	4099.612732887268
143	94.1661	4.340296	100.0	82.6	164.45763	31.045298	14.878764	63.596165	-27.21285	1440000	1.9868216e-08	29.08558	-0.0077386447	-5.52373	0.3826435	0.015290846	0.06810681	9.0	4128.56236243248
144	93.85763	4.810448	100.0	80.0	167.8983	31.066158	14.777346	61.15296	-4.194319	1450000	1.3659398e-08	24.700766	-0.0082388995	-3.5184097	0.37138203	0.015341006	0.07770777	15.0	4158.098616361618
145	93.14828	5.9469566	100.0	70.0	168.77586	31.10938	15.055159	63.188522	-4.612486	1460000	-4.967054e-09	22.948318	-0.01606971	-3.3810081	0.3799106	0.015045069	0.10811081	54.0	4187.103439331055
146	93.47667	5.2107697	100.0	70.0	162.48334	31.465618	15.15845	63.37529	-6.8498974	1470000	-7.450581e-09	26.175196	-0.010519419	-4.163164	0.36692533	0.0150989555	0.076207615	23.0	4217.960576534271
147	93.55593	4.806926	100.0	76.0	167.1695	31.164427	15.156869	63.574284	-8.967872	1480000	-9.934108e-09	24.180908	-0.0074321986	-3.6648285	0.37876606	0.015161329	0.07470747	13.0	4248.943829298019
148	92.11786	6.0419693	100.0	78.0	172.85715	30.414833	15.04984	63.823322	-9.567122	1490000	1.7384687e-08	27.867876	-0.007983286	-3.790067	0.38952804	0.015179294	0.069406934	11.0	4279.207980871201
149	93.75358	6.152118	100.0	66.0	174.14285	29.924343	14.48328	63.2379	-10.251016	1500000	9.934108e-09	28.831	-0.008659813	-4.2629642	0.38336992	0.015745163	0.082208216	11.0	4306.967131137848
150	93.46667	5.887642	100.0	70.0	172.01755	30.752272	14.82482	62.80495	-4.884547	1510000	3.259629e-09	30.636965	-0.012741099	-6.6787324	0.3818921	0.0152933495	0.095909595	32.0	4336.39083647728
151	93.48135	5.169679	100.0	75.4	166.44067	30.935577	14.94769	63.253212	-20.31109	1520000	9.313226e-09	26.479856	-0.007271183	-5.2809415	0.37601617	0.015345729	0.07490749	8.0	4364.486701011658
152	93.35862	5.0155287	100.0	79.0	168.60345	30.967373	15.146777	63.653244	-5.477457	1530000	4.967054e-09	29.243843	-0.006980563	-3.6355069	0.37010336	0.015913406	0.084008396	10.0	4392.187146425247
153	94.17242	5.2700124	100.0	72.0	167.55173	30.353071	15.341563	63.611782	-17.521702	1540000	-2.2351742e-08	30.318237	-0.00755411	-5.801329	0.3541912	0.015311937	0.07920793	10.0	4421.299236297607
154	93.913795	4.8974466	100.0	80.0	169.7069	31.206686	14.859826	60.83917	-1.4433411	1550000	9.934108e-09	24.186457	-0.009342714	-3.8682148	0.35831323	0.01569923	0.08230823	16.0	4449.232818365097
155	93.185455	6.2292976	100.0	73.0	175.70909	30.036442	15.024319	62.395985	-7.173033	1560000	1.9868216e-08	31.874908	-0.007319692	-4.8268504	0.36082497	0.016146025	0.069106914	8.0	4476.6797704696655
156	93.46667	6.6555696	100.0	70.0	169.82455	30.59052	14.432381	62.550255	-8.833888	1570000	1.4901161e-08	29.971457	-0.009285343	-4.570978	0.36785462	0.015058525	0.08940894	13.0	4504.995083093643
157	93.479996	5.519367	100.0	78.0	175.01819	29.72106	15.353958	62.224205	-6.053469	1580000	3.4148496e-08	30.050276	-0.008065414	-5.2795873	0.36390924	0.016611136	0.10051006	11.0	4535.136501312256
158	93.51379	5.63904	100.0	74.0	167.98276	30.778238	14.553814	62.813873	-3.0479326	1590000	1.2417634e-08	31.532951	-0.007357107	-5.760164	0.36630026	0.015953552	0.07830783	9.0	4563.345304250717
159	93.41034	5.7506127	100.0	76.0	167.2069	31.342686	14.63742	62.23618	-1.4397641	1600000	-1.8626451e-08	22.233545	-0.008589683	-2.390047	0.36897877	0.015651634	0.08710871	13.0	4590.152889490128
160	93.799995	5.12428	100.0	76.0	170.92982	30.639174	14.834063	62.42974	-12.573422	1610000	4.0978193e-08	25.827604	-0.008429811	-4.1936393	0.3590773	0.0150985615	0.08780879	12.0	4619.0201551914215
161	92.954384	6.3061113	100.0	70.0	171.52632	30.535938	15.177138	62.99282	-17.86941	1620000	1.4901161e-08	30.06105	-0.008462667	-6.0120177	0.37180093	0.015251397	0.09220922	10.0	4649.243933200836
162	92.66071	8.002225	100.0	49.6	174.44643	29.358025	15.322118	63.092434	-19.667364	1630000	-8.692344e-09	42.2086	-0.0077740476	-10.056287	0.36881456	0.016324388	0.0720072	9.0	4678.369263648987
163	91.24728	16.374523	100.0	-20.0	175.74545	29.743818	14.185352	60.90828	-27.06823	1640000	-6.829699e-09	55.287815	-0.009457484	-16.558435	0.35752186	0.015870819	0.07630763	11.0	4707.850036144257
164	91.60357	16.216106	100.0	-20.0	173.96428	29.398544	15.370062	59.375736	-32.768013	1650000	3.7252903e-09	46.72881	-0.012512222	-14.9951315	0.37162247	0.015099856	0.078907885	30.0	4736.909295320511
165	93.98305	4.846846	100.0	82.0	165.86441	30.87478	15.2828245	61.18149	-19.884556	1660000	-1.6142925e-08	24.583609	-0.00822633	-4.3336735	0.370599	0.015141076	0.07390739	12.0	4763.357458114624
166	94.24138	4.2281094	100.0	85.0	170.10345	30.945381	15.014259	62.5298	-12.696371	1670000	-2.20413e-08	29.569693	-0.008839828	-6.1816974	0.38360012	0.015449862	0.07920793	14.0	4791.56405878067
167	93.63572	5.002872	100.0	82.0	172.69643	30.636429	14.647613	62.747795	-10.682308	1680000	1.1175871e-08	28.341532	-0.012226712	-4.9825573	0.36843228	0.015195825	0.08250824	20.0	4821.462567329407
168	94.168434	4.98486	100.0	76.0	169.94737	30.59344	14.60176	62.780758	-7.5624685	1690000	9.934108e-09	29.857004	-0.009648128	-4.835254	0.37405148	0.015038419	0.089108914	15.0	4849.586363554001
169	92.68771	8.946156	100.0	50.8	170.52632	30.28962	15.352427	62.72664	-35.19041	1700000	-3.973643e-08	35.58774	-0.0103456415	-8.047044	0.37710905	0.015126943	0.09980998	20.0	4879.275052785873
170	93.420685	5.498676	100.0	76.0	169.63792	30.67089	14.639019	61.441147	-10.3212385	1710000	1.1175871e-08	32.54194	-0.009310096	-7.206238	0.36522448	0.015071064	0.09110912	12.0	4909.144077062607
171	93.27857	6.7613063	100.0	64.0	173.41072	30.502277	14.671788	62.082283	-5.095898	1720000	-1.5677264e-08	31.798157	-0.012313242	-5.6617527	0.35991725	0.015381238	0.08810881	18.0	4936.391463279724
172	93.296555	5.258719	100.0	73.6	168.77586	30.522024	15.068938	62.299484	-13.661988	1730000	6.2088173e-10	31.104288	-0.009354914	-5.423963	0.3567399	0.015485407	0.083808385	13.0	4967.5646276474
173	93.38275	6.3435316	100.0	72.0	168.89655	31.064913	14.5748625	62.861233	-23.277712	1740000	3.7252903e-09	31.07398	-0.0078520365	-5.4043975	0.34628305	0.01521312	0.079607956	13.0	4996.431286096573
174	93.04211	6.317421	100.0	76.0	170.6842	30.564545	14.496339	61.73294	-11.68821	1750000	-6.2088173e-10	30.875784	-0.008409544	-4.387833	0.35705414	0.015229352	0.08240824	12.0	5026.106601476669
175	93.55862	4.9414167	100.0	74.0	170.0	30.519869	14.684942	60.644558	-5.505389	1760000	1.3659398e-08	28.985952	-0.012297917	-4.361422	0.3577963	0.015158783	0.087508745	31.0	5056.093681812286
176	91.03571	14.82325	100.0	-10.0	174.10715	29.999485	15.336241	63.188526	-40.482105	1770000	0.0	59.528484	-0.007502105	-18.980474	0.36012813	0.015401204	0.07660766	9.0	5087.317606687546
177	93.95518	5.110104	100.0	76.0	169.65517	30.132383	14.438114	60.029415	-6.923446	1780000	2.483527e-09	32.98146	-0.014120449	-6.7317443	0.36404303	0.015090235	0.09380937	41.0	5118.426781177521
178	93.958626	4.7676725	100.0	82.0	169.68965	31.281101	14.498518	62.94383	-16.804588	1790000	7.450581e-09	24.307093	-0.010585633	-4.265995	0.38014206	0.015851678	0.09140914	14.0	5146.828065395355
179	93.55173	5.7996798	100.0	68.0	166.7931	30.902927	14.896876	62.67491	-5.3625937	1800000	2.6077032e-08	27.674334	-0.006170646	-4.129246	0.37640825	0.01647937	0.07020702	7.0	5176.290143251419
180	93.24728	5.5504255	100.0	74.0	172.8	30.240347	15.124184	62.834846	-6.2582316	1810000	-4.346172e-08	31.145178	-0.01046954	-3.7062683	0.38194704	0.015127237	0.09110912	19.0	5202.7210648059845
181	93.167274	5.495355	100.0	80.0	174.4909	29.694872	15.263556	62.674202	-0.6015289	1820000	6.3640377e-09	29.193602	-0.008228046	-6.3672695	0.3669045	0.015428747	0.098709874	12.0	5229.3459396362305
182	94.70848	4.11567	100.0	80.0	164.1695	31.111534	14.652971	63.058365	1.1938298	1830000	-9.313226e-10	22.15537	-0.006544093	-4.996009	0.36159417	0.015728155	0.078907885	8.0	5257.563871145248
183	93.12281	6.083369	100.0	73.0	170.1228	31.412678	14.856021	63.18063	-15.001319	1840000	-4.967054e-09	31.728216	-0.007966534	-4.72847	0.3671426	0.016079208	0.07060706	8.0	5287.533648490906
184	94.19323	4.9603124	100.0	80.0	166.91525	31.320768	14.431763	62.433094	-5.1637115	1850000	-2.6697913e-08	24.231422	-0.00654807	-3.109523	0.36615348	0.015147637	0.06790679	11.0	5314.999573945999
185	93.27857	5.5908957	100.0	78.0	177.21428	30.416348	14.775215	62.92332	-14.086521	1860000	2.142042e-08	29.566675	-0.0067665274	-4.7464137	0.3726021	0.016663281	0.081108116	9.0	5343.357541561127
186	92.424995	7.3722515	100.0	72.0	173.58928	29.858618	14.963753	63.01723	-12.443433	1870000	1.7384687e-08	32.851044	-0.0077519356	-6.594511	0.36612585	0.01680187	0.07970797	7.0	5373.300845384598
187	93.43508	6.471327	100.0	68.2	169.75438	30.233637	14.735799	62.82372	-20.71506	1880000	-1.2417635e-09	30.486612	-0.0059191007	-4.8790965	0.35210872	0.015116528	0.06360636	9.0	5399.525569677353
188	94.11	5.0164294	100.0	76.0	162.26666	31.606863	14.76147	62.847504	-6.523018	1890000	2.7939677e-08	27.429846	-0.0070003183	-4.4974113	0.34702936	0.01503176	0.07770777	9.0	5428.409320116043
189	93.284744	5.010119	100.0	79.0	167.0678	31.554592	14.909736	63.053375	-1.1849709	1900000	-1.6142925e-08	27.136703	-0.00704171	-6.5747457	0.34944537	0.016066523	0.07710771	9.0	5457.64830327034
190	94.63729	4.4529138	100.0	82.0	166.35593	31.007208	14.944047	63.540466	-3.2431993	1910000	2.483527e-09	23.78466	-0.006063186	-3.3779316	0.36983958	0.015633238	0.09830984	10.0	5485.671329498291
191	94.07	5.2004905	100.0	77.8	164.03334	31.806744	14.87228	62.429207	-4.4687304	1920000	2.483527e-09	23.16387	-0.007667616	-2.842989	0.35901964	0.015537597	0.079607956	10.0	5514.549755096436
192	94.21	4.7717814	100.0	80.0	164.95	31.624323	14.951845	62.881878	0.2732941	1930000	-2.6077032e-08	20.494501	-0.011308099	-2.3062496	0.346204	0.016006138	0.091709174	35.0	5542.891943216324
193	93.555176	6.1550145	100.0	70.0	169.93103	30.931253	15.543808	63.788513	-3.5597906	1940000	4.0978193e-08	33.881813	-0.0104539925	-5.888064	0.36437163	0.015144716	0.097609766	20.0	5573.683116197586
194	94.69334	3.9580243	100.0	85.0	160.33333	31.804163	14.451338	63.90305	-6.779472	1950000	-3.1044085e-08	24.053596	-0.008153538	-3.6791084	0.35439757	0.015038855	0.08250824	18.0	5600.494952917099
195	94.57	4.388595	100.0	83.2	161.4	32.46131	14.802127	63.117332	-15.555828	1960000	8.071463e-09	20.15177	-0.011685163	-2.183054	0.33971676	0.015169819	0.08710871	29.0	5631.468055486679
196	94.73115	4.493768	100.0	80.0	160.98361	32.468838	14.654393	63.47134	-0.57461166	1970000	-4.718701e-08	21.659195	-0.012923621	-2.6455784	0.34828103	0.015120539	0.091509156	56.0	5662.196249008179
197	94.14577	4.518711	100.0	78.4	165.52542	31.816675	15.206642	64.0065	-27.938086	1980000	-8.692344e-09	29.260153	-0.008960515	-5.028774	0.35298577	0.016279092	0.08240824	12.0	5690.377153873444
198	92.633896	6.5991426	100.0	75.4	165.9661	31.539032	14.53499	64.493935	-8.632476	1990000	2.483527e-09	30.845465	-0.0070556407	-6.9333434	0.34569728	0.015113925	0.08190819	9.0	5719.77853679657
199	94.210175	4.4553413	100.0	82.0	164.55933	31.731941	14.270341	63.309402	-2.1922984	2000000	2.0178655e-08	27.674967	-0.010971539	-4.5898	0.34686336	0.01529894	0.09760976	24.0	5748.427772760391
200	93.305084	5.8356423	100.0	75.4	165.91525	31.627634	14.879003	66.85044	-7.6215734	2010000	-1.1175871e-08	28.748148	-0.008552573	-4.2971916	0.36983478	0.015148357	0.08870887	13.0	5775.96311211586
201	93.53899	5.4559255	100.0	70.0	164.84746	31.375889	14.798425	63.02091	-2.425032	2020000	2.1944288e-08	28.332117	-0.010164159	-5.1067586	0.35538962	0.015277036	0.090009004	19.0	5805.2397401332855
202	93.503334	5.0450625	100.0	80.2	164.61667	31.543911	14.846329	63.693607	-7.579221	2030000	5.5879354e-09	23.278702	-0.009429449	-3.0859826	0.36251047	0.015201823	0.0830083	14.0	5837.836787939072
203	92.85423	6.05252	100.0	76.6	167.64407	31.134497	15.056271	62.62328	-8.16186	2040000	7.916242e-09	28.891882	-0.006338166	-5.286331	0.37082458	0.016347177	0.07480747	8.0	5867.0902054309845
204	91.94334	7.068436	100.0	72.0	164.81667	31.39958	14.254283	61.412582	-9.04701	2050000	3.228585e-08	29.57218	-0.0075297095	-5.070822	0.35614	0.016562892	0.074407436	8.0	5895.458839893341
205	93.81379	5.0053577	100.0	81.4	167.27586	31.06549	14.400975	61.6524	-18.888351	2060000	2.2351742e-08	29.193861	-0.0064232093	-6.0244517	0.3652576	0.017060757	0.09840984	7.0	5923.699815750122
206	93.41052	5.135828	100.0	79.6	170.36842	31.37981	14.107178	63.306515	-10.515049	2070000	2.483527e-09	32.1447	-0.006586365	-6.5896587	0.36000362	0.015112601	0.070007004	8.0	5953.602651596069
207	93.52414	5.4621997	100.0	76.0	168.05173	30.995968	14.506686	63.2599	-19.88705	2080000	2.9802322e-08	28.015299	-0.007767882	-4.7888947	0.36269054	0.017011814	0.104810484	10.0	5982.302031755447
208	93.96271	5.109974	100.0	73.0	165.27118	31.629091	14.725198	63.505962	-10.195341	2090000	-1.3659398e-08	25.596502	-0.005716168	-3.3867729	0.3640971	0.015604794	0.08870888	8.0	6010.133013725281
209	94.44918	4.1961193	100.0	84.0	161.19672	31.906866	14.6547165	62.11614	-10.066625	2100000	1.3659398e-08	26.153702	-0.009762622	-4.0473695	0.34690967	0.015129253	0.08710871	38.0	6038.055030822754
210	93.23448	6.0850453	100.0	70.0	166.27586	31.698177	14.64613	63.358997	-4.260122	2110000	-1.8626451e-08	35.61938	-0.007914732	-8.405908	0.35067675	0.015000321	0.07040704	12.0	6067.563464164734
211	94.50848	4.2473235	100.0	80.0	165.37288	31.913858	14.0904	62.007168	-12.724157	2120000	1.7384687e-08	30.838171	-0.0073184236	-6.51886	0.36186734	0.018489366	0.0910091	12.0	6096.995905637741
212	93.52759	5.053466	100.0	79.0	169.44827	31.327469	14.8530855	63.536865	-4.502533	2130000	-1.8626451e-08	26.581108	-0.00675063	-4.3475738	0.35369375	0.015811726	0.08890889	10.0	6124.382803678513
213	94.79678	4.577856	100.0	76.6	157.85484	32.050114	14.599448	64.55464	-5.666833	2140000	-1.5599653e-08	20.566633	-0.0043357015	-3.7664607	0.3394805	0.015550412	0.07630763	9.0	6150.871702194214
214	94.28197	4.423985	100.0	83.8	161.65573	32.768364	14.622479	63.2772	0.20775259	2150000	-1.1175871e-08	24.099165	-0.00460095	-3.7862072	0.34057188	0.015460129	0.052305233	6.0	6180.660389184952
215	93.820335	5.131979	100.0	75.4	164.77966	31.953299	14.937155	63.459415	-3.8247495	2160000	-4.967054e-09	25.207268	-0.0066721276	-4.1316915	0.34420475	0.015298651	0.07040704	11.0	6209.077608585358
216	94.12333	5.1006	100.0	72.4	163.73334	31.507711	14.968777	62.47436	-1.7109016	2170000	-3.7252903e-09	26.711657	-0.0063946513	-4.841057	0.34803203	0.015439897	0.07640764	11.0	6238.620172023773
217	93.67796	4.993829	100.0	80.8	163.54237	31.85093	14.833124	63.375122	-3.437509	2180000	2.5456151e-08	21.445747	-0.0065500974	-2.756223	0.34228858	0.015134784	0.07590759	10.0	6263.582062005997
218	93.31864	5.4475765	100.0	73.6	165.62712	31.301376	15.06714	63.07938	-11.407397	2190000	0.0	27.071518	-0.0076163374	-3.7134361	0.35061774	0.015380538	0.079607956	11.0	6293.229030132294
219	92.636665	15.282953	100.0	-20.0	163.01666	31.421347	15.175724	62.294254	-25.842325	2200000	8.381903e-09	48.224564	-0.009019628	-19.366842	0.35450086	0.0150758885	0.079607956	12.0	6321.939703702927
220	93.88	4.695416	100.0	80.8	161.98334	32.130295	15.0054655	61.976826	-10.366209	2210000	-2.3283064e-08	25.116282	-0.008124859	-5.9586735	0.34839025	0.015585612	0.085408546	15.0	6351.860302448273
221	93.97705	4.7732997	100.0	75.4	159.2459	32.172165	15.059269	62.89686	-8.736048	2220000	-4.1599076e-08	21.009377	-0.006585223	-3.159825	0.35250497	0.016901465	0.08090809	10.0	6382.922240972519
222	93.72881	4.745705	100.0	80.0	164.25424	31.836132	15.246029	62.599617	-7.276383	2230000	3.0423205e-08	23.183985	-0.007859311	-3.7266018	0.35511628	0.015391107	0.08530853	10.0	6409.433656215668
223	94.21695	4.15811	100.0	86.0	163.45763	31.764341	14.804342	63.587322	-4.819071	2240000	1.1175871e-08	26.023336	-0.006364431	-2.9024773	0.3566437	0.0154436305	0.07020702	10.0	6437.730160951614
224	93.95334	5.3633776	100.0	78.0	164.35	31.675161	14.842174	63.351772	-5.8819537	2250000	4.967054e-09	27.62635	-0.0072209663	-4.0960674	0.3412907	0.015578322	0.076107614	10.0	6466.191343545914
225	93.97288	4.3132367	100.0	80.0	163.32204	31.99946	14.84304	62.80674	-6.8557887	2260000	-6.6434346e-08	25.077349	-0.006887287	-2.8757133	0.35090646	0.015021183	0.07440744	9.0	6494.842001676559
226	94.09334	6.065033	100.0	70.0	163.0	32.0739	14.484413	63.05688	2.1315138	2270000	4.967054e-09	31.597595	-0.007666821	-4.832261	0.340876	0.0151465135	0.07910791	19.0	6522.736771345139
227	94.615875	4.876676	100.0	76.6	157.77777	32.33617	14.599141	63.530666	-24.553123	2280000	-1.816079e-08	23.428925	-0.0076158554	-3.0009964	0.34648857	0.015003543	0.079307936	19.0	6551.108990430832
228	93.89179	6.3768616	100.0	59.2	160.03279	32.585804	14.889942	64.435356	-27.075287	2290000	3.7252903e-09	26.826216	-0.011639063	-5.112974	0.34539124	0.015051986	0.09050906	33.0	6579.463948011398
229	92.56551	6.519481	100.0	70.0	167.55173	31.276287	15.2534	63.09002	-5.9413123	2300000	-1.4901161e-08	34.55341	-0.011087312	-8.201161	0.34834826	0.015232231	0.09040904	21.0	6608.900033712387
230	91.5138	15.7997	100.0	-20.0	168.6207	30.6653	15.233031	61.777943	-30.948792	2310000	2.483527e-09	48.773113	-0.00993205	-16.327314	0.34927407	0.015392569	0.08610862	18.0	6638.948803901672
231	94.36667	4.346212	100.0	80.2	162.05	31.719095	14.549517	58.19396	-14.5701	2320000	4.967054e-09	28.656122	-0.00920648	-8.215149	0.355015	0.015199001	0.096909694	20.0	6667.145614624023
232	93.62951	5.531411	100.0	76.0	162.68852	32.016857	15.056831	61.69036	-8.618546	2330000	-2.3593506e-08	24.604212	-0.009483293	-4.461551	0.35899243	0.015100556	0.086608656	17.0	6695.563903331757
233	93.16896	5.4966826	100.0	79.0	166.65517	31.472359	14.953956	60.072613	-9.040488	2340000	-2.3593506e-08	26.53068	-0.006487125	-4.0938077	0.36046663	0.015826302	0.07080708	8.0	6721.859308242798
234	93.90666	5.321086	100.0	74.8	163.75	31.45121	14.591968	58.7314	-12.241023	2350000	4.967054e-09	29.894999	-0.013287925	-4.0974917	0.3605847	0.015038557	0.100410044	43.0	6751.079723358154
235	94.416664	4.222368	100.0	81.4	160.4	32.297413	14.356865	61.391144	-5.8662934	2360000	3.7252903e-09	23.31569	-0.006124807	-2.8484128	0.3675643	0.016159125	0.05890589	6.0	6780.546705722809
236	94.82295	3.7145875	100.0	88.0	159.42622	32.83825	14.429955	62.058464	0.9827063	2370000	5.2154064e-08	19.552956	-0.0056241113	-1.7050558	0.36441955	0.015112246	0.08590859	11.0	6809.009711027145
237	91.77241	14.588728	100.0	-10.0	170.32759	31.716734	14.707348	62.034515	-20.417746	2380000	-1.1175871e-08	72.062706	-0.008889466	-22.23857	0.35948467	0.015376016	0.074107416	13.0	6836.1131503582
238	94.59322	4.1428666	100.0	83.8	164.88136	30.547325	15.205842	61.979496	-17.430958	2390000	-1.3659398e-08	31.620453	-0.0071144584	-9.932373	0.36034903	0.016233599	0.075307526	10.0	6867.560067176819
239	93.30848	6.676883	100.0	71.8	165.42372	31.516584	15.013646	63.25579	-27.34368	2400000	-9.934108e-09	33.174755	-0.007462399	-11.513978	0.36797938	0.015114896	0.0721072	8.0	6895.492231845856
240	94.51865	4.59124	100.0	79.0	166.22034	31.619308	14.420984	59.07658	-5.9076004	2410000	1.2417634e-08	26.623404	-0.005485944	-4.0815988	0.37852898	0.015779221	0.0740074	10.0	6923.124528169632
241	94.183334	4.8641944	100.0	78.4	162.38333	32.2003	14.567203	62.14927	-5.287428	2420000	1.8626451e-08	26.425629	-0.010942392	-4.111973	0.3819797	0.015044558	0.08020802	24.0	6952.524584770203
242	91.69124	8.705399	100.0	58.0	173.4035	31.065578	15.024332	62.483112	-43.53313	2430000	1.4280279e-08	38.13617	-0.011834384	-8.297273	0.3761171	0.0150129935	0.084708475	25.0	6979.3918652534485
243	94.64483	4.428441	100.0	82.0	168.1207	30.73726	14.419815	59.941776	-5.159021	2440000	4.346172e-09	33.73311	-0.008036699	-5.650435	0.37745774	0.015036504	0.08940894	13.0	7006.534697771072
244	94.274574	4.6912684	100.0	80.0	164.1695	32.149143	14.3216915	62.88163	-6.7644005	2450000	-1.1175871e-08	28.862633	-0.005855508	-4.7423763	0.37035927	0.015496396	0.07140714	8.0	7035.346975564957
245	94.02414	5.9282	100.0	74.8	167.2931	31.824104	14.577057	63.085033	-4.106118	2460000	-1.6142925e-08	30.529892	-0.0055039753	-4.4470267	0.36628234	0.01607854	0.068006806	7.0	7061.180897951126
246	94.09153	5.2383623	100.0	73.6	165.79662	31.493185	14.1543255	60.856514	-3.33599	2470000	-1.4901161e-08	29.191727	-0.0072491653	-4.2718487	0.36730075	0.015727624	0.09430943	10.0	7088.82869386673
247	93.71864	5.8120995	100.0	72.0	166.61017	31.916943	14.233715	62.403526	-2.763467	2480000	-3.4148495e-09	32.574383	-0.009267797	-4.1178803	0.36219445	0.01550904	0.09010901	17.0	7118.462443351746
248	94.39655	4.570896	100.0	80.0	168.58621	31.647106	14.066204	62.21376	-16.717175	2490000	8.381903e-09	34.043705	-0.01210535	-6.9672647	0.36034164	0.015220991	0.07910791	27.0	7145.241305112839
249	94.07119	4.818153	100.0	76.0	165.94916	31.531824	14.512357	63.243942	-3.7244716	2500000	-2.6077032e-08	27.720129	-0.009666946	-3.728089	0.36232707	0.015059593	0.0929093	15.0	7173.625702857971
