Epoch	AverageEpRet	StdEpRet	MaxEpRet	MinEpRet	EpLen	AverageVVals	StdVVals	MaxVVals	MinVVals	TotalEnvInteracts	LossPi	LossV	DeltaLossPi	DeltaLossV	Entropy	KL	ClipFrac	StopIter	Time
0	-86.666664	13.616052	-53.333332	-100.0	275.6	0.05478161	0.16255838	0.6447505	-0.4554314	10000	6.053597e-08	902.3047	-0.036606018	-307.94186	3.4201329	0.013149053	0.1820182	79.0	26.658027172088623
1	-87.77777	12.619797	-40.0	-100.0	257.55554	-7.966376	2.8096616	8.517055	-8.83307	20000	3.1509746e-08	647.6214	-0.03953107	-150.36732	3.4050128	0.015071139	0.1919192	77.0	50.123035192489624
2	-89.81482	9.092951	-66.666664	-100.0	257.1111	-13.155502	3.4232633	13.567901	-14.008153	30000	-3.1044085e-09	486.52194	-0.03577676	-121.37682	3.3944871	0.01508212	0.19011901	59.0	73.53166317939758
3	-88.148155	12.283796	-46.666668	-100.0	249.30556	-15.493724	4.1025457	17.320208	-18.261854	40000	-6.170012e-09	386.93546	-0.041118592	-81.13715	3.3798275	0.012879363	0.20082009	79.0	96.97852301597595
4	-88.51852	11.288704	-53.333332	-100.0	259.1389	-17.833324	6.0432315	11.741452	-22.233315	50000	3.4148495e-09	281.81088	-0.035554364	-46.31059	3.3714714	0.01501923	0.16961695	54.0	119.72176575660706
5	-90.0	9.749961	-46.666668	-100.0	255.11111	-18.778416	6.7964005	9.637658	-25.193752	60000	7.761021e-09	222.45976	-0.031037113	-37.69707	3.3620527	0.015013653	0.17941795	43.0	142.17149448394775
6	-88.333336	10.348854	-53.333332	-100.0	260.55554	-20.094215	8.490384	11.749505	-27.89486	70000	6.208817e-09	198.51917	-0.028126135	-30.95069	3.346228	0.015163635	0.14651465	36.0	166.22536754608154
7	-89.81481	11.809822	-53.333332	-100.0	257.08334	-20.021374	9.197746	12.108336	-30.317091	80000	-6.829699e-09	202.88838	-0.033838745	-38.528015	3.3437111	0.015083873	0.17061706	44.0	188.78299474716187
8	-87.59259	15.002286	-33.333332	-100.0	260.27777	-20.604843	10.629094	13.980299	-32.7428	90000	7.450581e-09	180.8041	-0.028143456	-24.61413	3.3360507	0.015109426	0.14631464	34.0	211.36471438407898
9	-88.7037	10.519758	-60.0	-100.0	250.75	-20.763311	11.335696	9.23568	-34.660965	100000	-3.7252903e-09	162.5298	-0.040381905	-24.51393	3.3270586	0.015000456	0.19221921	77.0	236.27919840812683
10	-87.047615	13.038926	-40.0	-100.0	274.37143	-21.799746	11.599311	20.097195	-36.60224	110000	5.5879354e-09	168.3871	-0.025124528	-26.168432	3.3118887	0.015098091	0.1340134	27.0	259.9827387332916
11	-86.48148	12.017077	-53.333332	-100.0	265.41666	-21.247614	11.286783	10.240739	-38.08703	120000	-2.483527e-09	154.373	-0.03790253	-21.74986	3.3119829	0.013245505	0.18651865	79.0	283.84405279159546
12	-86.85714	11.323325	-60.0	-100.0	275.57144	-21.837475	11.994313	14.284488	-39.393234	130000	-3.7252903e-09	154.78912	-0.029215468	-27.136047	3.3034427	0.015046868	0.16991699	29.0	306.43869519233704
13	-86.111115	16.433556	-33.333332	-100.0	260.69446	-21.22606	12.071562	5.6375985	-40.477966	140000	-1.1175871e-08	142.16037	-0.043045577	-25.631187	3.294753	0.013701752	0.22872287	79.0	331.061847448349
14	-84.44444	11.86342	-46.666668	-100.0	259.6111	-21.76563	13.348752	22.90687	-41.80305	150000	-1.1175871e-08	136.48906	-0.035081435	-21.408264	3.291527	0.015045442	0.17871787	50.0	355.10459303855896
15	-85.71429	9.842295	-53.333332	-100.0	272.4	-22.24799	13.375412	11.736066	-42.9655	160000	-6.208817e-09	134.83322	-0.033068854	-30.26632	3.283553	0.015274164	0.1841184	38.0	381.1219096183777
16	-84.952385	15.560867	-40.0	-100.0	272.48572	-21.882967	12.281906	17.180656	-43.91124	170000	7.1401396e-09	146.53265	-0.039390888	-30.3478	3.2744093	0.014707071	0.21532154	79.0	406.41563272476196
17	-85.37037	16.837599	-13.333333	-100.0	264.22223	-20.909779	13.908774	13.373856	-44.747498	180000	-1.8626451e-09	137.26869	-0.04139908	-24.129358	3.2656052	0.013839886	0.21682167	79.0	431.062073469162
18	-79.595955	17.130074	-20.0	-100.0	293.45456	-22.048985	14.088927	7.5961742	-45.659645	190000	4.967054e-09	111.04882	-0.0441998	-26.112535	3.2476501	0.012328521	0.21582158	79.0	455.9795002937317
19	-86.296295	13.047345	-33.333332	-100.0	262.94446	-19.84014	14.976281	35.039486	-46.517357	200000	7.450581e-09	129.00282	-0.03688796	-27.804544	3.2215633	0.015070133	0.20052005	61.0	480.8020496368408
20	-84.7619	16.52868	-26.666666	-100.0	279.94287	-22.428082	13.69127	32.407124	-47.37984	210000	-1.8626451e-09	156.56346	-0.031703655	-34.244312	3.206906	0.015105625	0.18301828	33.0	504.70119524002075
21	-85.0	12.993351	-46.666668	-100.0	265.22223	-20.875605	14.15418	9.232442	-48.159645	220000	3.8805106e-10	122.378365	-0.04092415	-25.666136	3.1972558	0.015012137	0.22822283	62.0	530.0160522460938
22	-83.23809	13.463313	-40.0	-100.0	271.05713	-22.782911	13.673939	8.37679	-48.892597	230000	1.1175871e-08	135.67216	-0.031499725	-28.396309	3.1786978	0.015071429	0.16971697	32.0	553.9665024280548
23	-79.59048	20.640242	1.0	-100.0	275.6	-21.83437	13.79744	5.583772	-49.54809	240000	1.21071935e-08	111.5283	-0.043265287	-22.771408	3.166364	0.015002499	0.22052205	76.0	578.5935153961182
24	-78.82353	18.957853	-13.333333	-100.0	279.79413	-21.290602	14.666891	19.747957	-50.142937	250000	-2.483527e-09	137.84265	-0.028091839	-27.430182	3.1592662	0.015416876	0.17751776	23.0	603.290454864502
25	-84.5098	16.467087	-13.333333	-100.0	278.67648	-21.72359	15.211439	31.400328	-50.789276	260000	-7.450581e-09	108.329094	-0.04107024	-27.156654	3.1312435	0.015114059	0.22252226	63.0	628.5447311401367
26	-79.59596	19.621977	-6.6666665	-100.0	290.75757	-23.74641	13.65349	4.6621594	-51.15783	270000	-2.483527e-09	133.40854	-0.04456609	-29.504942	3.119612	0.015067693	0.21452145	75.0	652.2322554588318
27	-80.89899	25.462786	37.0	-100.0	294.0909	-20.743967	13.618537	8.132782	-51.459446	280000	-2.483527e-09	127.9197	-0.031855356	-26.381662	3.1035402	0.015056901	0.18731873	31.0	677.4590284824371
28	-78.883835	23.4442	23.5	-100.0	283.63635	-21.032673	14.519166	16.72961	-52.017673	290000	1.2417634e-08	148.46288	-0.038547993	-29.784645	3.0914822	0.015091892	0.20182018	47.0	700.6716685295105
29	-77.45098	20.45334	-6.6666665	-100.0	280.5	-20.869526	14.455969	11.635751	-52.56426	300000	-1.8626451e-09	130.03682	-0.04140256	-30.848244	3.0831425	0.015053979	0.2211221	64.0	725.3051614761353
30	-79.803925	22.951231	-6.6666665	-100.0	286.29413	-21.509293	15.508327	11.954382	-53.21937	310000	-7.450581e-09	138.66243	-0.0267246	-28.745644	3.0597095	0.015267431	0.16481648	22.0	749.0643208026886
31	-79.17059	23.19304	8.2	-100.0	280.94116	-21.602543	14.983375	7.1740975	-53.784847	320000	-2.2506963e-09	122.223915	-0.04637447	-34.746548	3.051439	0.01484722	0.23162317	79.0	774.4586229324341
32	-79.69904	22.23982	17.2	-100.0	281.8857	-20.122713	15.5548315	11.021749	-54.15105	330000	-3.9775236e-09	165.11896	-0.04472432	-47.881775	3.0346212	0.014947268	0.24372436	79.0	799.854611158371
33	-77.49048	21.645664	14.5	-100.0	274.54285	-21.35243	16.336061	30.173443	-54.597992	340000	1.21071935e-08	148.98349	-0.03384233	-41.354576	3.0047147	0.015062611	0.18681867	33.0	824.8536245822906
34	-77.475	25.028427	20.8	-100.0	290.1875	-21.34935	14.28786	16.091244	-54.84406	350000	3.0267984e-09	169.10332	-0.027109964	-50.985035	2.9909573	0.015088002	0.18691869	24.0	848.7025835514069
35	-78.14142	27.039692	28.0	-100.0	286.45456	-20.28268	16.083586	34.12284	-55.351402	360000	-4.967054e-09	177.17223	-0.033855513	-51.460926	2.9906843	0.015014374	0.21012099	35.0	873.2725629806519
36	-75.14375	26.791279	15.4	-100.0	295.0625	-20.448278	14.468914	14.160979	-55.641266	370000	1.2417635e-09	129.06514	-0.027425015	-30.168617	2.9873354	0.015253	0.1891189	21.0	894.8803102970123
37	-73.75784	28.078226	37.0	-100.0	287.0	-21.252905	14.991882	12.443179	-56.00864	380000	-1.2495245e-08	145.08815	-0.0332605	-36.859364	2.985957	0.015046573	0.20852084	33.0	918.143100976944
38	-73.31979	31.452255	28.0	-100.0	290.1875	-19.353308	15.51642	13.618345	-56.281967	390000	-8.692344e-09	150.11842	-0.03671255	-38.864933	2.9582462	0.015003511	0.2069207	45.0	945.7882220745087
39	-72.314285	36.95923	58.6	-100.0	276.2	-18.924925	15.361312	23.291862	-56.007545	400000	0.0	163.94281	-0.01932154	-39.893288	2.946397	0.015477724	0.19111912	12.0	969.1885557174683
40	-73.907074	27.770704	18.1	-100.0	297.60605	-20.572233	16.162457	27.766525	-56.636276	410000	7.2953603e-09	189.56104	-0.023219801	-52.708538	2.9145517	0.015424378	0.15431543	16.0	993.455602645874
41	-70.84608	30.606663	26.2	-100.0	279.2647	-19.771694	14.71455	11.744044	-56.104443	420000	3.1044085e-09	174.00038	-0.031161198	-55.194077	2.89151	0.015091921	0.20342036	24.0	1016.8959746360779
42	-70.91313	33.163696	55.9	-100.0	294.27274	-21.05241	15.242077	16.01559	-56.87666	430000	-5.5879354e-09	186.23799	-0.033651937	-55.755295	2.8728342	0.015040058	0.20342034	33.0	1038.6541352272034
43	-70.56207	26.116405	10.9	-100.0	329.48276	-19.643528	15.384267	30.331158	-57.433804	440000	2.483527e-09	192.0144	-0.027246283	-65.56805	2.8649628	0.015057103	0.16331634	21.0	1063.977148771286
44	-68.91354	38.268993	54.1	-100.0	293.34375	-17.045067	12.955083	15.108293	-56.688454	450000	-3.7252903e-09	209.63422	-0.04806116	-86.29162	2.847648	0.013145309	0.24962497	79.0	1088.7069876194
45	-69.37	28.042292	19.9	-93.333336	310.83334	-18.128654	15.807462	18.784779	-57.79641	460000	8.071463e-09	181.89787	-0.020704128	-67.50453	2.8111765	0.015682148	0.19111912	14.0	1111.0122332572937
46	-69.45417	26.728806	19.9	-93.333336	302.5	-19.505922	13.138661	20.319923	-57.255028	470000	5.5879354e-09	184.43929	-0.03214768	-66.52352	2.787857	0.01501197	0.18931894	28.0	1133.3514127731323
47	-68.04138	33.591606	37.9	-93.333336	324.93103	-19.502014	13.957735	13.812237	-57.168247	480000	9.313226e-09	173.67268	-0.031345114	-60.568607	2.7677052	0.015057829	0.18481849	30.0	1157.386543750763
48	-64.933334	32.363308	35.2	-93.333336	311.09677	-17.218699	11.790436	13.883951	-55.868656	490000	1.2417635e-09	199.46106	-0.026053675	-68.0439	2.7549388	0.015163547	0.17761777	23.0	1181.2037515640259
49	-68.15778	30.326014	49.6	-93.333336	309.4	-18.280363	13.005407	14.120775	-57.70452	500000	0.0	171.41858	-0.028520323	-52.40862	2.7447836	0.015083633	0.17991799	27.0	1203.7198541164398
50	-68.73646	24.85345	27.1	-93.333336	308.15625	-18.751345	12.0626745	9.891205	-57.680447	510000	-1.2417635e-09	163.36665	-0.03333954	-43.961475	2.7401686	0.015178579	0.20122011	40.0	1229.195393562317
51	-67.03125	32.169308	38.8	-100.0	291.125	-18.51305	11.598437	7.1887794	-57.268234	520000	7.450581e-09	209.01076	-0.02115514	-83.792274	2.7393816	0.015182489	0.13271327	13.0	1250.8258633613586
52	-60.383907	32.807884	37.9	-100.0	323.2414	-18.829725	14.085373	12.6448965	-58.429913	530000	-5.2774944e-09	185.80318	-0.0296951	-64.84881	2.700532	0.0150600495	0.17261727	28.0	1273.6985704898834
53	-69.1589	25.739527	10.9	-93.333336	314.9	-17.3693	12.43494	11.095139	-55.995186	540000	8.071463e-09	159.75893	-0.02574949	-46.353638	2.6952484	0.015035308	0.18231823	21.0	1298.0192520618439
54	-65.799995	34.36772	58.6	-93.333336	312.67743	-19.273714	12.4284935	10.432284	-57.271152	550000	1.4901161e-08	158.50514	-0.022273796	-39.632442	2.6847727	0.0151551515	0.16911691	19.0	1321.6301763057709
55	-67.08214	26.324781	21.7	-100.0	340.42856	-17.375832	13.544885	15.619202	-55.626213	560000	-7.450581e-09	157.39287	-0.02906734	-40.771538	2.6711206	0.015425868	0.20252025	27.0	1343.3501143455505
56	-66.31494	34.51266	62.2	-93.333336	316.7586	-16.703613	11.195468	10.509249	-54.49457	570000	4.656613e-10	139.90813	-0.03550892	-44.426502	2.6168873	0.015074238	0.1760176	41.0	1366.552829504013
57	-64.0131	30.246658	31.6	-93.333336	334.35715	-18.179153	13.0849495	12.051413	-55.604538	580000	-5.5879354e-09	141.35408	-0.037975844	-42.5161	2.6234534	0.015133643	0.20252025	45.0	1388.9293599128723
58	-63.75778	32.222336	37.9	-100.0	314.6	-16.824215	12.006664	11.1251745	-54.283295	590000	1.2417634e-08	207.68365	-0.03961089	-66.716484	2.6267915	0.015073139	0.2148215	55.0	1412.6463632583618
59	-64.809875	35.316814	29.8	-93.333336	341.85184	-16.21864	11.998476	24.049665	-56.2662	600000	1.2417635e-09	163.4918	-0.028449455	-53.35909	2.596352	0.015101274	0.1809181	26.0	1434.0215237140656
60	-55.241665	39.959694	51.4	-93.333336	324.5357	-17.144499	12.262281	13.513968	-58.65968	610000	-5.3939098e-09	173.46582	-0.029093819	-47.415173	2.5675802	0.015090685	0.170017	29.0	1457.7254803180695
61	-65.610756	30.814484	47.8	-93.333336	315.6129	-15.053095	11.907077	13.105401	-57.374718	620000	1.2417634e-08	213.2076	-0.028665818	-60.537365	2.508011	0.015035392	0.18021803	29.0	1482.2933239936829
62	-55.024693	35.452843	52.3	-93.333336	362.81482	-17.73436	11.677121	20.0249	-56.293144	630000	3.7252903e-09	182.86548	-0.027054867	-72.2258	2.4953191	0.015513557	0.15571557	20.0	1507.2177946567535
63	-62.450005	31.656359	27.1	-93.333336	337.82144	-13.521197	11.511532	13.149227	-51.896393	640000	-1.2417634e-08	162.56041	-0.02228109	-45.34847	2.4933176	0.015329972	0.15131514	18.0	1530.75625705719
64	-64.19881	28.628342	13.6	-100.0	339.42856	-14.94461	11.654727	11.513052	-51.608788	650000	-1.1796753e-08	162.04414	-0.023455122	-41.738125	2.481554	0.01528892	0.17131715	17.0	1552.5301167964935
65	-57.337185	35.05503	46.9	-93.333336	355.73077	-15.578307	11.855098	13.415186	-55.956642	660000	7.450581e-09	163.67403	-0.01621524	-39.749203	2.4685254	0.015745934	0.1741174	12.0	1578.6644005775452
66	-63.194252	28.189327	28.0	-93.333336	334.6207	-14.896874	11.196905	12.47815	-49.239994	670000	-4.4237822e-09	155.06848	-0.030565828	-33.335148	2.4313262	0.01500575	0.18021803	34.0	1604.4838619232178
67	-62.852383	30.84804	52.3	-93.333336	337.92856	-15.832855	10.308756	10.140445	-53.058784	680000	-9.934108e-09	171.51167	-0.022281354	-36.35514	2.4286168	0.015259498	0.15711571	20.0	1627.3793082237244
68	-57.14405	40.74799	66.7	-100.0	351.0357	-15.154825	10.847644	12.367756	-54.059826	690000	-1.1175871e-08	182.90173	-0.020591142	-55.90498	2.3853617	0.015087363	0.15441544	17.0	1652.2335846424103
69	-55.27407	34.081234	41.5	-93.333336	355.96295	-13.807251	12.386063	16.944977	-50.808292	700000	4.967054e-09	175.81104	-0.030522645	-42.19094	2.3690598	0.015301377	0.1739174	32.0	1674.7036304473877
70	-56.39655	35.740074	53.2	-86.666664	334.3793	-15.041604	11.067881	11.765476	-48.95746	710000	4.967054e-09	173.05365	-0.02583476	-47.579327	2.3651702	0.015030861	0.17141713	22.0	1701.255248785019
71	-54.52692	30.039606	37.0	-93.333336	378.84616	-13.635625	13.417247	13.321748	-54.045116	720000	-4.967054e-09	152.4261	-0.02614995	-47.262848	2.3521092	0.0150753865	0.17381738	25.0	1725.9763660430908
72	-50.46154	41.363068	47.8	-86.666664	366.76923	-14.170144	10.851046	10.815588	-48.609737	730000	1.47459405e-08	188.94719	-0.02571211	-53.489666	2.3454857	0.015148754	0.16911691	19.0	1747.2462077140808
73	-53.027157	39.397385	71.2	-86.666664	358.25925	-12.493941	11.371203	12.466324	-54.05942	740000	3.1044085e-09	166.40947	-0.024961837	-32.991165	2.3258972	0.015135132	0.1480148	22.0	1770.6452627182007
74	-53.67901	34.830357	47.8	-86.666664	359.2963	-12.749584	11.012904	14.9742	-42.48399	750000	-6.2088173e-10	158.86159	-0.02951008	-50.09962	2.3085134	0.015238223	0.16241623	32.0	1794.2052783966064
75	-58.161537	33.605686	38.8	-86.666664	362.69232	-12.782606	11.731923	11.664618	-48.69189	760000	-1.8626451e-08	205.55383	-0.029450322	-67.41769	2.2994678	0.0152620375	0.18151815	28.0	1816.0080544948578
76	-53.86282	39.733856	34.3	-100.0	359.76923	-14.989337	11.238354	10.871152	-52.380993	770000	-8.692344e-09	165.70805	-0.028482623	-47.89021	2.2586153	0.01516516	0.15621562	29.0	1838.9926521778107
77	-56.48395	41.039047	55.0	-100.0	353.7037	-12.836845	10.767749	12.972527	-44.534393	780000	-8.381903e-09	190.68025	-0.017820219	-49.170223	2.2538412	0.015034206	0.17551756	14.0	1861.3883843421936
78	-48.973915	41.94439	61.3	-80.0	398.17392	-13.761096	12.585226	16.534159	-55.690384	790000	-1.8626451e-09	189.75903	-0.025160747	-77.91422	2.2439947	0.015564867	0.16471648	19.0	1884.6720607280731
79	-49.970665	40.141666	58.6	-100.0	379.96	-9.851233	10.4946375	12.550137	-42.88779	800000	2.483527e-09	195.62602	-0.018306134	-61.51472	2.2211707	0.015280866	0.12431242	15.0	1905.8972582817078
80	-57.226925	36.0331	34.3	-100.0	354.34616	-12.463589	11.390221	12.01377	-48.695816	810000	1.2417635e-09	188.00545	-0.02227421	-55.711277	2.1837962	0.015269493	0.13831383	20.0	1929.7070789337158
81	-55.577778	38.06727	47.8	-86.666664	403.54166	-12.950229	11.351088	26.464851	-49.560776	820000	9.934108e-09	151.1002	-0.026418447	-59.049778	2.2102442	0.015103656	0.16171618	22.0	1956.7845740318298
82	-55.656002	30.6001	51.4	-80.0	390.72	-11.759305	11.620845	22.519133	-54.390762	830000	-3.7252903e-09	184.78105	-0.03595719	-68.33166	2.1877878	0.015039648	0.17911792	40.0	1979.1135535240173
83	-55.158024	34.61191	54.1	-100.0	350.5926	-13.101914	9.411184	12.725165	-43.003212	840000	7.761021e-09	161.56577	-0.0400733	-54.24249	2.1545818	0.015084953	0.19671966	66.0	2003.418937444687
84	-53.521214	38.699356	58.6	-93.333336	392.86365	-13.291722	11.265632	13.117838	-52.506145	850000	2.483527e-09	134.84729	-0.02863202	-44.14807	2.188259	0.015152238	0.17921792	24.0	2026.4202132225037
85	-50.227997	40.21864	60.4	-86.666664	389.44	-11.979285	10.229792	12.416869	-45.264194	860000	0.0	150.55142	-0.020617792	-44.3929	2.1763008	0.0151054235	0.15341534	17.0	2048.536482334137
86	-51.6971	41.525375	54.1	-93.333336	394.13043	-11.892848	11.079898	12.700877	-43.379673	870000	-7.450581e-09	138.91283	-0.025414983	-46.078075	2.1808546	0.015223258	0.17251725	20.0	2072.8012540340424
87	-43.468117	41.6459	52.3	-93.333336	410.34784	-10.624309	11.041545	16.51561	-45.432148	880000	6.2088173e-10	132.6585	-0.023997314	-41.44373	2.1560295	0.015298471	0.15311532	19.0	2095.3484852313995
88	-41.55714	47.41347	64.9	-93.333336	408.1905	-10.13975	9.464268	11.294119	-48.37574	890000	-4.967054e-09	146.01207	-0.030869447	-48.64131	2.1857193	0.015138234	0.19761978	30.0	2119.711410999298
89	-49.205555	40.716507	61.3	-86.666664	378.58334	-8.735851	10.427479	14.869456	-43.345337	900000	1.2417634e-08	171.04698	-0.0366758	-50.514065	2.0864868	0.0150242075	0.19771977	49.0	2145.0107276439667
90	-52.052174	41.526722	64.9	-93.333336	386.17392	-10.363571	10.6566105	16.051414	-41.30592	910000	0.0	146.64424	-0.028252622	-54.13966	2.1184244	0.01507615	0.16741674	25.0	2168.1308012008667
91	-49.123184	42.18347	58.6	-93.333336	418.0	-11.306088	11.118443	11.827096	-50.671432	920000	-2.483527e-09	144.76176	-0.029595166	-56.418385	2.1360178	0.01514678	0.17781778	27.0	2193.7034389972687
92	-49.353844	42.589314	60.4	-86.666664	370.3846	-11.611932	11.05584	11.128315	-49.07079	930000	-8.692344e-09	143.44234	-0.02693216	-43.26654	2.0314357	0.015386321	0.16881688	28.0	2218.835084438324
93	-52.149277	35.711037	43.3	-86.666664	405.78262	-11.133121	12.242205	12.73685	-44.561054	940000	1.3116126e-08	112.141426	-0.03348319	-38.54521	2.0616748	0.015020453	0.1880188	35.0	2243.938652276993
94	-43.979168	48.687077	85.6	-93.333336	374.95834	-13.2475815	9.8369465	10.260251	-49.430878	950000	2.4835268e-08	145.68724	-0.034834854	-51.22859	2.0261424	0.015004699	0.18821883	39.0	2269.1575446128845
95	-45.440907	33.518543	63.1	-86.666664	433.86365	-9.321406	11.864804	18.912401	-44.538937	960000	-4.967054e-09	124.69724	-0.033575032	-50.06302	2.061904	0.015190882	0.17211719	32.0	2293.553172826767
96	-48.223614	44.47377	74.8	-93.333336	380.41666	-10.239514	8.599736	15.226819	-47.69453	970000	1.2417634e-08	162.13489	-0.04075491	-47.5089	2.0363367	0.015073627	0.2051205	66.0	2320.0795905590057
97	-50.458332	39.391254	67.6	-93.333336	355.70834	-10.181884	11.120389	15.411798	-49.557907	980000	2.483527e-09	168.05603	-0.02457864	-43.771687	2.0467026	0.015459675	0.14241423	19.0	2345.524492263794
98	-50.30303	38.724545	59.5	-93.333336	397.31818	-11.299937	11.213741	21.859497	-55.025436	990000	-3.7252903e-09	144.8465	-0.017435132	-49.91609	2.048897	0.015419409	0.12021202	11.0	2367.7038509845734
99	-42.603844	40.93816	67.6	-86.666664	373.23077	-11.1095705	9.284461	18.09132	-54.72571	1000000	-9.934108e-09	171.451	-0.024537439	-56.94096	1.9866961	0.015015637	0.16771679	23.0	2391.180015563965
100	-43.75	40.02402	51.4	-93.333336	424.68182	-9.1430025	11.449437	19.509026	-59.656536	1010000	-1.27280755e-08	180.6361	-0.036266	-64.61079	1.9755516	0.015054074	0.18301831	47.0	2415.283257484436
101	-50.18406	37.752377	64.9	-86.666664	401.26086	-10.121577	10.82373	16.748186	-46.45388	1020000	2.483527e-09	130.07808	-0.032008085	-44.299488	1.9407982	0.01507485	0.17811781	33.0	2437.125927209854
102	-43.943478	36.434784	44.2	-86.666664	408.17392	-11.292343	10.169163	15.262987	-51.115376	1030000	1.0399769e-08	165.5731	-0.020405129	-64.38509	1.9545374	0.015229497	0.15381539	16.0	2459.772602558136
103	-41.891666	45.712513	64.0	-86.666664	403.20834	-10.248193	10.852244	14.48441	-59.785355	1040000	4.967054e-09	152.79576	-0.038456786	-48.32256	1.9217263	0.015131508	0.19561957	48.0	2483.815536737442
104	-50.753624	38.72183	61.3	-93.333336	396.43478	-8.456208	11.658335	18.1511	-60.232822	1050000	1.8626451e-09	178.15407	-0.036991455	-59.449566	1.9198655	0.015050795	0.17931794	42.0	2510.2364778518677
105	-46.936237	43.68941	48.7	-100.0	389.73914	-11.59667	10.73471	17.526932	-48.186752	1060000	-6.2088173e-10	163.16896	-0.024284037	-47.222652	1.8787007	0.015152846	0.15901591	20.0	2534.0908432006836
106	-44.066666	39.092987	62.2	-86.666664	401.73914	-11.549541	10.52309	15.027375	-45.0304	1070000	1.2417634e-08	139.8991	-0.02488809	-58.727467	1.8804384	0.015018295	0.16291629	24.0	2558.7058532238007
107	-48.468185	37.92972	57.7	-86.666664	419.0909	-10.093386	10.504581	13.500668	-40.552994	1080000	-1.2417635e-09	113.13583	-0.022243952	-43.586628	1.8836946	0.015112837	0.1560156	16.0	2581.4742164611816
108	-41.158337	42.557438	65.8	-86.666664	382.66666	-11.287595	9.517724	11.754608	-39.2947	1090000	7.450581e-09	159.4165	-0.026574194	-49.53188	1.8043518	0.015252269	0.16261625	26.0	2608.6146194934845
109	-51.974598	33.871696	29.8	-86.666664	441.2857	-9.976625	12.117958	18.24346	-42.929462	1100000	3.1044085e-09	137.30556	-0.021359166	-61.362995	1.8532535	0.015241039	0.14601462	15.0	2632.604590654373
110	-43.310608	28.611485	16.0	-73.333336	420.04544	-10.812949	8.773238	11.841633	-47.954468	1110000	-6.208817e-09	143.06853	-0.02465556	-60.39278	1.8077407	0.015090781	0.15531553	19.0	2656.039700269699
111	-47.02361	40.13312	62.2	-86.666664	379.375	-10.748937	10.711239	14.586542	-46.17423	1120000	-7.450581e-09	170.5382	-0.03742555	-55.074795	1.7884773	0.0150011955	0.19591959	60.0	2681.138261079788
112	-49.694668	39.070473	55.0	-86.666664	376.0	-11.910445	10.212144	13.026406	-40.282986	1130000	4.967054e-09	155.98277	-0.023491368	-57.09791	1.7446461	0.015365149	0.13731372	20.0	2703.477155447006
113	-41.458668	42.55346	71.2	-86.666664	379.44	-12.7512	11.6757145	13.408395	-57.836777	1140000	-1.3969839e-09	166.96906	-0.025120907	-61.686314	1.7541933	0.01518838	0.14081408	22.0	2728.130355834961
114	-44.844006	39.076973	57.7	-86.666664	384.68	-10.826143	12.500442	16.613794	-51.872032	1150000	1.9868216e-08	140.95488	-0.031320322	-41.1639	1.7296942	0.015257892	0.18121813	34.0	2752.022211074829
115	-42.988403	47.644054	69.4	-86.666664	387.47827	-11.734031	11.851488	15.221993	-41.951622	1160000	3.1044085e-09	167.21797	-0.04105933	-58.4854	1.7709025	0.012532589	0.2192219	79.0	2778.1417446136475
116	-43.723186	41.515408	73.0	-86.666664	384.73914	-10.695856	11.9427	18.114902	-48.00076	1170000	1.7695129e-08	153.84908	-0.029794017	-53.225082	1.7769841	0.015265177	0.17311732	28.0	2800.6717088222504
117	-43.778263	44.38118	70.3	-93.333336	396.65216	-10.071455	11.803473	20.2389	-42.198288	1180000	1.8626451e-09	132.50438	-0.018333882	-40.122906	1.76334	0.015369664	0.1491149	13.0	2824.797446012497
118	-48.321735	43.034306	62.2	-86.666664	396.91306	-10.360635	11.460387	15.481659	-42.5684	1190000	-3.919316e-09	136.82243	-0.035391815	-48.65627	1.7480837	0.015028001	0.18841885	42.0	2848.127941131592
119	-46.166668	37.381397	50.5	-93.333336	412.13635	-10.283923	11.777673	15.364911	-40.584274	1200000	0.0	116.892815	-0.018441342	-43.406628	1.7645987	0.015188824	0.12151215	11.0	2871.213761329651
120	-49.572002	40.19668	77.5	-93.333336	384.84	-10.574516	10.083627	13.796239	-46.89517	1210000	8.071463e-09	161.46632	-0.013523403	-54.293987	1.7399503	0.015786367	0.10941094	9.0	2895.0509321689606
121	-45.761337	44.353767	71.2	-93.333336	373.32	-12.436066	11.787239	13.588957	-62.084633	1220000	6.2088173e-10	136.08466	-0.030327642	-38.68442	1.7243992	0.015181935	0.17811781	26.0	2918.684017896652
122	-45.241333	41.376686	63.1	-86.666664	382.84	-11.7763605	12.103682	18.022049	-59.415405	1230000	-4.967054e-09	175.23254	-0.030075297	-50.653797	1.7290052	0.015115843	0.16231622	32.0	2942.30065369606
123	-40.174244	41.61729	61.3	-80.0	398.81818	-10.735016	11.164783	15.998492	-59.974243	1240000	4.967054e-09	140.67479	-0.019501027	-45.452682	1.7570359	0.015428941	0.1190119	13.0	2965.9880390167236
124	-38.327538	45.735046	95.5	-80.0	394.21738	-10.2848625	10.860042	17.652702	-44.867004	1250000	-9.313226e-09	136.53929	-0.036057793	-46.736126	1.7641039	0.015087823	0.1820182	40.0	2991.398755311966
125	-41.640278	45.09713	85.6	-80.0	392.08334	-10.379161	11.105012	19.568811	-34.642666	1260000	-6.208817e-09	133.2748	-0.026208483	-44.30962	1.704227	0.015316163	0.14451446	23.0	3015.3392782211304
126	-42.069565	38.732803	66.7	-73.333336	404.30435	-10.10534	12.471862	19.444803	-47.958553	1270000	8.071463e-09	134.3502	-0.025106577	-44.48225	1.6633291	0.015053091	0.14371437	25.0	3038.9215478897095
127	-38.366665	42.927708	73.0	-93.333336	382.875	-11.916408	11.665183	17.46213	-46.501663	1280000	4.967054e-09	169.79912	-0.02191472	-63.753315	1.619524	0.015046183	0.1529153	20.0	3062.028952598572
128	-45.926388	45.30073	70.3	-86.666664	397.125	-9.150062	10.725333	18.668335	-36.76521	1290000	-1.2417634e-08	159.27602	-0.035094228	-41.763542	1.6574006	0.015094463	0.18891889	47.0	3089.4046516418457
129	-41.608334	40.231792	76.6	-86.666664	394.20834	-10.776108	11.956242	18.688156	-46.722847	1300000	4.967054e-09	122.93401	-0.040437017	-46.568104	1.6503195	0.012640175	0.19981998	79.0	3113.8846740722656
130	-40.565277	43.55605	69.4	-93.333336	388.625	-10.957009	10.235856	16.445164	-43.623146	1310000	-1.7510805e-08	172.61157	-0.025263831	-53.466045	1.6600736	0.01516492	0.14381438	23.0	3142.306391954422
131	-38.598667	45.128384	79.3	-86.666664	381.72	-11.132943	11.462851	18.817167	-42.493958	1320000	-6.208817e-09	144.58513	-0.026047265	-42.094795	1.6200342	0.015313204	0.15471546	21.0	3166.012264728546
132	-36.926983	45.862762	77.5	-86.666664	423.7619	-10.765274	12.273925	19.681866	-48.40125	1330000	-1.3659398e-08	138.89423	-0.020372154	-45.878284	1.6634073	0.015083455	0.15341534	15.0	3188.151658296585
133	-42.972	41.155743	67.6	-86.666664	392.84	-9.502377	11.447724	17.0391	-39.92862	1340000	-1.7384687e-08	127.19004	-0.02442359	-37.748158	1.6748527	0.015007296	0.14761476	20.0	3213.5478060245514
134	-38.620632	43.933002	81.1	-86.666664	421.0476	-10.896886	11.4434185	18.467163	-40.74275	1350000	-6.829699e-09	145.51427	-0.021838993	-47.88841	1.6981707	0.015493604	0.14921492	16.0	3235.3542001247406
135	-38.31515	41.739933	70.3	-86.666664	430.77274	-10.626015	11.918316	17.334213	-43.941475	1360000	1.5522043e-09	134.5951	-0.02340129	-50.27664	1.6793355	0.015388531	0.1579158	18.0	3259.2410657405853
136	-43.84058	40.06127	57.7	-80.0	407.6087	-9.394284	10.223384	16.41519	-40.57034	1370000	2.4835268e-08	127.7555	-0.026593009	-42.351845	1.6561847	0.015341434	0.15571557	24.0	3285.1530838012695
137	-43.024635	39.69399	50.5	-86.666664	405.69565	-10.513489	11.259224	18.416895	-42.47057	1380000	-1.1796753e-08	106.26355	-0.022660837	-33.769184	1.6832467	0.015584436	0.15661567	16.0	3308.5768921375275
138	-44.89861	47.020397	82.0	-93.333336	370.75	-10.800563	10.136956	15.033587	-39.985687	1390000	-1.7384687e-08	165.72693	-0.037484247	-54.686108	1.6477073	0.015012513	0.19321932	73.0	3334.1048624515533
139	-38.762665	41.422283	73.0	-93.333336	383.84	-12.884691	11.694466	19.5503	-43.59748	1400000	1.1796753e-08	172.53313	-0.039818835	-57.361298	1.5797958	0.011755079	0.19411941	79.0	3362.9120874404907
140	-38.566666	42.414715	55.0	-93.333336	445.2857	-8.7236	11.215161	19.06272	-48.364853	1410000	4.967054e-09	135.60948	-0.02827329	-49.912567	1.644518	0.015110767	0.16571657	26.0	3387.8097920417786
141	-43.007576	43.881077	66.7	-93.333336	420.68182	-8.771066	10.048402	14.509672	-46.3546	1420000	1.4901161e-08	142.95624	-0.021732835	-55.72235	1.617952	0.015337717	0.12361237	16.0	3411.1583545207977
142	-39.751514	41.96344	68.5	-86.666664	427.81818	-10.142522	9.975201	17.687716	-36.468872	1430000	-4.967054e-09	122.88993	-0.025485693	-40.32244	1.620595	0.015032742	0.18331833	20.0	3437.255024433136
143	-41.11449	41.20848	64.9	-86.666664	392.17392	-10.182669	10.442769	14.962454	-39.754913	1440000	-9.934108e-09	182.27356	-0.0133995665	-78.214714	1.6286721	0.0153182475	0.08980898	9.0	3459.624965906143
144	-37.068115	43.277275	59.5	-93.333336	407.9565	-8.972012	11.058795	17.88213	-61.47317	1450000	-2.483527e-09	179.98683	-0.019821763	-65.290474	1.6732297	0.015012813	0.12871288	15.0	3485.718393087387
145	-36.6875	42.385975	64.9	-86.666664	386.91666	-9.97516	9.530648	15.082283	-49.23613	1460000	4.967054e-09	185.88924	-0.03665778	-53.93475	1.6422998	0.015089628	0.19001901	47.0	3512.0446059703827
146	-39.8127	39.913013	67.6	-80.0	422.14285	-9.7367	12.138941	18.391703	-58.55015	1470000	1.2417635e-09	196.11786	-0.03132566	-92.423615	1.651899	0.015010924	0.17961796	31.0	3534.5447113513947
147	-39.590668	38.036373	63.1	-93.333336	386.24	-10.840838	11.709982	18.627676	-45.89784	1480000	1.2417634e-08	170.72893	-0.015828587	-63.666565	1.5858649	0.015528888	0.12251225	10.0	3559.539845228195
148	-41.059727	37.358425	56.8	-80.0	391.33334	-9.338372	10.560336	17.96606	-45.991444	1490000	4.967054e-09	144.80067	-0.01612068	-49.07784	1.6259929	0.015057123	0.1340134	12.0	3582.856091737747
149	-34.292065	48.02087	88.0	-80.0	437.2857	-10.212793	11.298466	16.23633	-59.913395	1500000	2.483527e-09	152.03717	-0.0180561	-57.653446	1.6794066	0.015269284	0.1330133	13.0	3607.0208942890167
150	-40.13478	41.87919	55.9	-93.333336	397.56522	-8.38674	9.674265	15.054918	-47.56696	1510000	-3.1044085e-09	141.43059	-0.030579925	-36.98676	1.6362289	0.015025392	0.16691668	40.0	3635.215831041336
151	-35.90159	43.66335	63.1	-86.666664	438.09525	-8.8647375	9.536426	15.385689	-36.82803	1520000	-2.0954758e-09	97.42979	-0.032094587	-35.175156	1.669916	0.015230622	0.1660166	27.0	3661.263256788254
152	-35.54091	46.205868	74.8	-93.333336	405.45456	-8.90614	10.356209	16.844023	-47.217106	1530000	1.2417635e-09	141.82123	-0.027030801	-42.964245	1.6009358	0.015410152	0.15821582	27.0	3682.20241189003
153	-36.580307	46.29156	73.9	-86.666664	418.45456	-7.965543	10.281694	19.509346	-35.150867	1540000	1.5211603e-08	146.1944	-0.021330541	-62.277973	1.6213571	0.015721517	0.1580158	14.0	3708.1569635868073
154	-44.91364	40.212738	70.3	-93.333336	417.18182	-7.5045767	11.948957	20.436874	-59.52487	1550000	-2.483527e-09	164.31921	-0.03094905	-55.81856	1.6111959	0.015014678	0.18491848	33.0	3731.4764442443848
155	-36.99697	45.70054	78.4	-86.666664	411.13635	-9.84391	9.872865	15.25836	-59.17597	1560000	9.934108e-09	174.59438	-0.030043745	-54.219543	1.5978069	0.015038415	0.17401738	27.0	3755.6316378116608
156	-34.56232	42.929817	72.1	-73.333336	419.17392	-9.172089	10.343434	16.538393	-52.86315	1570000	-1.8626451e-08	154.08136	-0.024539283	-50.474773	1.5793748	0.015438564	0.16181618	22.0	3780.118566274643
157	-30.147617	41.901516	73.9	-73.333336	448.33334	-9.084526	11.320054	19.440416	-45.26959	1580000	-4.967054e-09	132.89313	-0.024555951	-39.837276	1.584637	0.015159254	0.15581559	20.0	3803.8311767578125
158	-29.887878	41.920605	60.4	-80.0	415.95456	-8.849807	10.48335	20.566717	-50.19418	1590000	6.208817e-09	130.06107	-0.03118883	-42.031597	1.5849205	0.015123052	0.17881788	40.0	3827.393397331238
159	-34.70303	45.42656	66.7	-100.0	411.36365	-7.4507866	10.189852	20.890293	-47.934174	1600000	0.0	188.9607	-0.019428017	-56.822918	1.5659184	0.015474092	0.1319132	18.0	3849.9754033088684
160	-24.674242	45.70794	78.4	-80.0	424.31818	-9.076887	11.71864	19.248247	-54.559044	1610000	1.0554989e-08	183.86768	-0.025188917	-64.321754	1.5764998	0.015171831	0.16811681	23.0	3875.820615530014
161	-31.55606	40.910183	67.0	-80.0	416.63635	-7.396477	12.175247	19.274086	-60.36954	1620000	9.934108e-09	150.04344	-0.026073128	-54.3008	1.545153	0.015103209	0.16781677	24.0	3899.4210906028748
162	-35.771214	40.391277	58.6	-80.0	426.27274	-7.914843	9.782235	15.562045	-48.650246	1630000	8.692344e-09	138.45456	-0.038946193	-47.846912	1.556766	0.015060472	0.2119212	57.0	3924.9736926555634
163	-35.969566	44.81754	64.0	-86.666664	397.21738	-9.114114	9.761132	15.413108	-35.994846	1640000	1.4901161e-08	193.15852	-0.018410577	-58.435627	1.517499	0.015319061	0.12691268	14.0	3948.516075849533
164	-37.495457	40.671776	69.4	-80.0	409.22726	-8.426778	9.751585	18.17977	-40.562088	1650000	1.2417634e-08	170.38063	-0.018954257	-79.58619	1.5321908	0.0151020745	0.14831483	14.0	3970.8212990760803
165	-39.419445	40.237415	52.3	-93.333336	385.33334	-8.8047905	11.01627	18.070263	-53.773457	1660000	-4.967054e-09	143.7112	-0.023441717	-37.077515	1.5314226	0.0151715875	0.13931394	18.0	3994.6447949409485
166	-33.53913	49.97033	77.5	-93.333336	404.52173	-8.344183	10.482096	16.23413	-51.057686	1670000	-7.450581e-09	222.01216	-0.041092686	-74.56687	1.5277606	0.01503817	0.21562155	66.0	4019.3971750736237
167	-36.183334	39.879486	55.9	-80.0	411.22726	-8.261709	11.918667	18.409414	-68.85708	1680000	2.514571e-08	177.36494	-0.0235776	-74.045006	1.5431671	0.015197503	0.149915	18.0	4044.9486498832703
168	-37.1873	39.44877	62.2	-80.0	452.42856	-9.470288	11.0099125	16.51717	-60.77975	1690000	-1.4901161e-08	133.19557	-0.021123568	-38.122723	1.5476227	0.015016589	0.16121612	19.0	4067.9630868434906
169	-32.130436	42.475708	71.2	-73.333336	400.08694	-9.1157055	9.461261	16.136436	-53.248745	1700000	3.7252903e-09	156.18513	-0.037852947	-51.079662	1.4900244	0.015004646	0.19551955	67.0	4094.527538537979
170	-35.363636	44.60868	66.7	-93.333336	403.45456	-8.381416	12.573009	20.957928	-46.24802	1710000	1.2417634e-08	150.84596	-0.021627879	-53.760574	1.4975609	0.015511985	0.14461447	15.0	4118.312809467316
171	-36.721214	43.215614	63.1	-80.0	428.22726	-8.570888	11.496169	21.395517	-53.916553	1720000	1.6142925e-08	142.56297	-0.024587857	-53.857426	1.5286117	0.015134615	0.14641464	20.0	4142.91806936264
172	-34.281666	42.920467	74.8	-80.0	477.65	-8.892237	10.956788	16.379456	-52.232357	1730000	3.7252903e-09	149.37999	-0.0141039	-51.71343	1.5544926	0.0152753005	0.11631163	8.0	4168.641244649887
173	-26.795238	49.66824	74.8	-100.0	423.14285	-8.194091	10.817255	18.340237	-43.023476	1740000	7.450581e-09	166.65117	-0.019562213	-53.56604	1.513341	0.015584071	0.14731473	15.0	4191.757226705551
174	-36.9942	42.206146	64.0	-86.666664	401.9565	-7.7053494	12.779252	20.087122	-52.960434	1750000	-4.967054e-09	169.02678	-0.024723738	-63.420162	1.4844307	0.01525341	0.160016	23.0	4214.9309258461
175	-33.649204	49.353012	84.7	-93.333336	410.33334	-9.0674095	12.220645	19.110554	-68.688416	1760000	-4.967054e-09	151.04118	-0.03764246	-45.75507	1.5245234	0.015015016	0.20042004	51.0	4238.965428352356
176	-31.32857	42.77684	80.2	-80.0	430.33334	-7.78676	11.570463	18.565428	-60.804775	1770000	-6.208817e-09	157.57936	-0.022555746	-57.329975	1.4979249	0.01528881	0.13601361	18.0	4263.529291629791
177	-34.553967	44.757618	79.3	-80.0	422.9524	-8.20273	11.245086	17.877468	-59.541702	1780000	1.2238161e-08	164.91075	-0.024145104	-56.088543	1.4685192	0.015404808	0.15361536	21.0	4289.385551452637
178	-31.666668	45.32573	74.8	-80.0	424.13635	-8.615329	11.649093	17.449562	-47.61296	1790000	-1.8626451e-09	148.62946	-0.035860192	-65.41514	1.504419	0.015105459	0.19011901	47.0	4313.073302030563
179	-32.403027	49.12112	73.0	-86.666664	429.77274	-8.505568	11.551393	18.918346	-59.309334	1800000	-1.3659398e-08	171.23347	-0.025445573	-50.317566	1.4654403	0.015264072	0.14851485	20.0	4337.8663330078125
180	-27.425758	50.286987	83.8	-93.333336	421.72726	-7.759235	10.679485	21.157097	-50.908783	1810000	-1.9247333e-08	160.46445	-0.033656813	-43.811092	1.5180854	0.015052843	0.1739174	41.0	4363.472979307175
181	-24.650003	46.087536	77.5	-73.333336	468.45	-6.4233665	10.725353	18.47458	-52.115345	1820000	4.656613e-09	134.24101	-0.025137627	-40.2092	1.5027493	0.015239142	0.16641665	20.0	4386.457167387009
182	-31.148335	46.206585	73.9	-80.0	476.5	-5.995315	10.526433	18.263853	-46.800766	1830000	7.1401396e-09	128.29799	-0.02222596	-45.198364	1.5061966	0.015539561	0.14701469	15.0	4413.481040716171
183	-27.76508	45.867138	87.4	-80.0	449.61905	-7.606039	11.608936	18.05839	-51.374306	1840000	1.2417635e-09	136.1806	-0.022453183	-38.98897	1.5102435	0.015272795	0.14521453	18.0	4435.493866682053
184	-32.838093	44.97991	77.5	-73.333336	426.57144	-6.6186433	10.661359	19.653267	-41.96884	1850000	6.829699e-09	148.39885	-0.021128876	-45.248463	1.5555137	0.015727865	0.1451145	15.0	4458.599605798721
185	-36.874996	42.89331	68.5	-86.666664	470.25	-7.89635	11.116082	19.341108	-54.071953	1860000	1.1719142e-08	137.60464	-0.016566249	-44.010406	1.5012821	0.015098054	0.10311031	12.0	4482.610591650009
186	-28.89841	47.27337	88.3	-80.0	429.5238	-9.080776	9.891844	15.63109	-57.464752	1870000	3.7252903e-09	153.69885	-0.033738147	-54.162262	1.4943515	0.015141836	0.1809181	40.0	4506.444103717804
187	-29.750877	47.672184	68.5	-86.666664	487.78946	-8.742717	11.65237	21.242199	-42.312885	1880000	-1.7384687e-08	139.256	-0.023691677	-53.834705	1.4941158	0.015463635	0.14171417	18.0	4531.999299526215
188	-24.001514	51.83234	72.1	-100.0	431.13635	-7.878305	10.658963	19.180792	-43.61584	1890000	-1.7384687e-08	154.54607	-0.017431306	-54.793774	1.4713459	0.015407577	0.1180118	10.0	4555.983865737915
189	-23.90635	47.41138	64.9	-93.333336	425.61905	-6.9195976	11.87368	20.14125	-49.337055	1900000	0.0	162.04399	-0.025230957	-50.466125	1.50144	0.0152005665	0.1570157	24.0	4578.61127281189
190	-37.716667	46.8873	71.2	-93.333336	413.63635	-5.560454	10.067064	20.374186	-51.644566	1910000	2.483527e-09	167.24847	-0.020113008	-59.850048	1.4617246	0.015632596	0.12661266	16.0	4602.305045366287
191	-29.871668	41.7374	56.8	-86.666664	472.1	-8.115216	10.222227	22.288244	-41.494	1920000	-1.8626451e-09	149.46672	-0.022903303	-76.88198	1.4845	0.015326767	0.1618162	18.0	4626.595631837845
192	-23.443333	51.74624	82.0	-80.0	456.55	-6.6794863	10.580764	17.377388	-58.313183	1930000	5.5879354e-09	168.72607	-0.01326559	-58.8025	1.5083876	0.015053888	0.105110504	9.0	4649.6810002326965
193	-36.456665	44.95795	71.2	-93.333336	455.9	-5.922829	10.470894	19.715973	-63.5115	1940000	8.692344e-09	148.69313	-0.026289472	-42.124134	1.4635043	0.0151757235	0.15971597	29.0	4673.430283069611
194	-32.768253	42.583385	64.9	-86.666664	440.57144	-7.9737153	9.776031	19.303862	-35.243324	1950000	-1.0554989e-08	142.05441	-0.028646328	-45.143505	1.476922	0.015102245	0.17161715	25.0	4698.196249485016
195	-31.293331	46.462162	77.5	-80.0	442.05	-8.524242	11.074163	20.12285	-56.874096	1960000	3.7252903e-09	128.02243	-0.023252958	-46.17303	1.485549	0.015033563	0.14791478	18.0	4720.358245134354
196	-27.736507	44.248695	68.5	-80.0	455.90475	-8.304777	10.822705	18.87698	-43.005745	1970000	-8.071463e-09	141.47021	-0.03114225	-52.09245	1.5255661	0.015103284	0.17991799	31.0	4745.065153837204
197	-34.659996	43.75961	58.6	-80.0	458.1	-7.060073	12.057269	23.968966	-50.961807	1980000	-1.1175871e-08	102.88485	-0.025370171	-35.075523	1.4704915	0.015023948	0.16851686	24.0	4768.578720331192
198	-32.831745	45.67746	68.5	-93.333336	459.61905	-7.642347	10.409619	18.3703	-41.88241	1990000	-6.2088173e-10	118.98852	-0.02726207	-40.097073	1.4977669	0.015007195	0.16141614	20.0	4791.444018363953
199	-31.219997	43.310997	65.8	-80.0	466.4	-7.3505154	11.309647	20.844576	-58.115486	2000000	1.9868216e-08	139.78133	-0.019647976	-48.043488	1.4893422	0.015726285	0.13871388	13.0	4816.084414482117
200	-32.68833	43.094624	67.6	-80.0	464.65	-7.5676064	10.668571	20.125702	-53.987144	2010000	2.483527e-09	123.883766	-0.019958956	-44.94353	1.5166987	0.015331301	0.15031503	14.0	4840.9522886276245
201	-24.14603	53.236717	88.3	-93.333336	448.2381	-7.2564087	10.890914	23.511469	-41.410923	2020000	2.7318796e-08	150.90935	-0.018350804	-46.530384	1.5125576	0.015035216	0.11831183	14.0	4866.473315477371
202	-26.404999	43.737785	72.1	-80.0	459.25	-6.3671794	10.932781	20.635761	-38.95995	2030000	1.1796753e-08	157.04124	-0.018489523	-60.17409	1.5322818	0.015104912	0.13651365	13.0	4888.983915090561
203	-32.111115	48.104412	79.3	-86.666664	437.0	-6.2689624	10.196231	19.282621	-50.28821	2040000	4.346172e-09	118.3515	-0.017059034	-53.51048	1.5188187	0.01567396	0.13121313	11.0	4914.377077817917
204	-27.33016	46.20861	78.4	-86.666664	438.1905	-7.5614	11.724444	22.549997	-42.811703	2050000	7.450581e-09	124.86887	-0.02037838	-44.110962	1.551578	0.015224096	0.14671467	16.0	4937.546812057495
205	-27.410145	48.20421	72.1	-93.333336	412.69565	-7.459871	11.876039	21.504223	-41.867317	2060000	9.934108e-09	143.2711	-0.02100814	-40.987072	1.4961749	0.015008909	0.1410141	16.0	4965.782492876053
206	-28.081669	49.635227	94.6	-93.333336	445.25	-6.8152766	11.179446	24.445087	-42.705086	2070000	7.450581e-09	130.9161	-0.01599229	-33.299084	1.5250468	0.015218012	0.13831383	11.0	4987.455096721649
207	-27.815153	51.96503	86.5	-93.333336	425.04544	-7.2113495	11.83838	23.203978	-56.495564	2080000	1.8626451e-08	176.8318	-0.018385794	-51.625553	1.4949026	0.015359825	0.14431442	16.0	5011.904243707657
208	-32.34603	48.03484	76.6	-86.666664	441.5238	-6.2950864	11.212909	20.646084	-41.91266	2090000	-1.47459405e-08	138.09789	-0.022312367	-52.15503	1.4944304	0.015410663	0.14581458	18.0	5036.780608892441
209	-24.147617	57.04445	89.2	-100.0	445.09525	-8.500047	11.976009	20.12968	-49.140152	2100000	-1.4901161e-08	136.72104	-0.023693273	-45.02658	1.4728428	0.015367295	0.15181518	21.0	5059.9817943573
210	-29.843334	49.85332	81.1	-86.666664	446.25	-6.262167	11.516106	21.948368	-40.832756	2110000	-9.934108e-09	131.52196	-0.024523512	-46.314533	1.4469403	0.01505136	0.15171517	24.0	5083.292205095291
211	-17.718182	46.188766	76.6	-73.333336	433.0909	-7.3220534	11.185675	23.036491	-37.262585	2120000	2.483527e-09	153.38544	-0.022878965	-61.262592	1.4130664	0.015038793	0.1359136	20.0	5107.118649721146
212	-32.765152	48.90181	73.9	-100.0	432.04544	-4.995474	11.564026	22.454214	-58.933434	2130000	-1.2417634e-08	159.01938	-0.019317241	-55.445362	1.434761	0.015401553	0.12131212	15.0	5131.07994222641
213	-34.593334	47.576138	80.2	-93.333336	445.1	-7.6223636	11.598021	19.822033	-47.155117	2140000	1.2417634e-08	120.61331	-0.02001964	-31.831268	1.4380177	0.015859853	0.13781379	16.0	5156.143309831619
214	-27.779364	48.19352	78.4	-86.666664	440.2857	-8.608498	11.131832	18.928215	-46.63191	2150000	6.2088173e-10	131.30315	-0.02383635	-41.792843	1.4266607	0.015379005	0.14911492	21.0	5178.159997463226
215	-30.584059	50.613102	76.6	-93.333336	413.21738	-7.6062074	10.872883	22.519848	-48.386364	2160000	4.967054e-09	165.4811	-0.021241352	-50.003735	1.3918251	0.015254528	0.15281528	20.0	5205.525330543518
216	-26.116665	46.263687	84.7	-86.666664	467.25	-7.008434	11.926749	23.093082	-49.26074	2170000	5.180482e-09	100.5506	-0.020566626	-37.315613	1.4458189	0.015280104	0.12791277	19.0	5228.812990427017
217	-32.39545	47.898296	82.9	-93.333336	420.18182	-7.5570855	11.557018	21.922268	-49.938572	2180000	-6.2088173e-10	124.064354	-0.015432735	-39.697826	1.4156653	0.015009078	0.11911192	11.0	5250.714257955551
218	-30.804543	49.543537	81.1	-86.666664	420.95456	-7.7495728	12.660702	25.637522	-54.427284	2190000	1.6142925e-08	193.39911	-0.015897783	-66.35441	1.3775654	0.015009102	0.14281428	14.0	5273.673233985901
219	-29.766668	49.394623	74.8	-100.0	453.55	-5.861691	11.67225	22.637892	-68.1664	2200000	1.2417635e-09	149.13664	-0.017306076	-59.636578	1.4267235	0.0151485475	0.1370137	13.0	5295.987523555756
220	-30.255558	51.795425	78.4	-93.333336	412.14285	-7.7054462	12.3091	21.028975	-56.62709	2210000	2.483527e-09	172.58183	-0.021219164	-63.685993	1.4027172	0.015309289	0.1479148	17.0	5318.9256846904755
221	-23.411667	48.767113	85.6	-73.333336	459.85	-7.772915	12.129784	24.546577	-69.937164	2220000	3.7252903e-09	115.9429	-0.024742946	-46.848797	1.4008121	0.015146427	0.15341534	23.0	5339.608572244644
222	-25.947826	45.770744	73.9	-86.666664	417.3913	-5.9853106	11.423122	22.853416	-37.8705	2230000	-4.967054e-09	204.64105	-0.024036393	-65.90691	1.3872366	0.015112554	0.13831383	22.0	5365.053546905518
223	-18.708773	52.92967	78.4	-80.0	495.3684	-6.0157037	10.038445	22.016096	-39.412254	2240000	-6.208817e-09	141.28683	-0.018334193	-56.048706	1.4087472	0.015102412	0.117011696	15.0	5390.161927223206
224	-20.515789	53.638557	79.3	-80.0	495.8421	-4.5706167	10.76034	23.697561	-45.624382	2250000	8.634136e-10	131.56274	-0.036745008	-40.146397	1.4443592	0.015085674	0.19851984	56.0	5416.114983320236
225	-18.750877	53.078697	76.0	-93.333336	482.73685	-5.736917	10.52172	21.571693	-38.066982	2260000	-2.483527e-09	159.23285	-0.02216956	-50.841442	1.395867	0.015332662	0.13511352	17.0	5441.100396633148
226	-31.414284	42.859776	87.4	-86.666664	456.0	-5.1456113	10.96223	28.200764	-37.262707	2270000	-4.967054e-09	147.53818	-0.02621311	-52.268356	1.431652	0.015040569	0.15221523	27.0	5465.012333869934
227	-19.301666	52.637566	88.3	-80.0	447.45	-7.406577	11.290155	21.822166	-43.46949	2280000	-7.450581e-09	151.82884	-0.029565029	-58.562756	1.4266795	0.015001361	0.18071806	32.0	5487.931233167648
228	-20.610525	48.57278	82.0	-80.0	474.4737	-5.1815424	10.494754	26.488197	-42.485016	2290000	0.0	168.67645	-0.021193976	-55.271107	1.4053164	0.015474771	0.150115	20.0	5512.1372191905975
229	-17.35926	46.24449	87.4	-66.666664	506.55554	-5.061618	10.4941225	24.83635	-41.19546	2300000	4.967054e-09	141.50853	-0.02070383	-48.05164	1.3913339	0.015902432	0.14371437	17.0	5535.256050109863
230	-26.359648	51.99786	89.2	-86.666664	479.6842	-5.2144723	10.914545	21.47444	-46.038094	2310000	-1.6142925e-08	139.57796	-0.021374688	-48.562653	1.4160405	0.015056099	0.14601462	20.0	5560.431436777115
231	-27.419298	46.36679	64.0	-86.666664	485.89474	-6.3207316	10.78526	22.428102	-36.85575	2320000	1.0554989e-08	115.933815	-0.022415325	-42.29948	1.4034228	0.015104048	0.15031503	20.0	5583.990175485611
232	-26.13148	53.19683	84.7	-86.666664	514.2778	-5.973124	10.773388	25.153465	-43.43476	2330000	-2.483527e-09	133.30609	-0.027921146	-42.651176	1.3726277	0.0151139805	0.16271627	33.0	5607.724169969559
233	-27.580954	46.599308	84.7	-93.333336	439.2381	-6.945087	11.924514	26.45892	-46.822865	2340000	1.4901161e-08	169.8151	-0.022999534	-63.95459	1.3662696	0.015436134	0.14651465	20.0	5633.065638303757
234	-14.55098	51.11069	87.4	-66.666664	548.5294	-6.973925	12.275187	25.6848	-47.504204	2350000	-6.2088173e-10	153.21388	-0.022843257	-63.91383	1.3580999	0.015042472	0.15131514	27.0	5657.339090585709
235	-31.726315	49.646698	86.5	-86.666664	474.78946	-4.6310873	10.855799	27.833803	-44.41772	2360000	-2.1109978e-08	155.72672	-0.017158652	-52.661602	1.3706441	0.0153107075	0.12841284	14.0	5679.688148498535
236	-14.831578	47.100914	79.3	-80.0	511.1579	-6.732474	11.720364	25.324453	-42.82933	2370000	-4.967054e-09	115.12225	-0.015876573	-41.827633	1.3337454	0.0154167265	0.13351335	12.0	5705.3366158008575
237	-17.8193	54.174397	85.6	-93.333336	487.3684	-4.5929055	10.704847	25.31838	-34.325317	2380000	0.0	143.35724	-0.013994661	-43.676716	1.3192805	0.015848605	0.12001201	10.0	5727.43874335289
238	-24.147367	45.980644	76.6	-73.333336	512.3158	-4.348588	11.629161	24.619585	-41.60048	2390000	-1.27280755e-08	125.25735	-0.01811421	-52.794052	1.3404263	0.015329011	0.12591259	14.0	5752.873952865601
239	-24.896666	44.33377	69.4	-86.666664	487.8	-6.3794503	10.786707	22.0302	-44.324135	2400000	2.483527e-09	137.92885	-0.021854483	-49.059753	1.3510691	0.015138169	0.1339134	17.0	5776.073879957199
240	-17.833334	49.93337	93.7	-80.0	488.1579	-6.6181707	10.885859	21.658813	-50.108135	2410000	-9.934108e-09	146.00415	-0.016419183	-51.875183	1.3535177	0.0150634125	0.13721372	13.0	5802.793130397797
241	-21.633333	52.792267	95.5	-80.0	485.73685	-5.771361	12.180745	24.546703	-52.907593	2420000	1.0554989e-08	128.43687	-0.017818533	-43.285603	1.3097907	0.015534225	0.1269127	14.0	5825.319487094879
242	-20.921053	52.65105	96.4	-80.0	473.3158	-5.677445	12.770598	27.42068	-43.2889	2430000	-9.934108e-09	147.49791	-0.025719019	-47.433704	1.309739	0.015042222	0.14521451	29.0	5850.127389431
243	-22.78148	45.7934	57.7	-73.333336	521.8333	-5.719287	11.711217	26.626656	-43.973183	2440000	-4.967054e-09	121.28806	-0.015800813	-47.358704	1.3289706	0.015523446	0.10211021	11.0	5874.520048379898
244	-6.1395826	49.36041	84.7	-73.333336	584.5625	-6.060729	10.974288	20.575485	-44.695953	2450000	4.0357313e-09	105.82153	-0.028929772	-41.568733	1.319578	0.0150778	0.17301731	40.0	5898.247397661209
245	-19.887302	50.160187	88.3	-80.0	456.33334	-5.047961	11.589379	23.224823	-42.540157	2460000	-1.2417634e-08	129.44875	-0.026044508	-41.93207	1.2767	0.015164952	0.16031604	27.0	5924.082463264465
246	-7.6266665	40.942646	65.8	-53.333332	594.2	-4.8488145	12.010623	26.124794	-38.652596	2470000	-1.2417635e-09	116.486244	-0.020811494	-41.588997	1.2889328	0.015334579	0.13541354	19.0	5946.459190130234
247	-21.262962	45.48953	73.9	-86.666664	537.2778	-3.6616848	9.961048	21.408365	-50.62937	2480000	-1.9868216e-08	118.8942	-0.035866696	-38.182156	1.3197663	0.0150138335	0.18971896	65.0	5971.677096605301
248	-16.372223	46.29159	77.5	-73.333336	527.44446	-4.7807302	9.596896	20.96282	-46.290714	2490000	4.967054e-09	117.85193	-0.020387696	-50.279522	1.3292738	0.015081823	0.11751175	15.0	5994.730050325394
249	-14.552631	49.347084	82.9	-73.333336	491.3158	-4.5354123	10.291955	21.559818	-39.158966	2500000	7.450581e-09	160.899	-0.020274904	-59.619766	1.3009518	0.015369189	0.15041505	17.0	6018.377120733261
