Epoch	AverageEpRet	StdEpRet	MaxEpRet	MinEpRet	EpLen	AverageVVals	StdVVals	MaxVVals	MinVVals	TotalEnvInteracts	LossPi	LossV	DeltaLossPi	DeltaLossV	Entropy	KL	ClipFrac	StopIter	Time
0	43.64375	38.207363	88.3	-33.333332	565.3125	5.228782	9.066853	30.666576	-36.310345	10000	-1.3659398e-08	69.0418	-0.009698123	-21.712866	0.5543353	0.015370955	0.0839084	5.0	25.29823350906372
1	46.893333	43.339745	93.7	-33.333332	581.26666	5.5142646	8.487191	32.927467	-40.44752	20000	1.4280279e-08	69.64858	-0.009146751	-18.719847	0.53920627	0.015509628	0.082208216	8.0	46.09319305419922
2	44.97333	41.032627	91.9	-60.0	594.93335	7.0972643	7.766925	31.602125	-28.443415	30000	-2.483527e-09	79.6258	-0.008766794	-21.140583	0.5723567	0.016454019	0.08430844	8.0	71.4402244091034
3	40.27778	38.361794	93.7	-20.0	611.26666	5.225131	9.532047	30.935102	-31.883553	40000	-1.2417634e-08	68.64753	-0.011716236	-19.64086	0.5705347	0.015088682	0.0880088	12.0	92.25755572319031
4	42.49778	46.79098	91.9	-46.666668	593.4	5.851009	8.173404	30.48881	-37.90348	50000	-1.3659398e-08	83.88743	-0.014000335	-17.632677	0.55818325	0.015089472	0.102410235	17.0	116.83944129943848
5	46.613335	35.129227	93.7	-20.0	584.93335	5.4449654	8.767351	32.24459	-40.559307	60000	2.483527e-09	77.55098	-0.010729981	-23.959524	0.5388089	0.016349683	0.087608755	12.0	139.24218583106995
6	42.682228	44.477215	96.4	-53.333332	592.8	6.2477016	8.472799	29.994106	-33.669	70000	-3.7252903e-09	84.46148	-0.011559513	-23.183054	0.5380067	0.015866408	0.08180819	11.0	163.13635230064392
7	39.104443	43.472836	95.5	-53.333332	574.93335	6.034912	8.1086445	30.931032	-32.07221	80000	7.450581e-09	81.65273	-0.013766095	-24.78448	0.5451145	0.015153085	0.099709965	17.0	184.8739995956421
8	46.666668	41.608345	96.4	-33.333332	588.2	4.354961	8.892048	31.90201	-38.2751	90000	1.1175871e-08	67.80905	-0.009151542	-20.224606	0.5519571	0.015134898	0.06520652	8.0	209.32705330848694
9	42.872917	43.050236	91.0	-53.333332	563.3125	5.4586363	9.735866	34.45491	-43.460106	100000	2.6387472e-09	84.53886	-0.009462955	-19.267645	0.55645245	0.015349216	0.0770077	9.0	230.21011877059937
10	29.784447	45.672504	91.9	-53.333332	598.93335	5.037914	8.381914	29.293684	-50.97484	110000	1.8626451e-09	112.92013	-0.017146407	-36.321056	0.53811735	0.015135456	0.12141215	23.0	255.74547052383423
11	54.253334	32.15844	98.2	-13.333333	590.4667	3.7128272	9.936458	31.54896	-59.028084	120000	-1.2417635e-09	113.38113	-0.012267537	-56.933575	0.5330687	0.015762987	0.08070808	11.0	278.55429673194885
12	43.551113	41.484142	92.8	-40.0	599.8	6.3606095	8.542916	33.64605	-44.63153	130000	2.7318796e-08	89.50077	-0.01936599	-32.08271	0.53092223	0.015100314	0.11421142	44.0	303.3272340297699
13	46.59556	39.911736	94.0	-33.333332	566.93335	5.795759	10.521658	33.050102	-58.210182	140000	0.0	70.45799	-0.013764285	-17.71606	0.5393519	0.015164305	0.09660966	14.0	325.3541011810303
14	50.780006	40.16764	89.2	-26.666666	594.13336	6.6049714	9.040836	36.212154	-48.433014	150000	3.7252903e-09	88.34246	-0.0089171175	-22.501236	0.5366345	0.016356708	0.07890789	9.0	349.08695340156555
15	58.655556	31.29742	93.7	-26.666666	609.73334	6.4729776	8.677542	31.836218	-57.392628	160000	3.1044085e-09	70.67515	-0.010210712	-24.128462	0.5274059	0.01519411	0.08710871	9.0	374.3821666240692
16	56.244442	32.683445	91.9	-20.0	599.0	7.035549	8.013727	33.31373	-62.005714	170000	-2.9802322e-08	60.086304	-0.019593157	-14.705552	0.51097476	0.015167475	0.11221123	46.0	400.26055908203125
17	42.65111	42.24043	89.2	-33.333332	618.5333	7.112933	8.363654	31.336279	-53.89947	180000	8.2266824e-09	82.22012	-0.0119683	-29.280573	0.5234919	0.015308795	0.10681068	13.0	426.175674200058
18	47.995556	40.22779	91.9	-33.333332	571.93335	6.1100836	8.466354	28.156559	-46.491985	190000	-8.071463e-09	93.75638	-0.010257416	-33.29022	0.5267499	0.016098034	0.07220722	10.0	448.6003932952881
19	42.631252	39.84271	92.8	-53.333332	572.0625	6.90088	9.006585	31.275436	-40.25602	200000	1.2417634e-08	88.84145	-0.009192611	-24.921045	0.5292752	0.015559333	0.10081008	7.0	473.48442935943604
20	50.291664	44.458336	100.0	-46.666668	561.5625	5.5347767	9.200575	34.512527	-46.5411	210000	-3.1044087e-10	106.50451	-0.0089839725	-24.668823	0.53829	0.016513756	0.081308134	8.0	496.4203624725342
21	48.219997	38.592426	92.8	-26.666666	590.5333	6.625159	9.770723	35.759033	-43.476456	220000	-2.483527e-09	57.47289	-0.011918162	-17.190413	0.5325078	0.015824659	0.104610465	12.0	522.5697331428528
22	51.45556	37.944912	96.4	-33.333332	591.4	6.525811	9.103499	33.790127	-43.070736	230000	9.313226e-09	69.413704	-0.012178683	-15.80067	0.53321165	0.015904909	0.104210414	12.0	544.2842099666595
23	48.862225	35.016068	91.0	-13.333333	610.86664	6.250213	9.500144	34.069782	-49.988754	240000	6.829699e-09	91.95209	-0.008321173	-23.891966	0.53382677	0.016624266	0.08640864	10.0	569.7544896602631
24	58.11333	31.144117	97.3	-13.333333	573.13336	6.0346107	9.871194	33.099167	-64.295944	250000	-1.7384687e-08	77.39001	-0.01130288	-25.783134	0.5234788	0.015024647	0.080208026	12.0	591.9501550197601
25	60.300003	25.7969	90.1	7.0	622.26666	7.030139	8.550767	34.40793	-35.622948	260000	-7.450581e-09	80.16227	-0.013456245	-34.491833	0.5290025	0.015204337	0.097809784	15.0	617.9808301925659
26	41.891113	39.366074	90.1	-46.666668	618.4	6.889803	7.8507657	32.11035	-44.502094	270000	1.8626451e-08	119.25718	-0.010092632	-45.364502	0.5392113	0.016087081	0.09080908	10.0	642.1689546108246
27	50.31111	36.111347	92.8	-40.0	628.6	4.54327	7.988805	32.72845	-32.814262	280000	-2.1109978e-08	80.650024	-0.009505329	-31.390188	0.5334528	0.015704282	0.0790079	10.0	668.4899325370789
28	39.305878	50.81545	91.9	-86.666664	529.2941	6.1246357	8.741345	32.42884	-38.78008	290000	0.0	123.1206	-0.013188752	-53.3127	0.5251388	0.016009932	0.09130913	11.0	691.9916853904724
29	50.58889	33.707783	88.3	-20.0	604.3333	5.6173315	8.463536	30.969273	-45.935932	300000	-2.1109978e-08	81.07305	-0.008326587	-19.354338	0.52954894	0.015273859	0.08230823	8.0	718.0600953102112
30	43.61112	41.687073	91.9	-33.333332	591.5333	5.2589116	9.890714	35.121098	-52.061333	310000	6.208817e-09	91.51904	-0.008777107	-23.807009	0.52587295	0.015394747	0.084708475	11.0	741.0339205265045
31	48.231106	34.93367	94.0	-26.666666	587.8	6.0388894	8.637907	34.68368	-50.41401	320000	-8.692344e-09	79.91436	-0.0093054185	-19.277678	0.51619583	0.015050326	0.0830083	9.0	766.3017568588257
32	55.620003	36.59201	91.0	-13.333333	617.2	6.4047637	8.089526	32.037064	-49.509872	330000	-1.9557774e-08	87.075096	-0.009849448	-18.293106	0.5214674	0.015258121	0.09370937	10.0	790.8167097568512
33	54.804443	32.206676	94.6	-13.333333	639.5333	6.4463267	8.1150055	33.31494	-48.443657	340000	-1.4901161e-08	85.34289	-0.015883124	-27.709494	0.5195131	0.015084003	0.1029103	31.0	818.1415178775787
34	55.78889	34.558357	94.6	-13.333333	614.86664	6.3685856	7.004975	31.155071	-35.7986	350000	2.8560558e-08	85.42686	-0.014441506	-25.43154	0.5150276	0.015080382	0.102410235	19.0	842.1656198501587
35	45.555557	32.838577	79.0	-26.666666	605.2	6.741365	8.843366	32.344193	-40.555496	360000	7.450581e-09	81.347534	-0.012145632	-26.68038	0.5166107	0.0151778525	0.10771077	11.0	866.8542337417603
36	44.773808	40.668613	94.6	-40.0	629.8571	5.399344	9.9081	29.839045	-60.591705	370000	-3.7252903e-09	73.83326	-0.010130457	-18.391312	0.52410334	0.015564888	0.08540854	11.0	889.5733916759491
37	49.784443	32.679356	89.2	-20.0	586.6667	6.129507	8.836175	32.52148	-47.153595	380000	2.483527e-09	87.50321	-0.009294839	-24.283777	0.5264637	0.016015679	0.08230823	8.0	912.8940465450287
38	43.00222	43.150143	95.5	-26.666666	603.2	5.5378895	9.039026	32.62564	-46.460472	390000	7.450581e-09	95.927376	-0.023928022	-32.92731	0.5230272	0.014205878	0.14261426	79.0	939.6508586406708
39	38.49804	50.852787	92.8	-86.666664	544.64703	5.9413295	8.930522	33.74133	-62.98135	400000	-8.071463e-09	86.52356	-0.012185614	-20.335936	0.53362435	0.016142381	0.09090909	10.0	963.6396508216858
40	44.59556	38.741405	93.7	-46.666668	570.26666	6.47708	9.072503	31.331415	-49.749886	410000	9.934108e-09	82.752594	-0.008460437	-15.7385645	0.52478904	0.016102701	0.07910791	8.0	985.8169958591461
41	45.59111	40.763733	95.5	-33.333332	598.2	6.287203	8.421345	30.842085	-47.63343	420000	-3.4769375e-08	73.9263	-0.007886825	-26.846888	0.52101475	0.015437928	0.08490849	9.0	1011.6964349746704
42	39.826668	36.347557	82.0	-33.333332	599.93335	6.4785028	9.808147	30.241762	-54.554672	430000	-5.258092e-09	73.41891	-0.009232064	-19.560347	0.49080762	0.015047062	0.069806986	9.0	1033.813185930252
43	41.59333	43.7397	91.0	-46.666668	599.4667	5.388878	9.597901	31.339695	-53.255398	440000	1.0554989e-08	73.500885	-0.015447008	-18.688747	0.52323264	0.015232541	0.11401141	20.0	1059.12597489357
44	45.71875	38.559814	94.6	-40.0	577.0	5.659764	9.125309	31.922003	-64.62627	450000	3.7252903e-09	95.160805	-0.009490345	-24.654213	0.5179633	0.015334961	0.08960897	10.0	1082.726755619049
45	56.58667	37.74527	94.0	-33.333332	593.73334	6.402968	8.179171	32.55114	-45.655094	460000	2.483527e-09	79.48054	-0.010756214	-23.399101	0.512744	0.016304212	0.08880887	9.0	1107.2506029605865
46	50.420834	32.680313	93.7	-26.666666	586.125	7.441492	7.3099585	32.2939	-32.80282	470000	-7.450581e-09	78.58561	-0.009681082	-27.1109	0.5050675	0.016885644	0.08510851	9.0	1129.6769738197327
47	56.035557	40.262802	91.0	-26.666666	578.4667	6.731222	8.03636	31.973902	-37.079998	480000	-6.2088173e-10	78.54245	-0.014705491	-23.74067	0.49910346	0.015062413	0.0980098	18.0	1152.8168489933014
48	43.636845	47.972294	97.3	-86.666664	515.5789	6.5446486	9.299939	29.937817	-52.110863	490000	-6.829699e-09	101.58142	-0.015049939	-32.58765	0.51245016	0.0152294515	0.09590959	15.0	1179.057544708252
49	44.755558	34.347992	85.6	-33.333332	609.8	7.3165274	9.615159	30.380394	-56.904045	500000	9.934108e-09	72.97272	-0.008389916	-19.911526	0.5164998	0.015594046	0.07120711	7.0	1201.784529209137
50	43.908886	33.691982	82.9	-26.666666	603.8	6.5026503	7.7313795	30.245296	-56.671124	510000	5.2774944e-09	75.22796	-0.008043361	-17.999771	0.5063854	0.015334215	0.076007605	8.0	1227.6643862724304
51	39.691113	38.28782	89.2	-33.333332	593.26666	5.9122224	8.977604	34.167503	-47.743008	520000	-3.1044085e-09	69.228714	-0.015495126	-15.439734	0.50286466	0.015001078	0.10051005	24.0	1250.4780757427216
52	35.34118	54.487595	97.3	-86.666664	540.4706	4.884987	10.064063	32.19002	-47.938313	530000	-1.9868216e-08	110.94989	-0.011193168	-28.082758	0.51474434	0.016009174	0.090009	12.0	1274.6808965206146
53	47.86889	45.476437	91.0	-40.0	576.8	6.314835	9.588451	35.179367	-62.855858	540000	-1.2417634e-08	92.10978	-0.010640652	-29.013702	0.53106993	0.015532347	0.08170817	10.0	1299.4079365730286
54	41.95778	39.084904	87.4	-40.0	623.86664	6.360333	9.314116	31.217274	-54.46712	550000	-1.7384687e-08	70.13511	-0.012088321	-25.33182	0.5230767	0.0158355	0.10311031	11.0	1323.3028745651245
55	40.282223	37.098663	82.0	-46.666668	577.6	5.8501067	8.984212	28.73544	-56.466366	560000	-3.7252903e-09	57.190247	-0.01757532	-17.46263	0.5096328	0.015317808	0.1040104	26.0	1347.614722251892
56	52.89111	35.628433	85.0	-40.0	596.4667	5.8323045	9.122861	30.329565	-46.751373	570000	1.6142925e-08	78.28193	-0.01065817	-23.128149	0.5218144	0.016228123	0.08250826	10.0	1369.7981235980988
57	56.575554	31.444294	92.8	-20.0	628.4	6.8977084	6.8583846	31.189938	-37.77543	580000	-2.4835268e-08	70.4108	-0.00847983	-16.460886	0.5153423	0.016296497	0.08440844	7.0	1395.7019922733307
58	49.175552	43.64098	95.5	-33.333332	602.93335	6.319832	9.926085	29.240429	-45.61268	590000	1.4901161e-08	77.67058	-0.017514512	-22.132315	0.49978828	0.015000989	0.12011201	41.0	1419.3273348808289
59	43.18	42.358006	91.9	-46.666668	573.0	7.221187	9.333813	34.74014	-41.056545	600000	-7.450581e-09	91.16098	-0.015386562	-17.621405	0.48880243	0.015305627	0.10291029	21.0	1443.4913911819458
60	49.797916	41.158455	97.0	-46.666668	576.25	5.270563	9.602406	29.883911	-60.70804	610000	-1.4901161e-08	79.29183	-0.012925926	-19.324308	0.48962533	0.015121185	0.09840984	15.0	1465.4684631824493
61	52.955555	40.401897	90.1	-40.0	573.93335	6.4103365	10.03966	33.333267	-41.05379	620000	-1.2145999e-08	68.47375	-0.011721775	-21.707148	0.4916409	0.0150279915	0.098609865	12.0	1489.9137926101685
62	45.987503	41.106888	94.0	-53.333332	556.375	6.4166713	9.034874	30.72038	-55.10963	630000	-1.6142925e-08	73.28988	-0.0076443604	-19.883379	0.4969227	0.0152428495	0.059105914	7.0	1511.1985244750977
63	52.862225	43.90246	89.2	-46.666668	601.2	6.074207	9.046091	30.543018	-44.48673	640000	4.656613e-09	58.56332	-0.012599252	-13.508492	0.50391704	0.015014091	0.09380939	17.0	1536.8890657424927
64	51.02667	39.473446	90.1	-26.666666	579.4667	7.1601477	8.340636	30.970053	-38.3766	650000	-6.829699e-09	52.918106	-0.008599179	-10.36394	0.5084529	0.01683708	0.08530853	9.0	1558.681398153305
65	39.866665	42.04318	93.7	-33.333332	570.4667	6.5448074	9.087191	34.36347	-36.064747	660000	-1.9868216e-08	94.59942	-0.009175495	-29.52804	0.5041534	0.015333905	0.07460746	9.0	1582.5973727703094
66	41.91961	48.689247	90.1	-86.666664	531.0	4.0335555	9.98649	35.065834	-52.232925	670000	4.967054e-09	118.582054	-0.009591968	-42.930573	0.4991409	0.015867313	0.081308134	8.0	1604.7850041389465
67	46.422226	44.677444	97.3	-40.0	583.73334	6.2199316	8.803715	31.646664	-51.520206	680000	1.3193736e-09	98.74621	-0.013396216	-30.521774	0.50471544	0.015460257	0.08990899	22.0	1630.5208418369293
68	51.920837	33.380592	90.1	-26.666666	571.1875	6.6031337	10.14695	33.65068	-72.3843	690000	9.934108e-09	92.08347	-0.009552221	-32.124702	0.5061909	0.015878925	0.071607165	9.0	1651.4139375686646
69	50.603706	48.515865	100.0	-80.0	519.1667	6.335837	10.421605	29.729345	-70.96842	700000	0.0	106.8588	-0.0130949365	-40.100246	0.5214724	0.015233607	0.1070107	16.0	1676.0585577487946
70	56.995556	35.303993	94.0	-26.666666	607.73334	7.876204	8.881992	35.488743	-45.618385	710000	7.450581e-09	77.16516	-0.010914962	-23.11769	0.5098501	0.015040238	0.09570957	12.0	1701.7673738002777
71	42.402084	44.35006	100.0	-46.666668	572.1875	7.2411804	10.056188	32.952217	-51.654106	720000	1.2417634e-08	108.409	-0.012504249	-37.84196	0.5104526	0.015025527	0.09740973	14.0	1724.0554468631744
72	38.17255	54.94858	94.0	-86.666664	534.35297	5.6027894	9.902653	31.036312	-47.523457	730000	-1.7384687e-08	104.65528	-0.012832762	-32.797977	0.50036085	0.015331161	0.09300929	15.0	1750.3182332515717
73	51.01111	28.984062	86.5	-33.333332	607.13336	6.195456	9.89193	29.07501	-56.133415	740000	-4.967054e-09	76.58581	-0.011259486	-25.410189	0.5135277	0.015432366	0.09390938	9.0	1772.5909442901611
74	41.10667	40.38302	91.0	-26.666666	615.4667	6.6252847	7.96949	32.549213	-48.742702	750000	-7.1401396e-09	78.015236	-0.011265161	-26.623657	0.50067955	0.015532401	0.10561056	14.0	1799.3800072669983
75	44.308887	43.196003	91.9	-46.666668	584.8	5.042347	9.0253315	31.261425	-62.75694	760000	-7.450581e-09	78.55596	-0.012759798	-20.983793	0.5071816	0.015107718	0.09520952	21.0	1820.7415671348572
76	57.613335	33.48942	100.0	-13.333333	587.6	6.237023	9.48018	35.457077	-52.232937	770000	-3.1044085e-08	82.84946	-0.007320827	-32.842896	0.5079835	0.015121072	0.07230723	6.0	1843.9041941165924
77	43.61111	41.834927	94.0	-26.666666	601.26666	7.41317	7.793017	29.189991	-44.024628	780000	4.967054e-09	119.15708	-0.012188603	-52.99107	0.5055887	0.015429723	0.09380939	19.0	1867.6353740692139
78	43.74222	36.13124	78.4	-40.0	583.8	5.8546004	10.595644	30.462934	-61.999138	790000	-4.0357313e-09	66.9418	-0.013695609	-23.623178	0.48980498	0.01544372	0.10011002	17.0	1889.513682126999
79	42.253338	40.562294	88.3	-46.666668	610.4667	5.7096496	8.520225	30.35934	-55.22828	800000	1.9868216e-08	100.81321	-0.011897343	-35.13263	0.5131065	0.015848808	0.09270927	13.0	1914.1013202667236
80	37.28421	52.908497	88.0	-86.666664	494.94736	3.9263306	9.0814085	34.744247	-56.977802	810000	-1.1175871e-08	115.02718	-0.014324394	-43.737133	0.49592948	0.015085147	0.09490949	18.0	1938.8426535129547
81	51.46222	34.682987	97.3	-13.333333	588.73334	6.231491	8.664515	29.623596	-38.15249	820000	-1.1175871e-08	74.632	-0.011069305	-29.928268	0.48101044	0.016696842	0.09190919	10.0	1964.0256080627441
82	56.333332	30.566797	92.8	-13.333333	584.6667	7.1894116	7.4033318	28.56468	-31.492582	830000	-1.4901161e-08	77.794075	-0.00855643	-26.847818	0.48920858	0.016051067	0.07370737	8.0	1986.491201877594
83	45.4	38.61477	91.0	-26.666666	607.3333	5.968575	9.792076	30.957346	-57.76288	840000	-3.1044085e-09	85.80894	-0.014336255	-25.702814	0.49064115	0.015149344	0.10811081	21.0	2013.3326313495636
84	47.42	35.35785	89.2	-20.0	633.3333	5.5915437	8.382048	32.736233	-39.399986	850000	-3.4148495e-09	72.5191	-0.012299177	-19.641068	0.49148667	0.015555332	0.09580959	17.0	2036.0896542072296
85	48.4375	36.681877	93.7	-26.666666	573.0	5.666213	9.696599	33.3301	-54.192787	860000	0.0	72.700676	-0.01074558	-18.389751	0.47868124	0.015162543	0.10581058	14.0	2060.3624682426453
86	45.662224	38.277332	85.0	-40.0	621.4667	6.4302306	8.116273	33.467037	-39.34776	870000	3.7252903e-09	72.28159	-0.0091593005	-18.334425	0.5054784	0.01546928	0.07540754	10.0	2085.650315761566
87	36.211113	46.945564	97.3	-46.666668	615.2	5.0735846	9.48915	31.408676	-52.99908	880000	-1.3659398e-08	105.26348	-0.011238354	-29.373993	0.50567347	0.015923364	0.095009506	13.0	2110.8075902462006
88	52.875553	33.41922	85.0	-26.666666	601.73334	4.509614	9.1108885	31.841125	-52.212456	890000	1.5211603e-08	87.13147	-0.009167955	-34.651707	0.49507797	0.016459359	0.08150815	9.0	2135.2835500240326
89	43.91875	42.7602	91.0	-53.333332	577.625	6.081961	7.5399375	28.581697	-57.258816	900000	1.8626451e-09	112.60201	-0.011944723	-43.57541	0.48590204	0.015942993	0.09710971	13.0	2157.1786839962006
90	35.058823	48.4055	96.4	-86.666664	530.5294	4.9191346	10.478917	30.780806	-51.03052	910000	0.0	125.44385	-0.014247564	-37.76897	0.48065627	0.015194564	0.09730973	18.0	2183.949691772461
91	44.884445	37.56029	90.1	-33.333332	585.6	5.9805756	8.958073	35.717266	-51.142994	920000	1.4901161e-08	80.32587	-0.010274605	-20.374128	0.49393162	0.015673526	0.086408645	10.0	2206.46298623085
92	43.49048	36.692783	88.0	-20.0	635.3571	5.3034678	10.8602085	41.892757	-60.29517	930000	-8.692344e-09	97.1363	-0.007849752	-25.797104	0.50323945	0.015688363	0.07380738	7.0	2229.940010547638
93	26.845833	45.771233	91.9	-86.666664	600.625	5.0097103	11.156372	39.41105	-68.83393	940000	1.3659398e-08	122.06525	-0.011004888	-39.74617	0.4919404	0.01612539	0.090809084	11.0	2256.3663280010223
94	42.99778	38.85523	91.9	-40.0	621.93335	5.488894	7.3042197	28.664307	-36.689835	950000	9.934108e-09	87.90797	-0.010436271	-24.733414	0.4936947	0.015461209	0.09430943	10.0	2279.3133232593536
95	40.197777	39.34829	83.8	-46.666668	585.6667	5.649526	7.677245	39.672363	-46.30443	960000	-1.6647391e-08	112.08018	-0.012389648	-42.642685	0.5032792	0.015196645	0.101210125	17.0	2302.999178171158
96	35.82941	49.999504	88.0	-93.333336	540.4706	4.569316	8.986365	29.420681	-55.1972	970000	-2.483527e-09	119.7077	-0.0131526105	-44.611897	0.4900476	0.015343789	0.08890889	12.0	2326.857864379883
97	42.635555	41.682922	94.6	-33.333332	600.5333	6.0135307	8.11194	27.098564	-42.398727	980000	-1.2417634e-08	105.14376	-0.011782988	-53.533615	0.49314964	0.015000418	0.08840885	10.0	2352.318581342697
98	47.820004	40.53952	97.0	-20.0	613.06665	5.197458	9.485039	31.45508	-50.641037	990000	2.3283064e-08	71.85488	-0.010200704	-27.236526	0.4742267	0.01518071	0.09280928	11.0	2374.4293036460876
99	49.324448	33.814083	91.0	-26.666666	601.73334	6.226567	8.271245	28.953657	-42.134987	1000000	-2.1109978e-08	80.91321	-0.011616789	-19.825693	0.46034643	0.015473473	0.09380939	13.0	2399.295410633087
100	48.853336	35.586365	91.0	-20.0	602.93335	5.859011	9.000244	28.167717	-51.462627	1010000	1.2417634e-08	73.75565	-0.010183294	-17.151545	0.475463	0.016068012	0.08360836	11.0	2423.072355747223
101	55.464443	31.595293	90.1	-26.666666	574.8	6.6789565	8.689428	29.918386	-50.937473	1020000	1.21071935e-08	63.230755	-0.00923523	-15.494563	0.48128322	0.015088652	0.06990699	8.0	2446.967374563217
102	40.608887	32.7004	80.2	-26.666666	595.2	6.5613856	8.787867	29.68801	-49.424	1030000	-1.2417634e-08	69.5441	-0.016817585	-25.602331	0.4898716	0.015001964	0.10761076	30.0	2471.3429539203644
103	37.715683	49.95936	94.0	-86.666664	536.1177	4.3653445	7.950592	28.871729	-52.564198	1040000	1.2417634e-08	111.26179	-0.013411279	-35.658142	0.4811016	0.015405793	0.09990999	13.0	2495.1622071266174
104	40.55714	37.4206	89.2	-33.333332	641.4286	5.6122766	8.952995	27.97545	-39.71614	1050000	9.934108e-09	91.33889	-0.0077218763	-27.530096	0.48353443	0.015143829	0.07830783	8.0	2519.0312633514404
105	45.639587	35.98303	83.8	-33.333332	580.0625	5.8048425	9.296444	30.105864	-70.59566	1060000	8.692344e-09	78.99384	-0.009441253	-23.78092	0.48544875	0.016149068	0.09640964	9.0	2542.3197152614594
106	47.488884	33.498215	87.4	-20.0	619.4667	5.9006677	8.667564	33.6336	-48.672733	1070000	-4.967054e-09	83.90623	-0.008474934	-17.366232	0.4800805	0.015209262	0.07030704	10.0	2567.1884138584137
107	45.02	35.502773	82.0	-26.666666	613.73334	5.5290737	8.331007	27.82849	-48.78296	1080000	0.0	68.52018	-0.011425137	-17.449787	0.46887967	0.015139755	0.081408136	15.0	2590.393652677536
108	50.50833	37.39897	94.6	-20.0	566.25	5.2083364	10.2883005	27.639658	-59.33673	1090000	2.8560558e-08	87.382355	-0.013671142	-34.75005	0.48915258	0.0157064	0.09630963	20.0	2613.692891359329
109	55.846664	28.651838	87.4	-40.0	587.4	6.9960337	7.8729014	36.20208	-35.01498	1100000	-1.0554989e-08	68.278725	-0.009704916	-19.944397	0.46434462	0.015778517	0.08700869	8.0	2637.423334121704
110	51.422226	42.855743	100.0	-60.0	559.2	7.443967	6.6770463	30.063175	-37.184914	1110000	-1.9868216e-08	114.78192	-0.008293807	-36.353138	0.47415516	0.0152205005	0.07290729	7.0	2659.6770782470703
111	46.04889	28.468058	88.3	-13.333333	625.4	6.3932953	7.7072086	33.988804	-29.41811	1120000	4.9670536e-08	107.745766	-0.011573105	-53.018326	0.51825756	0.016256228	0.10841084	11.0	2685.7232704162598
112	42.686665	41.14246	95.5	-46.666668	569.26666	5.8315825	8.990781	28.719334	-49.38879	1130000	-6.208817e-09	123.028076	-0.015893059	-37.77235	0.47677386	0.015000246	0.1050105	28.0	2708.8882966041565
113	40.64375	35.687794	95.5	-46.666668	572.875	5.159556	9.420659	36.695034	-43.012264	1140000	1.3659398e-08	107.507225	-0.013132088	-32.799435	0.49534383	0.015327158	0.09590959	15.0	2733.66628742218
114	39.90238	28.534159	82.0	-20.0	636.7857	5.0926747	8.72073	31.411726	-45.961933	1150000	0.0	78.6584	-0.009063308	-17.84844	0.4841822	0.015455954	0.08320832	11.0	2756.1076426506042
115	45.453335	32.72247	97.3	-13.333333	592.0	5.857416	8.426463	32.86693	-46.12845	1160000	6.2088173e-10	87.30665	-0.011044897	-20.114765	0.4955612	0.016212346	0.08980898	12.0	2780.256232023239
116	47.28889	40.722904	85.6	-40.0	594.3333	6.184256	9.012227	34.1436	-43.199524	1170000	-2.483527e-09	75.85808	-0.008389599	-19.512514	0.50139713	0.015049321	0.07940794	9.0	2803.981171607971
117	50.911114	40.67584	97.0	-40.0	582.26666	6.0796576	8.529581	29.797567	-39.390594	1180000	-2.1109978e-08	62.501556	-0.009104188	-13.149104	0.48204747	0.015350926	0.08340835	12.0	2828.256943464279
118	43.566666	33.334183	82.9	-33.333332	620.2	6.6961	8.156166	30.37307	-48.718697	1190000	-3.4294014e-09	73.73989	-0.011048961	-18.348986	0.49804744	0.015773913	0.09220922	10.0	2852.9483149051666
119	36.29412	52.968616	97.0	-86.666664	524.41174	5.3059936	8.765739	28.938873	-58.142384	1200000	7.450581e-09	133.47081	-0.008536543	-45.410473	0.47909757	0.015172598	0.07770777	7.0	2879.3338181972504
120	43.30588	50.530502	97.0	-86.666664	540.35297	5.2650094	9.062093	33.260967	-72.84484	1210000	-2.3283064e-10	111.11695	-0.011260439	-36.6546	0.50224143	0.015160389	0.105510555	13.0	2901.8038578033447
121	40.992596	48.603004	96.4	-80.0	533.8889	5.5096464	10.083209	34.68848	-69.49881	1220000	-4.967054e-09	107.401306	-0.011062384	-38.381016	0.48515132	0.0150400745	0.0940094	12.0	2925.386730194092
122	45.429413	44.08796	88.3	-33.333332	549.2353	5.6395383	10.5455475	33.184437	-53.778328	1230000	8.692344e-09	86.195335	-0.0105534345	-25.929026	0.48436704	0.015973533	0.09440944	9.0	2949.4651861190796
123	45.435555	39.92178	94.6	-40.0	608.26666	5.864113	9.677217	32.251064	-50.679802	1240000	-1.9868216e-08	75.93258	-0.010890643	-22.726213	0.4725225	0.0153563125	0.075307526	13.0	2973.112585544586
124	49.206253	35.0539	85.6	-26.666666	573.0625	5.394824	9.66755	34.63971	-49.572174	1250000	-4.967054e-09	60.800007	-0.009457935	-19.723879	0.4594984	0.015180014	0.078707874	10.0	2998.3837370872498
125	48.4625	38.75938	83.8	-46.666668	590.625	6.671972	9.608434	31.766088	-41.63136	1260000	-1.5056381e-08	65.37477	-0.008569894	-18.583126	0.48115572	0.015576188	0.080008	10.0	3022.019483089447
126	46.403923	38.728092	85.6	-33.333332	575.2941	6.232563	8.27848	32.74567	-39.501705	1270000	-3.7252903e-09	67.567375	-0.008516357	-14.494599	0.47745147	0.015222545	0.06760677	7.0	3046.1355385780334
127	56.055557	38.542873	95.5	-40.0	565.73334	6.4654384	8.623199	32.885223	-36.125652	1280000	-4.967054e-09	63.07765	-0.010606427	-20.514124	0.45613042	0.015531006	0.08890889	14.0	3069.49861741066
128	50.682358	37.699482	86.5	-33.333332	566.35297	7.620645	8.575728	36.82847	-31.681099	1290000	-1.14863115e-08	64.47724	-0.00840839	-17.651266	0.460178	0.015145098	0.08350835	9.0	3091.8877024650574
129	49.5549	42.231472	88.3	-46.666668	556.4706	6.7282844	8.154721	35.244343	-31.446253	1300000	-1.2417635e-09	65.21532	-0.011064324	-16.464815	0.48739335	0.01520282	0.10061007	11.0	3116.250518321991
130	45.995834	36.843975	88.3	-40.0	562.1875	6.8773355	8.10587	36.282345	-35.016663	1310000	4.967054e-09	65.13717	-0.010731854	-12.898674	0.46892092	0.016008044	0.09710971	13.0	3140.7364954948425
131	46.635555	38.460262	91.9	-26.666666	608.06665	6.25918	7.734694	35.080124	-28.534872	1320000	1.1175871e-08	72.28054	-0.0128610805	-19.580753	0.47946134	0.015220563	0.08520851	18.0	3164.8642284870148
132	48.511112	40.202206	89.2	-33.333332	557.5333	6.8124747	8.3169775	32.256474	-30.115839	1330000	-4.967054e-09	84.57742	-0.007645762	-22.990686	0.49842358	0.015296817	0.07820782	7.0	3187.2368998527527
133	49.697777	42.522392	91.0	-46.666668	588.0	7.034962	8.958165	31.751657	-45.961716	1340000	7.450581e-09	65.40243	-0.009822433	-17.541037	0.48563233	0.015269187	0.09620962	13.0	3211.174570798874
134	48.752083	38.3642	92.8	-33.333332	574.75	6.2601004	9.055613	30.342287	-42.354935	1350000	8.692344e-09	70.535645	-0.012813072	-19.875307	0.4921595	0.015083857	0.09360936	17.0	3234.8265657424927
135	44.87778	39.5847	91.9	-40.0	612.4667	7.039592	9.113905	36.24252	-39.155617	1360000	9.9741255e-09	69.53659	-0.007965348	-17.813255	0.48682085	0.016355362	0.07570758	8.0	3258.905267715454
136	42.92917	41.507874	85.0	-40.0	574.9375	6.263562	7.55344	30.65541	-36.551243	1370000	8.7699545e-09	69.49972	-0.013646041	-16.978247	0.5290269	0.0154485265	0.087508745	19.0	3282.3698885440826
137	55.02292	32.838837	94.6	-20.0	569.25	5.5137467	8.263202	29.986452	-32.391987	1380000	7.450581e-09	87.81185	-0.009786006	-36.483315	0.5203321	0.015094015	0.07210721	9.0	3305.0024881362915
138	50.82083	42.24125	94.0	-53.333332	577.1875	7.2560916	8.187093	32.140903	-41.411198	1390000	-1.6142925e-08	91.61966	-0.011330859	-21.765116	0.5113733	0.015522652	0.098609865	13.0	3330.597195625305
139	47.56889	36.77025	96.4	-20.0	626.4	6.709378	8.022202	33.539127	-38.8029	1400000	1.6142925e-08	83.94547	-0.0072655827	-22.525452	0.49881598	0.016411597	0.06720672	7.0	3354.2118747234344
140	50.71111	40.785397	88.0	-33.333332	579.8	6.716406	9.379384	34.234398	-47.3562	1410000	5.5879354e-09	73.389534	-0.013607826	-20.510347	0.50222075	0.015035413	0.10971097	25.0	3377.6830604076385
141	48.2	37.82293	84.7	-26.666666	579.2	7.1458273	9.091722	33.64935	-50.232174	1420000	4.967054e-09	57.23409	-0.0091022095	-14.072482	0.49185708	0.016066382	0.0809081	10.0	3398.8160150051117
142	43.968887	35.054256	91.9	-20.0	634.4667	6.8028436	8.627001	33.156322	-42.889336	1430000	4.0357313e-09	70.50644	-0.008304019	-12.891491	0.4853517	0.016199516	0.08310831	10.0	3425.103614091873
143	47.97778	42.626007	96.4	-33.333332	607.0	6.338111	7.543392	29.424646	-35.382805	1440000	-3.228585e-08	58.971375	-0.009176244	-14.346757	0.48751244	0.015098047	0.06480648	7.0	3448.821532011032
144	50.915554	40.79854	90.1	-26.666666	579.4	7.061532	8.286278	33.556396	-32.434753	1450000	8.692344e-09	75.33147	-0.012127753	-15.138626	0.48664644	0.015112337	0.09200921	20.0	3471.7216453552246
145	42.458336	39.48165	88.3	-33.333332	582.0625	6.565381	8.5489235	33.798607	-32.302933	1460000	-6.9849193e-09	80.54609	-0.009078879	-17.394014	0.4999812	0.015615354	0.08370837	9.0	3496.479436635971
146	42.815556	32.99622	80.2	-40.0	592.6	5.9881763	8.181266	33.240654	-31.2565	1470000	-6.2088173e-10	76.59529	-0.008034843	-21.85317	0.49651814	0.016507145	0.07150715	8.0	3518.50607585907
147	40.525	39.33357	92.8	-33.333332	555.6875	5.569224	8.543678	35.366745	-35.92246	1480000	0.0	87.08723	-0.012854853	-17.457777	0.4957851	0.015273917	0.08920892	14.0	3541.8591318130493
148	39.22889	44.64523	82.9	-53.333332	575.86664	5.3826084	8.013496	29.040092	-38.545677	1490000	1.2417635e-09	61.394306	-0.009531657	-16.457102	0.47210994	0.015395544	0.08680868	10.0	3563.492071390152
149	40.986668	38.733826	88.0	-33.333332	576.86664	5.6158395	8.868644	34.55783	-37.31709	1500000	2.1109978e-08	68.04926	-0.0063085253	-16.54553	0.49059644	0.015021853	0.06420642	6.0	3589.29914522171
150	48.648888	32.144238	98.2	-13.333333	644.26666	5.742265	7.9294753	28.699581	-32.378532	1510000	-1.2417634e-08	91.310524	-0.007665448	-29.041992	0.4738784	0.015802601	0.080008	10.0	3614.3776593208313
151	47.362225	42.18709	97.3	-40.0	600.73334	6.262031	7.5003805	29.68562	-31.493279	1520000	-1.9868216e-08	85.1215	-0.013027121	-30.447792	0.46665096	0.015245176	0.097009696	17.0	3637.7012779712677
152	44.083332	39.073788	79.0	-26.666666	542.625	5.9371104	9.804771	29.893627	-39.15244	1530000	-2.3593506e-08	96.59672	-0.009684161	-28.170984	0.4805809	0.015763992	0.080308035	9.0	3659.6548206806183
153	44.249016	48.41017	91.0	-73.333336	537.82355	5.7846003	8.3404665	30.164074	-34.470005	1540000	9.934108e-09	144.09538	-0.010766757	-45.26706	0.48835364	0.015706025	0.08730873	11.0	3683.379678964615
154	48.12222	44.29682	91.9	-46.666668	583.0	6.8170247	8.015424	29.039392	-44.43924	1550000	4.967054e-09	72.06567	-0.014114621	-23.086752	0.48188815	0.015084952	0.0921092	18.0	3707.183034658432
155	49.833336	44.992466	97.0	-53.333332	570.5625	6.0570407	10.109874	36.63134	-41.732918	1560000	-2.2972623e-08	75.85914	-0.014811003	-19.677412	0.4675964	0.015337929	0.10211021	19.0	3732.258890390396
156	47.739586	38.89719	90.1	-26.666666	576.9375	5.8252864	10.520747	34.34053	-49.78225	1570000	2.6077032e-08	80.24258	-0.009016942	-20.963041	0.46441293	0.015246904	0.07650765	10.0	3753.7814304828644
157	39.655556	42.402355	94.6	-26.666666	625.4	6.849813	9.139176	37.392113	-41.09639	1580000	1.2417635e-09	62.332474	-0.013830107	-18.606441	0.47841987	0.0153256925	0.08460846	16.0	3778.9247064590454
158	42.331112	47.416782	96.4	-53.333332	609.93335	4.4747105	9.173485	27.99249	-43.593857	1590000	-4.656613e-10	68.30248	-0.012979348	-16.659412	0.45662978	0.015425679	0.08320832	19.0	3801.8691873550415
159	42.47778	38.171886	92.8	-20.0	605.86664	5.3668385	9.814704	29.849253	-45.208576	1600000	7.450581e-09	69.40924	-0.00886464	-16.515913	0.45522714	0.015470571	0.079607956	12.0	3826.4877920150757
160	47.147915	33.884075	88.3	-26.666666	591.4375	5.46534	8.69659	32.5278	-31.461658	1610000	-1.800557e-08	76.81665	-0.00939322	-23.638365	0.4641758	0.015397836	0.06770677	9.0	3848.6195430755615
161	43.7	37.867268	91.0	-26.666666	628.93335	6.0011244	9.14552	32.198013	-37.811	1620000	-5.5879354e-09	77.13357	-0.008562182	-18.242638	0.46857348	0.015135334	0.08430844	10.0	3874.047116756439
162	37.45111	39.3324	86.5	-26.666666	613.6667	5.252234	8.771795	26.928158	-43.600403	1630000	3.5390258e-08	86.8534	-0.009423411	-22.016485	0.47025833	0.01606156	0.08970898	10.0	3899.1526329517365
163	48.553333	43.108562	93.7	-40.0	588.3333	5.0358663	8.7436905	26.522686	-40.66663	1640000	7.450581e-09	58.71045	-0.005558426	-20.647179	0.43531552	0.015939366	0.05770577	5.0	3923.139331817627
164	51.18667	42.53875	91.9	-33.333332	593.06665	6.516119	8.478212	30.547256	-40.925804	1650000	-1.0089328e-08	83.48062	-0.009409952	-17.305185	0.4610249	0.016356247	0.085608564	10.0	3946.0913491249084
165	48.058334	36.198673	89.2	-26.666666	568.5625	5.914879	9.580694	29.953339	-41.503513	1660000	1.4901161e-08	60.10727	-0.009826605	-15.376335	0.44299546	0.01628399	0.07550755	9.0	3969.2799282073975
166	43.829166	45.495766	95.5	-46.666668	582.4375	5.8936133	9.59904	30.479757	-46.274273	1670000	-6.208817e-09	66.915474	-0.008303731	-18.24933	0.4550227	0.015600219	0.062406242	9.0	3993.2208511829376
167	47.1	38.252136	96.4	-26.666666	597.73334	6.2481513	9.872637	32.77753	-36.124565	1680000	2.7939677e-08	63.04605	-0.008818707	-13.93954	0.44135103	0.016050557	0.07820782	11.0	4017.7517030239105
168	29.504444	40.93122	91.0	-26.666666	567.06665	5.9036384	9.02277	38.159424	-42.027676	1690000	-1.7384687e-08	102.164	-0.012549933	-27.35789	0.44876257	0.015036084	0.09130913	14.0	4039.611667871475
169	45.52889	36.02475	88.0	-20.0	601.4667	4.5491357	8.873926	27.842352	-41.785225	1700000	1.2417634e-08	79.84257	-0.014211159	-29.225424	0.44577336	0.015053451	0.091809176	19.0	4065.222618341446
170	49.744446	36.911125	86.5	-26.666666	587.6	6.1719174	8.532693	31.692352	-39.661835	1710000	1.5522042e-08	65.79733	-0.010193766	-18.49552	0.45982966	0.016010629	0.07010701	10.0	4088.654282093048
171	46.268627	42.427597	91.0	-46.666668	551.35297	6.520499	9.155376	32.705708	-53.49548	1720000	2.483527e-09	79.76391	-0.0114194965	-25.760736	0.46742406	0.0154949045	0.10471047	15.0	4113.167954921722
172	39.622917	43.563477	88.0	-53.333332	589.0625	5.188016	9.540396	31.611132	-40.477436	1730000	1.1175871e-08	88.49386	-0.0089414455	-25.16233	0.44332218	0.015004004	0.07330733	9.0	4137.340757846832
173	49.302227	39.36503	94.6	-26.666666	602.4	5.569537	9.1296425	31.27977	-47.911407	1740000	-8.8475645e-09	75.9387	-0.008816749	-32.716415	0.4504199	0.015015987	0.065906584	8.0	4161.533082008362
174	44.88	39.577175	95.5	-46.666668	592.26666	6.4643908	9.6592245	31.477211	-55.793556	1750000	4.967054e-09	80.78889	-0.009090936	-21.520988	0.43400827	0.015220403	0.075207524	11.0	4183.720369100571
175	54.38	34.77335	88.3	-20.0	590.2	6.5704875	9.2254305	29.3414	-55.44276	1760000	-1.2417635e-09	85.63342	-0.009272178	-27.498245	0.4388543	0.015593189	0.08430842	10.0	4209.538069486618
176	47.450977	35.786793	90.1	-33.333332	574.64703	6.454287	10.470188	32.41284	-58.587955	1770000	1.2417635e-09	86.9541	-0.009669676	-20.919216	0.43323484	0.015897943	0.08250824	9.0	4232.257692813873
177	52.920002	39.05731	90.1	-33.333332	586.8	6.54909	8.192607	29.583824	-45.651836	1780000	-4.967054e-09	81.24954	-0.010451837	-14.72812	0.4304707	0.01510596	0.0850085	15.0	4256.780482053757
178	45.18039	47.445614	97.0	-86.666664	539.17645	6.489034	8.782466	30.080256	-53.44613	1790000	-1.3038516e-08	103.781624	-0.012697276	-27.132301	0.43220297	0.015521918	0.07330733	21.0	4283.026568889618
179	46.441666	51.876617	100.0	-66.666664	558.3125	6.516034	9.458473	31.513103	-54.503235	1800000	4.2219956e-08	102.39318	-0.010851008	-27.69415	0.4550614	0.01550404	0.10021002	11.0	4305.361677646637
180	46.29778	39.38669	91.0	-40.0	583.0	6.4196305	8.815261	28.754694	-50.005547	1810000	-8.692344e-09	83.01178	-0.00904481	-19.911015	0.43637025	0.015098467	0.07750776	9.0	4329.265521764755
181	50.260002	36.799297	82.9	-26.666666	590.4667	6.121529	8.757527	30.878267	-48.014732	1820000	-2.9802322e-08	60.54236	-0.011918728	-17.526796	0.43244258	0.015711643	0.09850985	15.0	4352.3399085998535
182	63.679996	31.923433	91.0	-20.0	558.06665	7.394104	8.282411	30.311264	-49.585217	1830000	-8.692344e-09	92.06659	-0.010278185	-35.07783	0.44234037	0.01516905	0.08430844	9.0	4374.403238534927
183	48.582222	37.482483	92.8	-40.0	572.6667	8.082935	7.4494586	29.639511	-52.45341	1840000	-1.1175871e-08	96.09866	-0.016662164	-35.638737	0.41851363	0.015214437	0.10291029	44.0	4398.0077130794525
184	53.662224	35.773003	91.0	-13.333333	609.4	5.230018	8.66266	29.013893	-48.87729	1850000	-2.483527e-09	80.9984	-0.011147606	-19.449217	0.42511725	0.016012855	0.086608656	12.0	4424.262482404709
185	43.222225	36.851597	94.6	-33.333332	621.26666	6.503763	9.242792	32.25992	-51.934486	1860000	3.7252903e-09	65.46711	-0.008375724	-19.990374	0.42824897	0.015719658	0.07420742	9.0	4447.421874284744
186	56.64667	37.281914	97.0	-40.0	595.6667	5.826479	8.07199	29.370607	-49.19258	1870000	2.1109978e-08	71.872345	-0.009839218	-19.298063	0.41296625	0.0150163	0.066706665	13.0	4471.417701005936
187	51.12889	32.82202	83.8	-20.0	611.0	7.066249	7.4769793	30.186668	-46.840252	1880000	2.7318796e-08	80.12204	-0.0106880935	-18.190426	0.4291351	0.015174267	0.088408835	15.0	4493.473680019379
188	52.56222	35.584553	88.3	-13.333333	599.4	6.583411	9.26401	30.298851	-56.34083	1890000	-1.4901161e-08	79.55729	-0.012100451	-15.075455	0.4485027	0.015356298	0.0940094	17.0	4518.630488157272
189	52.51875	43.983974	91.0	-33.333332	555.375	6.5957923	10.345618	30.55293	-57.505733	1900000	4.967054e-09	67.33254	-0.015031457	-19.328068	0.44740477	0.015315872	0.10251025	35.0	4541.454758167267
190	45.904167	44.01077	94.0	-46.666668	576.9375	6.7190075	10.040357	30.213045	-55.962723	1910000	2.7939677e-09	90.56303	-0.00955431	-23.48567	0.46032164	0.015337755	0.07950795	13.0	4564.449559926987
191	40.933334	48.914368	96.4	-60.0	535.1177	5.8443527	9.85305	32.604153	-45.945568	1920000	1.1796753e-08	100.2694	-0.0135231735	-28.508398	0.475582	0.01516614	0.088408835	14.0	4588.668328762054
192	46.101963	50.71755	93.7	-86.666664	530.94116	5.5376606	9.743311	32.655415	-49.46238	1930000	1.3969839e-08	95.52893	-0.008746978	-28.07061	0.45859528	0.01590942	0.090009004	9.0	4613.650353908539
193	36.15294	54.224396	94.0	-66.666664	544.05884	5.7235823	11.379106	37.268215	-54.404125	1940000	8.071463e-09	115.74851	-0.0074882987	-35.34004	0.46448135	0.017431444	0.07840783	8.0	4638.998166322708
194	47.06889	44.874565	94.0	-40.0	612.93335	6.071077	8.801132	30.546484	-51.34721	1950000	1.8626451e-09	76.754845	-0.0089970445	-17.26527	0.4711531	0.015547072	0.10101011	10.0	4663.549946784973
195	52.945835	32.456627	85.0	-20.0	571.6875	5.7549424	9.498762	32.380894	-43.22552	1960000	-9.934108e-09	80.47681	-0.008585439	-23.823298	0.46928927	0.015305325	0.08440844	9.0	4686.866014719009
196	52.831245	37.817936	91.0	-53.333332	594.3125	7.110336	9.270995	36.781677	-48.713737	1970000	-2.483527e-09	69.55703	-0.0129872905	-13.858716	0.472046	0.0150824385	0.089108914	18.0	4711.196989059448
197	49.55625	32.859055	94.0	-26.666666	603.5	6.281288	8.85821	33.38248	-45.675167	1980000	-1.9557774e-08	76.60278	-0.011504591	-20.248392	0.47878847	0.016467901	0.098809876	10.0	4733.996646404266
198	46.851112	40.151398	88.3	-33.333332	578.86664	6.5844545	7.4889097	31.378885	-46.668262	1990000	3.7252903e-09	79.53883	-0.020601844	-25.372412	0.45802394	0.015148494	0.11451145	41.0	4758.185261726379
199	50.06222	35.84159	96.4	-13.333333	602.3333	5.931703	8.3573885	30.077484	-39.55522	2000000	-6.2088173e-10	76.76657	-0.009927641	-16.964931	0.46397105	0.015410155	0.0880088	12.0	4781.6996076107025
200	49.604446	34.619076	94.0	-20.0	625.73334	5.784684	8.457938	29.700695	-39.174427	2010000	0.0	82.425896	-0.009443872	-20.835917	0.47865424	0.015493584	0.09580958	9.0	4804.76750087738
201	51.450005	37.536102	96.4	-26.666666	648.2143	6.418065	7.592861	31.002794	-33.695	2020000	5.5879354e-09	81.61629	-0.014518619	-20.764605	0.46929598	0.015168961	0.10481048	34.0	4830.665796279907
202	48.906666	48.11675	94.0	-40.0	591.13336	5.970166	9.795242	31.06539	-47.477314	2030000	-9.934108e-09	74.86661	-0.013123162	-18.434683	0.46987388	0.015011887	0.08360836	19.0	4854.520673751831
203	40.042854	42.474667	100.0	-26.666666	634.5	6.1365485	9.912192	31.164568	-48.855373	2040000	-9.934108e-09	95.05781	-0.008494553	-22.270727	0.473081	0.015832506	0.07670767	8.0	4877.1544625759125
204	47.56889	43.38011	97.3	-46.666668	587.73334	5.7106633	9.279739	32.722107	-49.98543	2050000	-6.208817e-09	81.775276	-0.009343141	-19.17155	0.48085657	0.015383515	0.08660867	11.0	4898.639188528061
205	52.604443	38.129112	92.8	-33.333332	583.3333	5.8922896	9.162399	29.306116	-47.719322	2060000	3.1044085e-09	66.84724	-0.008968	-18.141687	0.48327264	0.015421179	0.06960696	9.0	4922.335362672806
206	46.808887	33.71116	86.5	-13.333333	582.06665	6.818601	8.825903	30.398249	-53.774895	2070000	-1.4901161e-08	94.99705	-0.009054353	-29.371222	0.48874128	0.016171286	0.10141014	11.0	4945.248581409454
207	42.98889	49.385887	91.9	-93.333336	531.7778	5.4270077	7.6792917	28.550102	-38.64069	2080000	-9.934108e-09	99.768585	-0.0062438007	-24.476019	0.4749993	0.015034215	0.06460646	6.0	4967.661267995834
208	33.80417	40.37123	96.4	-46.666668	612.6875	6.1200366	8.831055	30.09957	-34.68224	2090000	-9.934108e-09	128.15059	-0.009892613	-37.22687	0.49712428	0.016823562	0.087508745	8.0	4992.704103708267
209	48.326668	40.958702	94.0	-33.333332	591.06665	4.1530805	9.123117	33.979782	-38.7742	2100000	-1.2417635e-09	84.28399	-0.0084427595	-25.369217	0.48229858	0.015738646	0.08260826	10.0	5015.457417011261
210	46.591114	43.75415	94.6	-40.0	569.8	6.3865256	9.271589	27.909115	-43.72716	2110000	6.208817e-09	72.05393	-0.011033308	-18.015753	0.48431352	0.015185838	0.09550955	14.0	5038.408608198166
211	35.464584	41.032604	85.6	-40.0	570.1875	5.3301277	10.150944	30.28691	-43.780945	2120000	-1.6142925e-08	105.1993	-0.0096744085	-30.918528	0.49366483	0.015216112	0.074307434	10.0	5062.041233301163
212	42.12	36.178467	93.7	-20.0	587.86664	5.025349	9.826288	32.1083	-51.500526	2130000	-9.934108e-09	71.62918	-0.00909389	-13.267133	0.4953331	0.01519432	0.09720972	10.0	5084.998523235321
213	39.733334	42.93621	93.7	-40.0	584.86664	5.197398	9.570917	30.975832	-51.742863	2140000	-1.2805685e-08	69.594215	-0.009746715	-15.056418	0.49912074	0.015286108	0.10111011	11.0	5108.854182004929
214	47.126667	38.99871	88.0	-26.666666	605.06665	5.5575476	8.883377	31.984118	-41.9961	2150000	-1.7695129e-08	71.60056	-0.009096294	-19.48588	0.48808312	0.016046977	0.08930894	11.0	5135.403815031052
215	44.82619	45.921642	90.1	-46.666668	642.2143	5.6028166	8.765776	30.964945	-36.416546	2160000	1.2417635e-09	72.84815	-0.011250745	-17.620672	0.47775778	0.01506908	0.09140915	15.0	5157.90780210495
216	50.7	41.13013	88.0	-33.333332	591.0	6.055921	9.830734	35.96586	-40.192024	2170000	-1.4280279e-08	68.73939	-0.009475175	-15.966663	0.4719024	0.015382188	0.08410841	9.0	5183.167885303497
217	44.22889	46.801777	100.0	-40.0	615.26666	6.826068	9.805639	34.2836	-48.928345	2180000	7.450581e-09	68.536095	-0.008222989	-14.355552	0.4769856	0.015558451	0.07800781	9.0	5206.835894823074
218	48.77111	41.095524	94.6	-33.333332	614.86664	5.5430646	10.497219	34.71358	-55.633575	2190000	1.1175871e-08	85.94868	-0.009186617	-29.300528	0.46858373	0.015470601	0.08710871	11.0	5229.960374593735
219	48.833332	35.131966	93.7	-13.333333	618.13336	6.846127	8.457347	33.60846	-38.396587	2200000	-4.967054e-09	62.78017	-0.009799902	-11.691898	0.47233856	0.015624404	0.10261026	12.0	5253.6096971035
220	47.30417	40.750893	96.4	-46.666668	594.5625	5.99412	8.422109	30.016565	-41.92884	2210000	-2.4680048e-08	76.50567	-0.013982532	-16.375042	0.4829022	0.015266131	0.1030103	19.0	5278.939831972122
221	51.95833	39.776913	92.8	-40.0	574.0625	5.3904753	9.010887	29.49962	-44.129475	2220000	1.2417635e-09	64.78083	-0.011733002	-15.075219	0.4683703	0.015439105	0.08920892	14.0	5303.776134252548
222	47.44222	40.180447	86.5	-33.333332	621.5333	6.988991	9.302251	31.088844	-47.242702	2230000	2.7163576e-09	58.15965	-0.009837963	-12.157058	0.47339037	0.01557916	0.08690869	12.0	5328.3816614151
223	46.92292	42.944466	95.5	-26.666666	576.125	5.9869733	9.784725	30.805618	-52.03513	2240000	-1.4901161e-08	71.13471	-0.010977895	-21.221571	0.4690666	0.015829198	0.08780879	14.0	5351.500752210617
224	49.22667	41.98861	94.0	-40.0	609.6	5.4443817	10.138449	30.50813	-53.14099	2250000	1.8626451e-09	71.44524	-0.007756643	-17.869896	0.46757933	0.016358368	0.07310731	8.0	5374.2575895786285
225	37.219997	44.1921	91.9	-26.666666	578.6667	5.988302	10.3543215	33.908936	-47.60971	2260000	-1.2417634e-08	106.77856	-0.011564995	-34.29332	0.46868935	0.015035075	0.085508555	14.0	5396.9999759197235
226	32.04118	54.08182	87.4	-86.666664	537.4706	4.318288	8.576745	31.171646	-31.518244	2270000	-8.692344e-09	144.09457	-0.010137792	-49.953197	0.48423696	0.015937606	0.0910091	10.0	5424.0348944664
227	45.92667	40.62993	90.1	-40.0	558.13336	4.4509134	9.935391	28.455778	-43.89858	2280000	-1.8626451e-09	71.86432	-0.008604132	-16.62272	0.47353446	0.01626298	0.07080708	9.0	5446.748633146286
228	48.291668	36.944256	93.7	-33.333332	575.9375	5.2034984	9.403768	28.282408	-39.024483	2290000	7.450581e-09	86.357735	-0.007645205	-20.109882	0.47687355	0.031124117	0.08070807	5.0	5470.352314949036
229	38.75833	36.229137	91.0	-26.666666	593.0	5.3704095	9.937376	31.412941	-46.307945	2300000	1.1175871e-08	78.95243	-0.006505812	-20.431871	0.49070263	0.015693948	0.08410841	7.0	5494.4046087265015
230	46.084446	36.808273	91.0	-26.666666	594.86664	5.1381316	9.791259	30.26981	-50.79293	2310000	-4.346172e-09	76.28406	-0.011390132	-20.428526	0.49593484	0.015848463	0.09570957	16.0	5519.728634119034
231	31.327454	50.638588	91.0	-66.666664	544.7647	4.532974	9.08884	28.916136	-43.19658	2320000	4.967054e-09	114.34028	-0.011985891	-30.620077	0.49041834	0.015135755	0.08330833	10.0	5544.1397087574005
232	33.695557	43.24431	87.4	-26.666666	577.0	4.1250224	8.918308	29.31548	-43.158264	2330000	-7.450581e-09	106.39811	-0.011351238	-31.28061	0.4821936	0.015728427	0.0820082	12.0	5565.740757703781
233	42.679165	44.377007	92.8	-46.666668	577.0625	4.1592574	8.958666	30.32342	-41.902622	2340000	2.173086e-09	114.176704	-0.010488499	-34.917637	0.4801804	0.015620227	0.07960796	10.0	5592.072103977203
234	43.579998	41.50469	90.1	-40.0	572.06665	4.6590247	11.444737	31.919645	-55.651196	2350000	1.4901161e-08	106.78953	-0.008409374	-30.06222	0.49580917	0.017025784	0.08680868	8.0	5613.868736505508
235	55.831253	36.64781	94.0	-33.333332	576.625	5.8680925	8.572579	34.453506	-41.198624	2360000	-1.4901161e-08	77.63038	-0.010033364	-18.653477	0.49001896	0.015961798	0.0929093	11.0	5639.559498310089
236	30.882221	45.47455	94.0	-40.0	572.8	6.7976713	9.685892	34.49635	-50.752216	2370000	-4.346172e-09	105.85742	-0.010280556	-33.467342	0.4830595	0.016262496	0.0921092	10.0	5661.995249509811
237	48.314583	44.632706	94.6	-53.333332	553.125	3.3910687	10.415978	31.334644	-52.549026	2380000	-1.2417634e-08	112.00144	-0.013852897	-32.74831	0.49360028	0.015019252	0.09560957	19.0	5686.908908128738
238	45.531113	43.51383	94.0	-26.666666	594.8	5.7899213	9.377435	31.28045	-48.545555	2390000	3.7252903e-09	79.42132	-0.011035842	-22.729559	0.47790575	0.015289247	0.09590959	13.0	5711.832525968552
239	42.25778	40.72762	90.1	-53.333332	587.2	5.2651277	10.18111	31.225336	-50.456295	2400000	-2.9831426e-08	69.916306	-0.008906562	-22.047735	0.48610735	0.01542743	0.07110711	8.0	5735.845336675644
240	53.11334	40.139473	97.0	-20.0	590.4	5.872984	9.0813675	31.996216	-48.14234	2410000	-1.5211603e-08	89.93136	-0.010327182	-24.605352	0.47128853	0.015352748	0.084808476	16.0	5762.163313627243
241	45.844444	37.743423	97.3	-26.666666	581.5333	6.7175736	9.635151	34.073696	-47.756317	2420000	-1.2417635e-09	86.87473	-0.009868443	-22.93875	0.4774053	0.015108183	0.084708475	11.0	5784.616146326065
242	38.719997	38.98617	83.8	-26.666666	585.73334	5.9441953	9.265726	33.98377	-45.204067	2430000	7.450581e-09	86.82968	-0.008882192	-27.600813	0.47254232	0.01610684	0.07750776	9.0	5807.5504591465
243	39.822918	41.534576	92.8	-33.333332	571.4375	4.6022134	9.236964	31.999424	-41.988144	2440000	4.967054e-09	99.617134	-0.0126893995	-23.998713	0.4821812	0.015091877	0.09120911	16.0	5831.277614116669
244	46.416664	41.31167	91.0	-33.333332	555.5625	4.6748962	9.85877	31.059132	-47.414745	2450000	9.934108e-09	86.96053	-0.015281987	-18.212088	0.47213957	0.015099402	0.10451045	28.0	5853.874088764191
245	49.850983	34.606876	86.5	-26.666666	543.0	5.643791	9.959524	29.402647	-46.5445	2460000	-1.40474485e-08	68.526955	-0.012959954	-21.82334	0.50189924	0.015344683	0.09850985	17.0	5878.20482301712
246	30.47111	41.599857	81.1	-46.666668	575.93335	6.38429	9.248004	33.80608	-35.772434	2470000	-8.692344e-09	118.422935	-0.011803563	-38.7314	0.4884	0.015025587	0.09820982	13.0	5901.166028499603
247	44.745094	50.20013	97.0	-53.333332	535.2353	4.249623	9.674008	29.432394	-34.606293	2480000	-7.450581e-09	131.04182	-0.017376611	-49.823704	0.47987995	0.01517741	0.10391039	26.0	5924.762548446655
248	43.852085	35.845207	88.3	-20.0	592.875	6.533016	9.410346	32.992764	-52.90727	2490000	6.2088173e-10	89.30714	-0.009751721	-23.708435	0.47060093	0.015188695	0.08710871	10.0	5949.7380027771
249	45.45556	35.158432	94.6	-26.666666	605.5333	6.022411	8.9682455	35.595158	-52.871567	2500000	1.7384687e-08	89.71786	-0.007420746	-23.769651	0.4774152	0.018296363	0.0679068	6.0	5973.176709651947
