Epoch	AverageEpRet	StdEpRet	MaxEpRet	MinEpRet	EpLen	AverageVVals	StdVVals	MaxVVals	MinVVals	TotalEnvInteracts	LossPi	LossV	DeltaLossPi	DeltaLossV	Entropy	KL	ClipFrac	StopIter	Time
0	97.75715	3.8636978	100.0	80.8	173.16072	32.17826	14.184427	60.629578	-21.799036	10000	2.2662183e-08	31.058283	0.0047406773	-4.0083785	0.3748063	0.020754341	0.079307936	1.0	31.058316946029663
1	98.16429	2.5534585	100.0	87.4	175.57143	31.505268	14.594153	60.37971	-10.472273	20000	2.894861e-08	31.28185	-0.003350734	-4.0143447	0.3756307	0.0155577855	0.07790779	6.0	60.008384466171265
2	98.18947	2.2597685	100.0	89.8	172.38597	32.34132	14.415515	62.030052	-10.124432	30000	-1.6763806e-08	29.018515	-0.0052601495	-3.515035	0.3805636	0.016166208	0.07630763	11.0	91.54391860961914
3	98.34545	2.2003155	100.0	92.0	176.67273	32.087227	14.605815	62.397766	-11.707772	40000	6.208817e-09	29.331514	-0.0050171665	-2.572071	0.37835875	0.016551308	0.068906896	13.0	122.10731363296509
4	97.560715	3.8927436	100.0	76.0	174.21428	32.185314	14.556165	63.937	1.8361797	50000	3.1044085e-08	32.709503	-0.006297576	-3.163648	0.38445497	0.015489078	0.09560957	14.0	153.6018843650818
5	98.17091	2.2884426	100.0	88.0	174.14546	31.49385	14.996974	63.260914	-14.792678	60000	2.1109978e-08	27.90626	-0.0042391163	-2.2947476	0.38330206	0.015623069	0.06450645	13.0	184.52914834022522
6	97.40351	4.574144	100.0	76.0	173.8772	32.204796	14.700749	62.932373	-5.0036526	70000	3.228585e-08	33.34247	-0.0051205293	-5.0007195	0.39500368	0.015087341	0.08270827	11.0	214.61154890060425
7	98.3	2.0389066	100.0	91.0	172.94643	31.823776	14.48227	62.45833	-8.446603	80000	3.7252903e-08	33.419857	-0.0047830297	-4.487904	0.393389	0.015275784	0.08340835	8.0	243.13640117645264
8	98.15715	2.1473281	100.0	92.8	172.94643	32.25781	14.159976	62.870743	0.47371054	90000	-2.5456151e-08	26.60731	-0.005312431	-3.5906944	0.38629842	0.015196063	0.09160916	9.0	275.29789328575134
9	98.02501	2.658426	100.0	86.8	174.51785	32.276546	14.603917	62.546265	-6.6152267	100000	3.290673e-08	29.818848	-0.006558468	-3.7938702	0.36969933	0.015775245	0.09740975	12.0	304.64404463768005
10	98.01428	2.4209964	100.0	91.0	173.21428	32.13423	14.454205	62.24498	-5.2014613	110000	8.319815e-08	28.393827	-0.0045196856	-2.8644454	0.37450156	0.01523528	0.094409436	9.0	335.2409927845001
11	97.917854	2.8215432	100.0	85.0	174.16072	32.335045	14.328246	62.52066	-0.30381727	120000	7.450581e-09	32.35649	-0.004446665	-3.7001998	0.37305054	0.01520618	0.063806385	10.0	365.6812961101532
12	98.00702	4.197905	100.0	70.0	172.5614	32.251705	14.6116905	62.303696	1.4210584	130000	1.11448266e-07	29.008087	-0.0050903903	-3.2227337	0.37516952	0.015247852	0.060306028	10.0	394.15924310684204
13	98.13684	2.288693	100.0	91.6	169.82455	32.330807	14.699752	62.37994	-0.48181397	140000	8.071463e-09	27.860022	-0.005940208	-4.779022	0.37343398	0.015311506	0.07990799	13.0	425.59646821022034
14	97.76842	3.6083312	100.0	79.0	169.85965	32.722694	14.787318	62.452255	-0.24592215	150000	2.7318796e-08	29.159393	-0.006270692	-4.331665	0.3790822	0.016046142	0.06750675	10.0	452.74830079078674
15	97.65714	2.819502	100.0	88.6	174.75	32.052624	14.736603	62.627247	-8.144891	160000	9.313226e-09	31.293287	-0.006882526	-3.5445507	0.37184873	0.015122208	0.08250826	22.0	484.0215861797333
16	97.86072	2.8294168	100.0	88.0	175.16072	32.009388	14.369187	62.426674	-0.2891571	170000	-1.7173685e-08	28.407616	-0.006945525	-2.9918766	0.36731502	0.01515106	0.07120711	18.0	513.0859177112579
17	97.78546	3.2999952	100.0	80.8	176.01819	31.634775	14.902656	64.43487	-3.370325	180000	2.9802322e-08	32.13676	-0.006977983	-4.9024854	0.369836	0.015283656	0.09360936	13.0	543.6087377071381
18	98.060715	2.8482873	100.0	85.0	174.55357	31.684357	14.466802	63.76046	1.4589733	190000	-3.9425988e-08	27.656893	-0.007245851	-2.5107377	0.37621292	0.015206788	0.078607865	19.0	572.8971738815308
19	97.564285	3.9817631	100.0	76.0	173.60715	31.851742	14.895452	64.07833	-9.960995	200000	1.8626451e-08	28.159128	-0.0062065795	-2.8627777	0.37809956	0.015746793	0.08340833	10.0	602.757221698761
20	97.65818	5.3447914	100.0	64.0	174.67273	31.552471	14.808684	62.595016	-2.1756392	210000	9.934108e-09	34.745483	-0.005703163	-5.3607535	0.37681413	0.016284695	0.08010801	8.0	633.6708698272705
21	97.59298	3.9130845	100.0	76.6	171.66667	32.20125	14.712994	62.1512	-6.8768945	220000	-1.9868216e-08	31.266243	-0.0064841006	-4.805101	0.37465787	0.015100583	0.088208824	11.0	661.2579846382141
22	97.950005	3.351598	100.0	80.8	175.10715	31.80252	14.808676	62.17655	-24.392265	230000	-4.967054e-09	26.46385	-0.005284076	-4.8329253	0.37284216	0.015941067	0.09270927	6.0	690.755439043045
23	98.41754	1.6763704	100.0	94.0	171.64912	32.11156	15.194419	61.9629	-3.727892	240000	-7.574757e-08	25.484331	-0.005730398	-2.8676097	0.35547784	0.015096199	0.07350735	16.0	719.6389224529266
24	97.653336	3.1563401	100.0	80.8	165.48334	32.925022	14.392261	61.816776	-7.7723494	250000	-4.9204875e-08	23.641684	-0.005516495	-3.7242348	0.3657372	0.015738854	0.064006396	11.0	748.7744507789612
25	97.55789	2.9855173	100.0	88.0	171.1228	32.611004	14.902318	62.423492	-8.081055	260000	-1.4901161e-08	27.329575	-0.0049522384	-3.5705917	0.3722391	0.016268082	0.069106914	7.0	778.5570290088654
26	97.40001	6.6514235	100.0	50.0	174.94643	32.022545	14.510609	61.87429	-11.353598	270000	4.4703484e-08	34.259808	-0.0056746416	-3.7104099	0.36234	0.015178684	0.07650765	13.0	807.1828472614288
27	97.76072	2.869649	100.0	86.0	177.03572	31.239758	14.805606	61.66625	-3.564917	280000	-1.4280279e-08	28.00471	-0.0053415857	-3.5378895	0.355494	0.015255444	0.07370737	7.0	840.5541927814484
28	98.02545	2.4866343	100.0	90.4	174.61818	31.783064	14.3049555	63.873367	-1.541327	290000	-4.5634806e-08	30.206991	-0.0058026114	-3.4882405	0.35524407	0.016788779	0.06770677	9.0	869.163770198822
29	97.30357	4.0256305	100.0	78.4	171.91072	32.284912	14.4608135	62.4246	-9.607923	300000	1.2417634e-08	25.968664	-0.004431002	-3.2619438	0.36289966	0.015102386	0.0669067	8.0	898.5229697227478
30	97.192726	3.316726	100.0	88.0	177.74545	31.509243	14.912934	62.011387	-19.113108	310000	-9.313226e-09	28.07762	-0.005601629	-3.1091042	0.35249862	0.016670244	0.06620663	8.0	928.0698506832123
31	95.67857	14.596413	100.0	-10.0	177.26785	31.538687	14.309344	62.871803	-10.755204	320000	-8.071463e-09	67.79148	-0.0064405245	-23.559687	0.35630187	0.016138503	0.068506844	6.0	955.9799203872681
32	97.461815	5.311377	100.0	64.0	175.96364	31.02509	14.725379	60.60293	-17.276117	330000	3.3527613e-08	36.864975	-0.009710093	-7.3329883	0.3602271	0.015153709	0.07540754	25.0	987.1252191066742
33	96.875	5.8317556	100.0	64.0	175.875	31.240435	15.397656	62.27018	-14.641482	340000	6.208817e-09	34.864136	-0.006735459	-4.963658	0.35658672	0.015781505	0.08250824	12.0	1015.5985643863678
34	98.26429	1.7752694	100.0	94.0	174.16072	31.495674	14.749471	62.973587	-6.792242	350000	-9.313226e-10	29.93173	-0.0062212124	-4.206812	0.34921145	0.015529345	0.08320832	26.0	1048.1713428497314
35	98.27143	2.2845528	100.0	88.0	174.83928	31.963722	14.745752	67.0058	-2.5875766	360000	-1.1967495e-07	23.12741	-0.0049286843	-2.7366562	0.354419	0.015182488	0.06960696	9.0	1077.0211584568024
36	97.9889	2.2082055	100.0	90.4	176.38889	31.825502	14.817062	62.57388	-4.8330545	370000	4.0978193e-08	25.823843	-0.0036079523	-3.58623	0.3597937	0.01508038	0.06450645	6.0	1106.544771194458
37	98.02857	3.4998834	100.0	76.0	173.875	31.79102	14.854201	63.34732	-3.821852	380000	8.4750354e-08	30.070099	-0.004997781	-3.9829147	0.36518142	0.016928663	0.07370737	14.0	1135.3095247745514
38	97.49474	4.013854	100.0	76.0	170.29825	32.21078	14.987642	64.18593	-6.541516	390000	-2.2895013e-09	28.232262	-0.0040079397	-4.4048543	0.36924267	0.016376711	0.07580758	8.0	1164.4886412620544
39	97.37586	4.638977	100.0	74.0	170.7069	32.508198	14.934745	62.91742	-8.398961	400000	4.718701e-08	25.79304	-0.007144935	-2.435702	0.36834657	0.015086427	0.076207615	23.0	1195.0322034358978
40	98.1579	1.8508358	100.0	94.0	171.89473	32.06439	14.9533	65.40034	1.5551198	410000	-6.7055225e-08	23.82167	-0.005173353	-2.377828	0.36115682	0.016160704	0.06880688	13.0	1224.7026462554932
41	98.520004	1.6503882	100.0	94.0	173.76364	32.244633	14.555482	61.621433	-14.502169	420000	3.663202e-08	31.087748	-0.0046870466	-3.5820072	0.3654448	0.015418167	0.078707874	8.0	1253.1498901844025
42	98.23448	2.076515	100.0	90.0	170.24138	32.29571	14.654178	60.160316	-5.8429427	430000	-7.450581e-09	24.333052	-0.0037637018	-4.3497453	0.37550673	0.0154015245	0.07360736	6.0	1283.1182408332825
43	97.333336	3.2580981	100.0	86.0	168.82455	32.61202	14.8980055	63.176125	-0.44311714	440000	-3.259629e-08	25.715223	-0.0074359835	-3.5433788	0.3770337	0.015580961	0.087508745	22.0	1311.981683731079
44	97.86665	2.9332535	100.0	87.4	170.6842	32.51726	14.717871	62.77718	-5.0506477	450000	-9.1114394e-08	23.354279	-0.0061394027	-2.5347538	0.38059983	0.015307094	0.075907595	9.0	1343.0916080474854
45	98.344826	1.7403098	100.0	94.0	167.94827	32.807796	14.601831	62.433956	2.9541512	460000	4.5945246e-08	24.085646	-0.005310261	-2.0406277	0.37478623	0.015165965	0.07660766	22.0	1373.901110649109
46	98.52983	1.7645594	100.0	95.2	167.64912	33.054558	14.62879	62.094604	-9.034339	470000	-1.0089328e-08	28.192987	-0.0062875752	-3.5538654	0.37393007	0.015538703	0.06720672	14.0	1403.1314351558685
47	97.725	3.169173	100.0	85.0	174.64285	32.144634	15.011252	62.319653	-11.2288685	480000	6.208817e-09	30.191477	-0.005892632	-3.885294	0.36895266	0.01596778	0.08390839	10.0	1430.7072594165802
48	97.35439	4.179989	100.0	80.0	172.0351	32.370266	14.476466	63.773994	-14.120967	490000	9.437402e-08	31.61762	-0.010106902	-5.2249274	0.37557164	0.015533115	0.08270827	38.0	1459.7738196849823
49	98.01053	2.5528574	100.0	86.0	170.91228	32.112755	15.003061	63.370502	-9.298928	500000	2.3981556e-08	25.397758	-0.0058835573	-3.3853657	0.37249908	0.015261405	0.07350735	12.0	1491.086396932602
50	98.14286	2.215437	100.0	87.4	171.625	32.267292	14.63115	61.924168	-0.35093695	510000	-3.7873786e-08	32.217796	-0.0049708434	-4.1955466	0.37078843	0.015644155	0.069806986	6.0	1518.5814788341522
51	97.067856	4.372851	100.0	78.0	174.375	31.79609	14.630129	62.85546	-9.271118	520000	-5.4637592e-08	30.843903	-0.0062984475	-4.6026797	0.37473747	0.016266303	0.06950695	8.0	1546.3993873596191
52	97.825005	3.509184	100.0	75.4	175.42857	31.696482	14.796371	61.569153	-18.60674	530000	5.9216593e-08	31.170034	-0.009934484	-4.3916507	0.36035395	0.015014007	0.0830083	47.0	1579.6467611789703
53	97.549995	3.63873	100.0	82.0	174.75	32.01208	14.453518	62.214943	-8.058586	540000	-6.208817e-09	31.236338	-0.007054294	-4.1504645	0.36667	0.015943043	0.088208824	15.0	1607.6927342414856
54	97.97818	2.4838889	100.0	90.0	176.52727	31.41106	14.754146	61.98937	-4.2030964	550000	1.4901161e-08	32.495068	-0.0056064688	-4.7277045	0.35807654	0.017617986	0.07560756	8.0	1640.1154272556305
55	97.8	3.4655707	100.0	76.0	177.01819	31.914665	14.233393	61.656044	2.5157983	560000	3.275151e-08	32.71098	-0.0074141505	-4.3020444	0.35166097	0.015267652	0.07650765	29.0	1669.6281321048737
56	98.38182	2.1025603	100.0	90.0	176.74545	31.766296	14.329727	63.20625	-10.593338	570000	-5.4637592e-08	31.976732	-0.005083418	-3.4898841	0.34597385	0.015183096	0.08840885	9.0	1699.0255889892578
57	97.95273	2.2566147	100.0	90.0	176.52727	32.404816	14.006739	61.75982	-14.453741	580000	-1.7889155e-08	29.930902	-0.005182278	-2.9210732	0.34368205	0.016382327	0.07770777	10.0	1727.9176864624023
58	96.53208	5.026412	100.0	72.0	182.5849	31.211336	14.289553	61.62403	-10.102278	590000	1.2417634e-08	39.640347	-0.006913749	-5.4274063	0.3464072	0.015074347	0.08770877	14.0	1757.7728946208954
59	96.96	3.8755922	100.0	80.0	177.92728	31.199629	13.74414	64.10117	-14.459567	600000	-2.7939677e-09	34.10471	-0.008671944	-5.3777957	0.3504453	0.015515235	0.068906896	22.0	1787.3811028003693
60	97.98546	2.6818862	100.0	87.4	173.70909	31.73557	14.331461	62.30003	-2.2048473	610000	-9.934108e-09	31.405655	-0.004821759	-4.1367974	0.36047545	0.01678829	0.08620862	6.0	1818.0392088890076
61	96.89812	4.3596125	100.0	80.0	183.92453	31.325104	14.477056	61.93063	-12.511933	620000	9.934108e-09	33.451824	-0.0068142843	-5.8715577	0.3655008	0.01555755	0.06830683	12.0	1846.745558977127
62	97.86428	2.5383084	100.0	90.0	174.60715	31.76516	14.087793	66.26608	-3.6531477	630000	3.4148495e-09	31.198023	-0.0051972293	-3.6313171	0.36004433	0.015580885	0.0910091	10.0	1876.0497832298279
63	97.36728	3.7613854	100.0	78.0	174.52727	31.722813	14.658801	62.564068	-3.0255225	640000	-2.7939677e-08	34.006557	-0.0042550014	-3.8273869	0.36448583	0.01787725	0.06740674	7.0	1905.9508094787598
64	97.84364	2.838358	100.0	88.0	173.96364	31.74697	14.5568495	62.153465	-16.893608	650000	-7.0780516e-08	29.527658	-0.004964758	-4.0753746	0.36638173	0.016829528	0.08340835	8.0	1934.6594791412354
65	96.38948	15.677067	100.0	-20.0	174.1228	32.176044	14.46873	61.959984	-15.0167675	660000	3.973643e-08	66.56768	-0.009076648	-24.322327	0.35488442	0.015553032	0.08230823	18.0	1965.1635248661041
66	97.77092	3.421518	100.0	83.8	174.83636	31.405561	14.689253	58.071716	-25.589828	670000	9.934108e-09	33.74766	-0.0053915265	-7.237484	0.3583933	0.015395117	0.07110711	8.0	1996.5592901706696
67	97.95517	2.8963814	100.0	85.6	170.56897	32.446266	14.285581	59.703243	-17.013767	680000	-1.20295836e-08	31.560678	-0.005548498	-4.9658184	0.36226425	0.015907923	0.08120812	11.0	2026.5572667121887
68	98.07637	2.664648	100.0	85.0	175.61818	32.384544	14.423271	61.790054	-3.353764	690000	-3.3527613e-08	30.668495	-0.0070650964	-3.1805584	0.35236704	0.015959965	0.09920991	18.0	2055.183777809143
69	97.442856	3.9021447	100.0	80.8	175.07143	31.827322	14.385194	61.816162	-13.236229	700000	1.2417634e-08	32.966618	-0.005785283	-3.4142036	0.3647908	0.016164916	0.07300729	10.0	2086.7062599658966
70	98.3138	2.1931274	100.0	90.4	170.2069	32.390976	14.43249	62.888588	-11.699106	710000	-2.3903945e-08	26.307838	-0.006587164	-2.6048763	0.3617085	0.015571527	0.089108914	26.0	2115.8845200538635
71	96.940735	14.747486	100.0	-10.0	179.24074	31.603903	14.96097	62.39717	-23.49321	720000	-6.208817e-09	62.680836	-0.008621078	-26.599436	0.36006418	0.015424352	0.0660066	13.0	2147.998677968979
72	97.99298	3.4486644	100.0	76.6	171.6842	32.593197	13.618009	58.83664	-11.2998085	730000	0.0	33.76073	-0.005377825	-7.497311	0.36122152	0.015248533	0.09130913	12.0	2177.9046308994293
73	97.98214	3.3658526	100.0	77.8	172.625	32.31969	14.778759	61.959583	-6.922252	740000	2.483527e-09	29.74758	-0.0044126096	-2.8953915	0.35925865	0.015976915	0.087408744	8.0	2207.9357142448425
74	98.33448	1.8376848	100.0	94.6	168.51724	32.761955	14.493531	62.567997	-8.922627	750000	0.0	25.025528	-0.0065939478	-1.937343	0.35267663	0.015017122	0.069406934	31.0	2237.8979115486145
75	98.03509	2.4822524	100.0	90.4	170.10527	32.74263	14.879034	62.311474	-18.016907	760000	-1.3969839e-08	27.619644	-0.008160287	-2.2200344	0.35906896	0.015129715	0.07580758	35.0	2268.7258715629578
76	98.03571	3.018067	100.0	83.2	174.30357	31.970839	14.953879	61.648483	-5.350213	770000	2.7318796e-08	29.951097	-0.0060471296	-4.250496	0.36189345	0.016103676	0.08980898	8.0	2300.1095838546753
77	98.375	2.3385172	100.0	89.2	174.42857	32.242718	14.967283	62.499676	-51.493256	780000	2.9181441e-08	40.975998	-0.0070922137	-13.8666115	0.36453605	0.015759151	0.07490749	12.0	2330.283186197281
78	98.08772	2.1690056	100.0	92.0	170.5965	32.4639	14.618605	61.251366	-11.574535	790000	-1.8626451e-08	26.48797	-0.006480325	-2.4352589	0.37373447	0.0155551145	0.07120711	14.0	2358.6842494010925
79	97.42909	3.5142138	100.0	82.0	176.03636	32.015667	14.787908	62.37167	0.22180355	800000	1.831601e-08	30.613861	-0.008390292	-2.6540802	0.37088856	0.015240285	0.09210921	31.0	2389.2710762023926
80	98.21429	2.0378065	100.0	92.2	174.875	31.744781	14.592098	62.67739	-6.972027	810000	-3.228585e-08	33.95168	-0.0069436333	-3.9306202	0.3703145	0.0162164	0.081108116	14.0	2419.9463262557983
81	97.82456	2.9079614	100.0	84.4	171.66667	31.943848	14.748262	61.183628	-11.874823	820000	-4.718701e-08	29.61775	-0.006146735	-3.1231773	0.3720132	0.01624948	0.073507346	12.0	2447.2467279434204
82	98.1862	2.1301973	100.0	91.0	168.39655	32.730133	14.690365	61.98053	-1.981569	830000	2.561137e-08	27.033264	-0.0070042904	-2.9456673	0.3813826	0.0150236385	0.07080708	23.0	2479.775913953781
83	97.450905	3.0228744	100.0	87.4	175.72728	31.954218	15.284172	63.471527	-34.413834	840000	-1.7074248e-08	29.573112	-0.0072445646	-4.503788	0.3673412	0.015665285	0.08600861	16.0	2510.0589940547943
84	97.67273	4.946016	100.0	64.0	176.43637	31.45856	14.622108	63.333763	1.1515541	850000	1.7384687e-08	33.69456	-0.004963398	-4.9298625	0.3571557	0.015271101	0.07020702	10.0	2539.4645392894745
85	97.62592	3.5861971	100.0	80.2	180.51852	30.976871	14.783678	62.871464	-25.471825	860000	-2.3593506e-08	33.2112	-0.007836203	-6.2873025	0.35791525	0.015391438	0.07820782	11.0	2570.9503479003906
86	98.31428	1.9294176	100.0	93.4	176.94643	31.218334	14.663317	60.983913	-3.9706	870000	3.601114e-08	24.88616	-0.0047337934	-3.0468636	0.35966012	0.01681775	0.06260627	7.0	2601.4592728614807
87	97.82456	2.9147105	100.0	88.0	170.47368	32.294888	14.597784	62.149994	-6.6729965	880000	3.1664968e-08	24.83214	-0.005783456	-3.611657	0.36076558	0.016905854	0.071007095	8.0	2631.3801114559174
88	98.17544	2.2081409	100.0	90.4	170.78947	32.320297	14.933546	62.681755	-22.084791	890000	2.0799538e-08	27.91507	-0.006522974	-3.9131095	0.3578745	0.0154062025	0.08920892	14.0	2662.7735352516174
89	97.2109	4.2754974	100.0	82.6	177.29091	31.599356	15.015237	61.2765	-26.526396	900000	-2.7939677e-09	34.1748	-0.0052271932	-7.6489425	0.34485376	0.017774394	0.061606158	6.0	2692.923643350601
90	97.87931	3.1260724	100.0	83.2	168.48276	32.352608	14.758265	60.91146	-10.468622	910000	-4.8739214e-08	24.749323	-0.00786775	-2.7913601	0.3445015	0.015072807	0.08830883	29.0	2722.7119200229645
91	97.78929	3.4053364	100.0	80.2	173.78572	32.02215	14.815399	61.379654	-18.921001	920000	-1.6453365e-08	28.933731	-0.0048009567	-3.192789	0.34228325	0.015490641	0.06350635	10.0	2752.6162927150726
92	97.70546	3.4716208	100.0	80.8	178.89091	31.333765	14.7986765	61.848045	-14.064027	930000	-8.692344e-09	28.804499	-0.0092064105	-2.781007	0.3445574	0.015246791	0.06990699	25.0	2782.668412923813
93	98.13214	2.2185185	100.0	91.0	173.21428	31.865091	14.647983	61.926186	-10.663551	940000	1.2417635e-09	24.638031	-0.0057959333	-2.2552063	0.34748194	0.015014247	0.07150715	13.0	2811.195591211319
94	97.57455	3.400118	100.0	78.4	175.32727	31.95558	14.833481	62.7284	-24.676962	950000	-3.7252903e-09	27.496246	-0.0075926376	-3.5095475	0.34057334	0.015213766	0.074507445	20.0	2841.2913665771484
95	95.34545	15.653682	100.0	-10.0	176.67273	30.601135	15.537041	61.570084	-28.038658	960000	3.6476802e-09	74.53388	-0.0089242505	-19.498617	0.34532797	0.015755346	0.051405143	14.0	2870.0983045101166
96	98.2807	2.192446	100.0	89.8	170.50877	31.704393	14.666558	60.53375	-7.5848727	970000	4.656613e-08	27.541986	-0.0058967955	-6.6796966	0.34491214	0.015500423	0.061606165	8.0	2899.7746589183807
97	98.192856	2.1128733	100.0	92.0	172.58928	32.07771	15.062696	62.85491	-10.895792	980000	-5.7121117e-08	28.89765	-0.006803578	-4.2149644	0.33135685	0.015080184	0.064006396	17.0	2930.3733625411987
98	88.219604	25.61817	100.0	-10.0	193.49019	28.690586	16.646442	62.75943	-34.721397	990000	-4.967054e-09	124.479744	-0.009629436	-56.607986	0.35481596	0.015810981	0.08330833	11.0	2960.047179222107
99	91.935844	23.572186	100.0	-30.0	181.92453	27.401148	16.536924	60.685127	-42.71273	1000000	1.2417634e-08	92.84861	-0.014389131	-24.637274	0.33851174	0.015255023	0.09130913	20.0	2989.9707927703857
100	93.17359	22.362335	100.0	-60.0	181.8868	29.557325	15.415947	60.967518	-28.794525	1010000	-1.8626451e-08	88.19589	-0.009703225	-30.325262	0.3367498	0.015413095	0.085608564	11.0	3019.5259397029877
101	96.83397	7.6773357	100.0	44.2	183.73586	29.99859	14.74615	60.032642	-33.411377	1020000	1.8626451e-09	41.33058	-0.0064729764	-11.666682	0.32766902	0.015053694	0.060706068	10.0	3049.7431445121765
102	97.83704	2.5800014	100.0	88.0	178.98148	31.099863	14.562354	63.849876	-11.134938	1030000	4.4703484e-08	30.873175	-0.005851357	-4.484318	0.3355577	0.016038282	0.07470747	12.0	3078.5390071868896
103	96.134544	7.587267	100.0	54.0	178.03636	31.343012	14.80453	62.67992	-22.85906	1040000	-1.3038516e-08	46.51253	-0.006850099	-7.2447686	0.33629358	0.016095527	0.07370737	9.0	3108.518192052841
104	98.155174	2.2264998	100.0	90.0	169.10345	31.77847	14.333247	61.956238	-4.4314528	1050000	1.1796753e-08	24.01629	-0.0051086633	-5.236734	0.332692	0.015563656	0.06340634	12.0	3136.4616916179657
105	96.248146	6.8223963	100.0	62.0	180.31482	31.380323	15.156956	62.11611	-14.439654	1060000	5.3395826e-08	37.72462	-0.008458658	-6.244976	0.33702135	0.016102947	0.0790079	11.0	3167.017033815384
106	97.163635	4.209961	100.0	77.2	177.01819	30.878836	14.820298	63.81365	-7.694688	1070000	-2.7939677e-08	32.301765	-0.007592326	-7.5633373	0.33795893	0.015383468	0.087608755	18.0	3197.833282470703
107	97.80357	2.4338365	100.0	90.0	172.96428	31.586756	14.940586	62.4749	-2.8571017	1080000	-6.208817e-09	27.280693	-0.010359517	-5.4392743	0.3433249	0.015013166	0.08260826	34.0	3226.713721513748
108	97.64444	3.7271113	100.0	79.0	181.77777	31.352186	14.643954	61.88854	-14.655658	1090000	-3.1044085e-09	35.086426	-0.010080632	-5.4700294	0.3466352	0.015233472	0.07170717	33.0	3256.3698303699493
109	97.9491	2.5875833	100.0	87.4	174.58182	31.46854	14.722203	62.408607	-8.969129	1100000	7.450581e-09	27.952538	-0.006068609	-3.3595626	0.35096097	0.016091244	0.06440645	13.0	3285.398013114929
110	97.85	3.2896485	100.0	79.6	172.76785	32.142727	14.712966	62.41471	-5.9199543	1110000	4.9670536e-08	28.355486	-0.005135556	-2.499965	0.3464037	0.015044368	0.085508555	13.0	3312.616427898407
111	97.96786	2.2347186	100.0	92.2	174.96428	31.689861	14.96451	62.47666	-4.4911246	1120000	-4.268562e-09	23.632109	-0.005515925	-2.066208	0.34786224	0.015038535	0.07820782	12.0	3346.2610137462616
112	97.82105	2.7490819	100.0	85.6	171.22807	32.164425	14.827293	62.01736	-12.163124	1130000	-1.5522042e-08	27.966036	-0.004861214	-2.6320584	0.35320783	0.0160127	0.073207326	10.0	3375.420692920685
113	97.952736	3.2993584	100.0	79.6	175.81818	31.156168	15.397123	62.38884	-14.510101	1140000	-1.4901161e-08	29.734522	-0.007119514	-4.369066	0.35141352	0.015124202	0.08770877	10.0	3405.283864736557
114	98.09455	1.9695331	100.0	94.0	177.05455	31.817623	14.538808	59.730907	-4.0474052	1150000	1.4280279e-08	25.227652	-0.0071485075	-3.1401489	0.34838593	0.01511472	0.065906584	22.0	3432.7665100097656
115	98.251854	1.904842	100.0	94.0	178.72223	31.540365	14.6677885	61.715004	-6.363791	1160000	-5.440476e-08	27.97059	-0.0060788468	-1.8940932	0.3370181	0.0154945515	0.06290629	17.0	3461.041485786438
116	98.16896	1.9874786	100.0	94.0	170.7069	32.190712	14.417236	62.573223	2.192807	1170000	2.2662183e-08	25.115183	-0.0047605825	-3.501274	0.34705845	0.015478808	0.05720572	10.0	3493.813457250595
117	98.25517	2.0640748	100.0	92.0	169.18965	32.69858	14.926827	61.85158	-0.6219521	1180000	-5.122274e-09	27.117144	-0.004932172	-3.747691	0.34637758	0.015698597	0.079807974	12.0	3523.940337896347
118	97.98572	2.6365175	100.0	86.0	174.17857	32.3381	14.986666	62.348396	-7.330591	1190000	-7.450581e-09	27.493185	-0.0055280663	-3.4622333	0.3567454	0.015097	0.07040704	13.0	3553.5976531505585
119	98.44815	1.9958974	100.0	91.0	179.37038	31.295877	14.778161	61.761566	-10.941295	1200000	4.0978193e-08	29.755316	-0.0074717756	-3.839405	0.3520193	0.015526697	0.06710672	12.0	3582.395687818527
120	97.840004	3.025564	100.0	82.0	176.83636	32.06763	13.941683	60.378483	-7.206703	1210000	-3.1199306e-08	29.910563	-0.0057153963	-2.9926865	0.34494853	0.015089861	0.05060506	12.0	3612.7900166511536
121	97.84286	4.1806893	100.0	70.0	173.73215	31.81907	14.487901	61.66316	1.7433968	1220000	2.3593506e-08	32.738354	-0.003989311	-4.476412	0.34055623	0.016522223	0.07240724	9.0	3641.8281598091125
122	97.61695	3.8738217	100.0	77.8	168.71187	32.391106	14.941754	62.780903	-33.03983	1230000	-8.692344e-09	36.22935	-0.006633258	-13.292068	0.35333946	0.015180354	0.06270627	12.0	3671.0521421432495
123	98.221054	3.559358	100.0	75.4	171.14035	32.31877	14.941577	61.085964	-17.38442	1240000	-4.0357313e-09	29.634521	-0.005454783	-3.8304138	0.35089025	0.015478467	0.07220722	13.0	3701.796403169632
124	97.94035	3.1879084	100.0	80.2	172.45615	32.531662	14.6454115	61.650684	-3.7171133	1250000	-2.2972623e-08	29.517784	-0.008487283	-2.7839363	0.34526888	0.015046571	0.074207425	33.0	3731.1874952316284
125	98.15357	2.5578985	100.0	86.2	170.5	32.1477	14.649329	62.391018	-0.5403826	1260000	-2.3593506e-08	34.294437	-0.0062516686	-3.758583	0.3449284	0.015373272	0.06080608	13.0	3759.048936843872
126	98.278564	2.15959	100.0	92.2	175.57143	31.757061	14.875758	65.08065	-5.661256	1270000	2.4835268e-08	28.586462	-0.006622389	-3.855275	0.34879062	0.015316165	0.0660066	12.0	3791.641800403595
127	97.51579	4.3734355	100.0	70.0	171.2807	32.05363	14.666065	60.732113	-19.127565	1280000	-3.290673e-08	29.065481	-0.007393425	-4.393268	0.3521236	0.015468948	0.07850785	11.0	3819.1130697727203
128	98.2772	1.9812293	100.0	92.0	171.82455	32.60045	14.601861	60.517635	0.82328224	1290000	-2.6077032e-08	27.195673	-0.004716347	-3.3310776	0.3481568	0.015952403	0.080208026	14.0	3848.223511695862
129	97.651726	2.9761257	100.0	86.0	169.18965	32.627956	14.678534	62.975563	-16.361578	1300000	-2.2351742e-08	27.487593	-0.0058322153	-4.704347	0.35900286	0.016053813	0.05720572	7.0	3877.582806825638
130	97.814285	3.227971	100.0	83.2	172.41072	32.19173	15.089277	62.709835	-17.598614	1310000	-5.432715e-09	31.568457	-0.005118176	-3.8442848	0.35350838	0.015460554	0.06650665	8.0	3906.970682859421
131	98.05173	2.413628	100.0	88.0	167.7069	33.11678	14.323969	60.73867	5.9416013	1320000	2.514571e-08	25.116465	-0.004518725	-2.6203537	0.35901436	0.015214617	0.06680668	9.0	3935.9984047412872
132	98.134476	2.034322	100.0	94.0	169.58621	32.806843	14.891517	62.398388	-8.693452	1330000	-1.3969839e-08	24.33703	-0.0055266754	-1.8253695	0.351771	0.015153033	0.07170717	14.0	3965.119395017624
133	97.759995	2.6058395	100.0	90.0	177.43637	31.495705	15.197	62.484325	-25.433264	1340000	-1.6453365e-08	28.562605	-0.0070392303	-4.4093585	0.3442395	0.015004449	0.08290829	12.0	3995.8565278053284
134	97.926315	2.1614268	100.0	94.0	171.75438	32.312927	14.192517	61.096874	-2.0021007	1350000	2.6077032e-08	28.164083	-0.007083384	-2.8216026	0.34411618	0.015104552	0.095909595	20.0	4027.7969057559967
135	97.82182	3.45899	100.0	78.0	175.96364	31.685896	14.961057	62.393246	-9.88167	1360000	-1.5056381e-08	32.009758	-0.0054028668	-4.924053	0.3510251	0.015386876	0.06720672	10.0	4056.5695593357086
136	98.03704	2.8772604	100.0	83.2	179.51852	31.069935	14.856663	62.009468	-15.185483	1370000	-3.3527613e-08	30.312943	-0.008424772	-6.0225873	0.34653637	0.016314752	0.08590859	10.0	4085.247726202011
137	98.200005	2.1373525	100.0	92.0	169.41379	32.530396	14.418478	62.87606	-2.302524	1380000	-4.2219956e-08	27.790216	-0.0029981993	-3.5051982	0.35399258	0.017835574	0.06290629	5.0	4115.276026725769
138	97.8	4.128973	100.0	70.0	172.61403	32.35625	14.957206	61.690605	0.19403005	1390000	2.6077032e-08	29.277267	-0.007003809	-3.3825684	0.35191417	0.015263066	0.076107614	13.0	4145.095245599747
139	98.25264	2.0867252	100.0	89.8	169.63158	32.483536	14.481681	61.514664	-10.492775	1400000	1.4901161e-08	25.279625	-0.008304357	-3.9642518	0.3449942	0.015243177	0.068506844	29.0	4174.751922130585
140	97.85173	2.2306826	100.0	91.0	170.44827	32.811527	14.781101	62.97444	-1.8621724	1410000	-2.4835268e-08	22.823393	-0.006418882	-2.2622478	0.34052065	0.015135802	0.07390738	17.0	4205.935595750809
141	97.9	3.5526094	100.0	75.4	169.05173	32.37061	15.219533	62.1143	-25.92076	1420000	5.432715e-09	25.097597	-0.0066381567	-4.1091175	0.34481636	0.015333387	0.094109416	11.0	4235.953709363937
142	96.96842	5.5868006	100.0	65.2	171.4035	32.662334	14.776478	63.149574	-34.47936	1430000	1.0477379e-09	34.45988	-0.006895864	-5.425389	0.34170136	0.01502942	0.05830583	12.0	4265.813633918762
143	97.97544	2.1003156	100.0	92.0	172.78947	32.182495	14.61273	61.7162	-2.86736	1440000	-2.9802322e-08	26.133453	-0.005542125	-2.3611622	0.32955906	0.015826322	0.07060706	13.0	4296.616703510284
144	97.825005	2.4954424	100.0	89.8	174.17857	32.04559	14.832434	61.898754	-12.978202	1450000	-2.2351742e-08	25.833773	-0.0053306376	-2.2260087	0.33177474	0.015017091	0.06690669	12.0	4327.883816242218
145	96.770905	5.721846	100.0	68.2	177.65454	31.536526	15.005286	61.710987	-25.398146	1460000	-1.1951973e-08	32.894455	-0.007215254	-7.939487	0.3415351	0.015125041	0.05670567	11.0	4356.443707704544
146	97.97307	2.688159	100.0	88.6	184.63461	30.303833	14.973794	61.377033	-11.879243	1470000	-2.483527e-09	29.333601	-0.010520916	-5.1723614	0.34703088	0.015076068	0.07760776	30.0	4386.637858390808
147	97.79273	3.2273746	100.0	84.4	176.4	30.942791	14.532187	58.105762	-11.84078	1480000	-3.7252903e-09	26.754158	-0.0077414797	-4.477127	0.34542036	0.01591563	0.06540654	16.0	4418.36598610878
148	97.74909	2.3955164	100.0	87.4	180.09091	30.919308	14.885672	59.16474	-20.002123	1490000	-9.148304e-09	29.06112	-0.008500571	-4.114781	0.3552054	0.015307744	0.119611956	16.0	4449.183293581009
149	97.89091	2.2993495	100.0	90.0	175.58182	31.615433	14.481269	61.515182	-4.963687	1500000	-2.4835268e-08	28.898504	-0.005664093	-4.2651896	0.35452762	0.015059963	0.06650665	19.0	4478.985723018646
150	97.04643	5.4572353	100.0	68.0	173.39285	31.690062	14.625317	62.004475	-4.0324125	1510000	1.9868216e-08	35.262184	-0.006411212	-6.745606	0.35620287	0.015248449	0.07380738	11.0	4509.629021167755
151	98.25819	2.2929688	100.0	88.0	175.98181	31.497437	14.961919	62.29181	-8.032816	1520000	5.2774944e-09	28.956495	-0.006298209	-4.423315	0.35193005	0.015042115	0.07220722	17.0	4538.325086593628
152	98.11273	1.9242996	100.0	94.0	176.05455	31.778063	14.770296	60.958622	-0.6983055	1530000	2.3593506e-08	25.918058	-0.008011973	-2.6590297	0.36165926	0.015387181	0.083008304	19.0	4568.158813238144
153	97.38519	3.6597614	100.0	78.4	178.90741	31.841558	14.347756	61.520664	-3.285851	1540000	-2.4835268e-08	31.350845	-0.006040545	-4.3218284	0.35449663	0.015160508	0.09040904	13.0	4595.860564231873
154	98.060715	2.3603628	100.0	88.6	174.82143	31.564747	14.734121	62.588818	0.69621706	1550000	-2.7939677e-09	31.585905	-0.007725764	-4.2328243	0.35773692	0.015293985	0.07910792	18.0	4628.213943004608
155	97.89643	2.9940398	100.0	80.2	177.35715	31.708261	14.579239	62.056625	-7.367617	1560000	-1.3038516e-08	28.718803	-0.009165098	-3.2397258	0.35944605	0.015294642	0.08960897	29.0	4657.149281978607
156	96.05882	11.5676565	100.0	16.0	185.43137	30.465357	15.187251	61.17693	-31.750175	1570000	-4.967054e-09	59.720997	-0.010025616	-21.21704	0.3567798	0.0150855845	0.07730773	16.0	4684.942340135574
157	98.25358	1.9865582	100.0	93.4	173.46428	31.140335	14.7094555	62.76153	-16.884542	1580000	-3.3527613e-08	33.368145	-0.0058210846	-7.236488	0.35472667	0.015439841	0.06710672	10.0	4714.499777555466
158	97.78546	2.9465184	100.0	83.2	175.76364	32.02787	14.438384	63.152256	-16.673134	1590000	9.623666e-09	31.701399	-0.005691403	-3.2613976	0.3705256	0.015735088	0.06890689	10.0	4744.913669586182
159	97.98546	2.2869923	100.0	90.0	176.6	31.774088	14.552074	62.890057	-17.77741	1600000	-1.2572855e-08	30.305826	-0.0053081424	-3.9307277	0.36409092	0.015965564	0.057305727	10.0	4774.719670057297
160	98.16843	2.0878227	100.0	92.0	171.66667	32.238327	14.625787	62.029995	-0.2825235	1610000	-3.9173756e-08	23.845179	-0.0044314344	-3.2460308	0.37037978	0.016857525	0.07310731	10.0	4802.972856521606
161	98.30878	1.8851476	100.0	92.0	171.78947	32.271706	15.094074	62.397644	-6.424252	1620000	-3.228585e-08	23.53321	-0.0057460987	-2.3495216	0.36219278	0.01528113	0.08760876	18.0	4833.589398145676
162	97.83104	1.9411345	100.0	92.2	168.41379	32.593224	14.907274	62.3142	-7.14275	1630000	2.6077032e-08	23.611359	-0.010352236	-3.9377944	0.3669661	0.015063482	0.08590859	57.0	4862.042523384094
163	97.58546	3.6347523	100.0	82.0	179.12727	31.635435	15.291135	62.267822	-26.314459	1640000	2.7571028e-08	38.19042	-0.010287405	-8.305638	0.37384495	0.015423615	0.07460746	28.0	4892.0389285087585
164	97.248146	3.7572513	100.0	83.8	180.18518	30.478596	15.045976	60.28012	-15.983221	1650000	-2.7008355e-08	39.772976	-0.006427707	-9.41828	0.38009965	0.0154130375	0.06690669	9.0	4923.5920531749725
165	97.682144	3.3763416	100.0	77.2	173.21428	31.886	14.007477	60.159676	-13.77816	1660000	1.21071935e-08	32.297672	-0.0077789775	-4.272823	0.38312665	0.015200519	0.08510852	16.0	4952.409537792206
166	97.2	4.783152	100.0	71.2	177.01819	31.319517	14.836338	63.817104	-21.542768	1670000	-2.514571e-08	38.139763	-0.0066564973	-7.16835	0.37595496	0.01593297	0.08260826	9.0	4982.0162971019745
167	98.2421	2.3499866	100.0	88.0	170.8772	32.217342	14.195656	59.50688	-7.753508	1680000	-2.20413e-08	26.796179	-0.008006826	-3.6963298	0.37266353	0.015155569	0.08220822	19.0	5012.521937608719
168	97.64643	6.399999	100.0	52.6	173.64285	31.882545	14.894668	61.71096	-16.707108	1690000	-2.4835268e-08	38.072826	-0.0054227766	-8.752793	0.37635064	0.015408064	0.07010701	8.0	5040.0428013801575
169	97.3491	7.0009065	100.0	49.0	175.78181	31.324247	14.985793	61.69377	-19.802973	1700000	2.0489097e-08	37.521202	-0.007109203	-8.839911	0.37077042	0.017076613	0.07730773	9.0	5069.813115358353
170	98.48276	2.1566365	100.0	88.0	166.0	32.18452	14.671353	60.530636	-23.42802	1710000	-3.663202e-08	30.56196	-0.005468179	-6.5720954	0.37607956	0.015429934	0.07560756	9.0	5097.378302574158
171	97.3	5.95399	100.0	59.8	182.46297	31.28759	15.052068	61.56194	-16.452932	1720000	1.3659398e-08	45.935406	-0.007188955	-11.687538	0.3769419	0.015522701	0.087508745	10.0	5127.441123008728
172	97.28889	4.0108495	100.0	79.6	177.11111	30.997314	14.073199	61.149998	-14.435474	1730000	2.3593506e-08	36.70265	-0.005030663	-5.094642	0.3787303	0.0154164685	0.0830083	7.0	5154.481349945068
173	97.60727	5.048847	100.0	67.0	177.10909	31.653803	14.130478	59.908623	-14.033171	1740000	1.9868216e-08	35.830105	-0.0066426415	-5.44097	0.3866023	0.0151467435	0.06830683	12.0	5183.8216207027435
174	97.42222	4.373094	100.0	74.8	177.42592	31.55328	14.238597	60.503418	-0.2977537	1750000	-2.3593506e-08	28.639929	-0.007575004	-3.6511657	0.3730248	0.015241039	0.082308225	13.0	5212.867336988449
175	98.36842	2.1458368	100.0	90.4	170.35088	32.36437	14.094229	61.546883	1.1917295	1760000	-2.8094897e-08	26.66639	-0.004797021	-2.9500923	0.37233374	0.0153872045	0.070707075	14.0	5241.95684671402
176	98.11579	2.2732458	100.0	91.6	172.8772	32.57905	14.665146	61.99888	-17.651224	1770000	2.696955e-08	27.793962	-0.0068952106	-3.0915463	0.37337014	0.01576694	0.089008905	19.0	5271.245140790939
177	98.27369	2.136609	100.0	93.4	170.01755	32.718143	14.489847	61.211914	-2.5176907	1780000	-1.2417634e-08	26.204493	-0.0047631017	-2.4613197	0.36821365	0.015972132	0.072507255	8.0	5300.677196741104
178	96.65455	4.760054	100.0	76.6	175.4909	32.033554	14.689174	60.816765	-8.356472	1790000	1.4901161e-08	35.583973	-0.006631006	-6.332169	0.3786706	0.01634721	0.087508745	10.0	5328.9475729465485
179	95.72963	17.438236	100.0	-30.0	178.90741	31.337017	14.592563	60.89961	-30.046146	1800000	2.483527e-09	80.287704	-0.008215969	-34.724697	0.36476257	0.015276496	0.07720772	15.0	5359.399878978729
180	96.54828	8.960955	100.0	44.0	169.1207	32.1032	14.822961	61.63776	-15.738012	1810000	1.9208528e-09	45.36971	-0.007328644	-9.701485	0.35916328	0.015737643	0.06330633	12.0	5387.76709318161
181	98.07368	2.6771626	100.0	87.4	171.66667	31.685133	15.40239	61.323864	-11.70691	1820000	1.1175871e-08	26.295143	-0.005703598	-4.5227	0.36581376	0.015920617	0.06880688	12.0	5417.553342580795
182	98.27857	2.7463431	100.0	85.6	173.46428	32.095184	15.020525	62.223904	-15.949562	1830000	3.5079818e-08	27.126038	-0.005794693	-3.9669113	0.36095297	0.015541494	0.075007506	12.0	5446.673784255981
183	98.12281	2.8009408	100.0	86.8	172.78947	32.39321	14.615742	62.31126	-16.086283	1840000	1.7501103e-08	27.555418	-0.005087163	-2.337623	0.3587532	0.015485349	0.07450745	12.0	5474.389503240585
184	97.43214	4.1202946	100.0	78.0	173.89285	31.732285	15.211886	61.72857	-18.79767	1850000	2.1109978e-08	30.393402	-0.006173044	-3.2842343	0.36415958	0.015399908	0.07960796	12.0	5501.941911935806
185	97.59286	6.5243464	100.0	52.0	174.07143	31.4578	15.047863	61.759285	-10.804755	1860000	2.2351742e-08	39.35513	-0.007841407	-5.6181655	0.3665633	0.015081626	0.07970797	25.0	5535.956352472305
186	98.24642	2.1823943	100.0	92.8	174.21428	31.837852	14.681875	61.09354	-19.783932	1870000	-1.7384687e-08	26.971893	-0.0067325123	-4.7680993	0.36461696	0.015906572	0.0790079	17.0	5564.964148521423
187	98.2	2.3560305	100.0	91.6	173.29825	31.880074	14.9261055	61.67989	-46.306507	1880000	-8.692344e-09	28.853815	-0.0054629357	-4.295379	0.37205198	0.015348971	0.08320832	7.0	5594.919446468353
188	98.34182	2.149562	100.0	92.0	172.3091	32.303726	14.532157	61.669765	-1.6432738	1890000	-2.9181441e-08	27.10997	-0.0064206873	-2.3756943	0.3744707	0.015062772	0.08320832	11.0	5621.722218513489
189	97.9891	3.1080933	100.0	80.8	176.58182	32.18131	14.487596	61.56819	-3.602748	1900000	-3.1044087e-10	31.09678	-0.006219689	-4.091741	0.35536683	0.015045381	0.09490949	15.0	5652.067988395691
190	97.572876	3.9270396	100.0	74.0	167.52542	32.277546	14.650294	61.959557	-15.939045	1910000	-1.2417634e-08	27.707169	-0.0077027828	-4.2131295	0.3655416	0.015946774	0.06950695	31.0	5681.709613323212
191	97.73454	2.9145544	100.0	88.6	176.74545	31.840923	14.628934	60.689804	-6.7027836	1920000	2.7318796e-08	28.80301	-0.0077297506	-3.5522506	0.36833858	0.015490621	0.07740774	21.0	5710.847717046738
192	97.76429	4.6540475	100.0	67.6	175.25	31.602701	14.698263	61.335514	-11.107779	1930000	7.450581e-09	31.875658	-0.0072609	-3.6049488	0.37495852	0.015292109	0.06920692	15.0	5739.421273946762
193	98.01786	3.178786	100.0	82.0	174.875	31.788734	14.647736	61.669693	-5.472894	1940000	4.967054e-09	31.098747	-0.006141581	-3.682984	0.37025574	0.016710809	0.05780578	8.0	5768.294305324554
194	98.11786	2.1783931	100.0	94.0	174.76785	32.014668	14.761255	61.34666	-12.513435	1950000	-1.4901161e-08	28.412155	-0.0066614435	-4.1406403	0.36808252	0.015375565	0.082108214	13.0	5798.444768667221
195	97.70182	3.1154451	100.0	86.2	175.92728	31.736233	14.538755	60.53572	-6.0555706	1960000	-1.2417635e-09	30.3757	-0.005209724	-2.7236679	0.37032163	0.016069965	0.08230823	9.0	5826.895880937576
196	96.754715	7.707643	100.0	44.8	185.05661	30.13932	15.587383	62.362534	-33.765198	1970000	7.450581e-09	42.4435	-0.009047446	-11.962756	0.36416855	0.015587199	0.07490749	13.0	5856.416051149368
197	97.799995	3.8125734	100.0	73.6	174.10715	31.290054	14.317312	60.10932	-25.703115	1980000	-6.208817e-09	32.583515	-0.006933863	-7.3334866	0.37010714	0.015378215	0.075207524	11.0	5887.450682878494
198	97.91786	2.893534	100.0	86.0	175.41072	31.903515	14.359463	62.197964	-12.918984	1990000	1.5522042e-08	32.086246	-0.0060946564	-4.1451774	0.3695198	0.016486313	0.082908295	10.0	5916.681747198105
199	97.8	2.6754098	100.0	88.0	174.56363	32.020428	14.178871	64.87717	-5.5588303	2000000	-2.2351742e-08	29.718918	-0.0062317215	-3.79197	0.37769237	0.0159335	0.08180818	14.0	5945.07271695137
200	97.50715	3.8893566	100.0	77.2	174.66072	31.72463	14.7426405	63.89248	-19.524	2010000	1.4280279e-08	34.66861	-0.004833033	-4.138144	0.37246618	0.018748304	0.085408546	8.0	5977.036481380463
201	98.08	3.1873844	100.0	80.0	175.90909	32.20115	13.834799	62.786488	-15.375094	2020000	8.071463e-09	32.935596	-0.0075347386	-6.643601	0.3620735	0.015033814	0.08220822	20.0	6008.73414683342
202	98.51428	2.0416582	100.0	94.0	173.82143	31.94027	14.55231	63.01163	-5.732045	2030000	-1.5056381e-08	26.348465	-0.007077673	-2.3079884	0.37106618	0.015869921	0.08430842	24.0	6037.666540145874
203	98.22456	2.7614057	100.0	87.4	173.9649	32.07202	14.749473	62.565193	-2.9652042	2040000	3.5390258e-08	24.823977	-0.0067065633	-1.964056	0.38020983	0.015393637	0.105110504	14.0	6066.621009111404
204	98.25819	2.4374864	100.0	88.0	175.81818	32.071365	14.604093	61.707954	-7.3322835	2050000	1.4590721e-08	31.442062	-0.007663029	-2.488783	0.36759147	0.015057539	0.0721072	22.0	6095.830398321152
205	97.53928	2.7715182	100.0	88.0	174.83928	32.020287	14.627678	62.209766	-6.3288484	2060000	-5.5879354e-08	28.651917	-0.0063594994	-2.5821075	0.362612	0.0150304325	0.07060706	16.0	6124.118817329407
206	98.04483	3.4417408	100.0	76.6	170.55173	32.008972	14.981218	62.214855	-12.623396	2070000	-1.4590721e-08	25.280241	-0.0048409477	-3.6199467	0.3672631	0.016020363	0.054105412	9.0	6155.379127025604
207	97.45715	5.1313763	100.0	66.0	175.23215	31.973671	14.87681	62.191288	-6.0702534	2080000	0.0	31.98044	-0.0050837095	-3.8915462	0.3726757	0.0158516	0.061506152	10.0	6182.702606916428
208	98.066666	2.3588083	100.0	89.8	169.9649	32.235016	14.648919	61.01484	-2.1615314	2090000	1.4901161e-08	26.932833	-0.006894178	-3.9235523	0.37044844	0.015816549	0.07560756	14.0	6214.394932508469
209	97.64001	3.516486	100.0	79.0	176.32727	32.16444	14.688229	62.022552	-14.507745	2100000	3.3527613e-08	30.45311	-0.009788339	-5.0248494	0.37211338	0.0150371045	0.07910791	32.0	6242.641218185425
210	97.49123	5.029328	100.0	70.0	172.73685	32.003048	14.078877	61.41279	-12.220154	2110000	2.1109978e-08	33.76163	-0.0086836	-5.401745	0.3876687	0.015026013	0.0839084	22.0	6270.85175204277
211	97.20714	4.900286	100.0	74.0	176.67857	31.577347	14.829759	62.58681	-7.959524	2120000	-1.6142925e-08	32.983067	-0.0049298853	-4.0732512	0.37661234	0.015076359	0.054505453	8.0	6301.099413394928
212	97.066666	4.4858623	100.0	75.4	179.66667	31.329487	14.400569	62.619835	-4.7512655	2130000	9.080395e-09	39.620487	-0.0057948646	-6.0619283	0.37767813	0.016425196	0.08360837	8.0	6328.770921945572
213	95.65455	14.74074	100.0	-10.0	179.5091	30.998968	14.463232	62.5509	-14.211225	2140000	-4.718701e-08	59.072113	-0.008093993	-22.146063	0.38194093	0.015472318	0.07620762	12.0	6358.465215682983
214	96.618515	7.798316	100.0	46.6	180.24074	30.242563	15.63785	63.698414	-33.41424	2150000	2.4214387e-08	40.234005	-0.0091235	-9.490294	0.3857112	0.015168742	0.07670767	12.0	6388.32443022728
215	97.06181	4.9937963	100.0	66.0	178.12727	31.203426	14.583233	61.756996	-26.278635	2160000	-2.9802322e-08	33.053837	-0.005176548	-5.1389027	0.3779285	0.015496741	0.08320832	9.0	6417.436049699783
216	98.44913	2.0910108	100.0	94.0	170.5614	31.91056	14.678018	62.912125	-0.93839127	2170000	-9.934108e-09	27.023874	-0.004819295	-3.5665855	0.3817536	0.0151413875	0.061406136	9.0	6447.087205648422
217	96.89629	7.551477	100.0	44.8	179.05556	31.434874	15.560522	61.837425	-37.976063	2180000	-3.7252903e-08	34.20138	-0.0083057815	-7.7704926	0.3878634	0.015069704	0.0770077	12.0	6477.065655469894
218	95.096436	14.943703	100.0	-10.0	176.33928	30.66244	15.021092	62.023952	-16.74938	2190000	1.5522042e-08	53.964024	-0.007989881	-16.389421	0.38814303	0.015221611	0.06850686	15.0	6507.109028100967
219	97.01429	6.492398	100.0	61.6	174.91072	31.343187	14.755681	63.148815	-22.935905	2200000	1.1796753e-08	34.486446	-0.0069234413	-5.458586	0.3700343	0.015541094	0.07720772	10.0	6537.294828414917
220	97.170906	4.424135	100.0	76.0	175.23636	31.437904	14.633655	64.36427	-12.690653	2210000	4.967054e-09	28.109873	-0.005340632	-2.8793366	0.37506506	0.0154380165	0.083108306	11.0	6565.981594085693
221	97.64363	2.690506	100.0	88.0	177.4	31.417948	14.768605	62.718	-8.222548	2220000	-4.656613e-09	29.562286	-0.007481482	-3.1621087	0.37345502	0.015768128	0.08060806	28.0	6597.284315824509
222	97.91852	3.5370045	100.0	76.6	180.07408	31.208715	14.588165	62.943745	-0.95665985	2230000	3.4769375e-08	31.516983	-0.007507177	-3.7029846	0.37708881	0.016327236	0.097709775	11.0	6623.4070155620575
223	97.82807	3.001155	100.0	84.4	169.82455	32.208576	14.141591	63.0414	-9.555331	2240000	1.3348957e-08	27.294947	-0.0072238273	-4.33552	0.38783324	0.015340224	0.09010901	12.0	6654.183779001236
224	97.65357	3.3214648	100.0	82.0	174.5	31.948141	14.664221	62.299244	-17.492056	2250000	7.508788e-09	29.762537	-0.0082887905	-3.5143108	0.38781366	0.01517522	0.090809084	16.0	6682.266398668289
225	96.440735	5.0270944	100.0	76.6	181.88889	31.037313	14.410998	61.444824	-20.129265	2260000	2.1109978e-08	34.108788	-0.006947814	-6.9074326	0.3931365	0.015021929	0.08420842	7.0	6712.642478466034
226	95.559265	16.069033	100.0	-20.0	178.57408	31.041544	13.852112	62.089817	-18.392923	2270000	-8.692344e-09	72.8954	-0.005225681	-25.51835	0.38601103	0.015642913	0.055505548	7.0	6741.363920450211
227	97.34138	4.73738	100.0	66.0	166.98276	31.913803	14.665624	59.962555	-17.261555	2280000	6.2088173e-10	32.173725	-0.007116858	-7.464159	0.3878499	0.015036573	0.060005996	13.0	6769.083431482315
228	97.13091	4.4682674	100.0	70.6	177.3091	31.095486	15.500949	61.345608	-42.354473	2290000	-2.4835268e-08	36.293343	-0.013654034	-12.048614	0.3733505	0.0150614455	0.1020102	45.0	6799.93301653862
229	96.12727	6.452553	100.0	69.4	176.6909	31.730967	14.371101	61.32796	-6.384226	2300000	-1.6142925e-08	40.396065	-0.0070736804	-9.120384	0.3664205	0.01634406	0.06880688	12.0	6829.804981231689
230	97.54815	3.0618773	100.0	88.0	177.27777	30.944588	14.662954	61.68808	-7.184716	2310000	-2.7629236e-08	26.953363	-0.01031549	-4.5430493	0.36684978	0.015357469	0.085808575	44.0	6857.7032334804535
231	96.9889	3.5536976	100.0	81.4	180.85185	30.621618	14.600885	61.80887	-4.6773276	2320000	-1.0554989e-08	35.956135	-0.0064388216	-6.206091	0.37919462	0.015565493	0.054005403	8.0	6886.2555141448975
232	97.63636	2.3948705	100.0	92.0	174.5091	31.261847	14.129788	61.74316	-10.917315	2330000	1.3038516e-08	27.334448	-0.008354915	-3.2872238	0.3806722	0.01566054	0.08210821	15.0	6915.59712600708
233	97.432724	3.0263724	100.0	86.8	178.5091	31.455662	14.599233	61.79539	-10.81463	2340000	-4.967054e-09	28.09701	-0.0073519484	-2.4205983	0.38075134	0.01534155	0.08840885	16.0	6944.60347032547
234	96.75636	4.1430235	100.0	77.2	177.89091	31.210522	14.600842	62.111927	-9.338236	2350000	-3.973643e-08	27.205902	-0.0072663487	-3.2990665	0.38111863	0.0154091595	0.061606158	11.0	6973.455077171326
235	97.14074	5.415701	100.0	71.8	178.81482	30.776201	14.982941	61.467106	-24.062561	2360000	-4.967054e-09	34.023014	-0.0091705015	-6.4845657	0.38099793	0.015124024	0.0830083	17.0	7002.592463254929
236	95.6423	8.025856	100.0	58.6	183.96153	29.766758	15.380451	59.37635	-28.641851	2370000	-6.829699e-09	44.894684	-0.008299549	-10.873906	0.390182	0.01518714	0.08030803	9.0	7031.298599720001
237	97.166664	3.3208098	100.0	84.4	177.83333	31.25635	13.547169	60.82635	-2.3854647	2380000	2.2972623e-08	28.504911	-0.0058660903	-4.7796855	0.37767014	0.01584854	0.08710871	10.0	7060.061165332794
238	97.42182	2.8976917	100.0	85.6	176.38182	31.105616	14.714134	61.457134	-13.6985035	2390000	7.450581e-09	29.421091	-0.0070182034	-4.868442	0.37186077	0.015041731	0.069806986	15.0	7090.526621580124
239	95.76666	12.317935	100.0	8.2	180.74074	30.686308	14.674111	64.68876	-34.469414	2400000	-1.8626451e-08	38.097294	-0.006736821	-8.462613	0.37692475	0.015618271	0.07140714	10.0	7119.789064407349
240	98.04363	2.154975	100.0	93.4	175.23636	30.920414	14.347952	61.688435	-12.09726	2410000	-2.6697913e-08	25.163748	-0.0044023325	-3.4660504	0.3787756	0.015351293	0.06920692	7.0	7149.826523065567
241	97.1579	3.49591	100.0	82.0	171.9649	32.346546	14.208086	60.90113	-24.670519	2420000	-2.4602437e-08	25.907816	-0.006435431	-2.834275	0.39257142	0.015022907	0.07230723	23.0	7178.886642217636
242	95.47143	12.995132	100.0	1.6	176.64285	31.360273	15.061187	61.586582	-24.547678	2430000	-1.1175871e-08	40.387787	-0.010253689	-12.366226	0.38349712	0.015379588	0.08550855	22.0	7208.099027633667
243	96.66429	4.9256053	100.0	70.0	173.78572	31.278135	14.972406	60.56672	-24.897081	2440000	-1.6880222e-08	30.890467	-0.010288964	-4.6239047	0.38150558	0.015561845	0.083208315	31.0	7238.100242137909
244	97.159996	4.517988	100.0	74.8	174.74545	31.49834	14.3455	61.05073	-7.829965	2450000	1.3659398e-08	29.321533	-0.010497771	-4.139404	0.39833125	0.015134781	0.093309335	21.0	7267.918542385101
245	97.840004	2.8996308	100.0	83.2	176.18182	31.652521	14.499238	61.92347	-1.8717535	2460000	-1.3038516e-08	30.744028	-0.005564217	-4.14674	0.39747646	0.0155684585	0.06970698	10.0	7297.264914035797
246	96.71481	5.8239098	100.0	70.0	179.48148	31.194937	14.776004	62.026905	-17.7442	2470000	-4.5945246e-08	36.21777	-0.0053734123	-6.991324	0.390766	0.016762955	0.06050605	7.0	7325.362069606781
247	97.488884	3.0771961	100.0	82.6	178.90741	30.967327	14.33534	61.57642	-12.83398	2480000	2.8560558e-08	26.845451	-0.008768147	-3.1819992	0.39261845	0.015267424	0.08840885	20.0	7355.913775682449
248	96.778946	4.9927225	100.0	65.8	173.66667	31.783873	14.5848255	61.77725	-5.5285864	2490000	1.8626451e-09	30.809357	-0.007504596	-3.7114594	0.40602922	0.015157585	0.09050905	9.0	7384.729074954987
249	97.122215	3.3518195	100.0	83.2	180.57408	30.776018	14.359367	61.017815	-4.6138225	2500000	1.8626451e-08	33.843487	-0.008654282	-5.4467254	0.39493918	0.016664216	0.08430842	15.0	7414.340437173843
