Epoch	AverageEpRet	StdEpRet	MaxEpRet	MinEpRet	EpLen	AverageVVals	StdVVals	MaxVVals	MinVVals	TotalEnvInteracts	LossPi	LossV	DeltaLossPi	DeltaLossV	Entropy	KL	ClipFrac	StopIter	Time
0	60.206665	37.9809	100.0	-40.0	468.75	7.0183263	10.400216	34.46678	-36.459446	10000	-1.1175871e-08	76.87902	-0.012492534	-21.577337	0.3690829	0.017116161	0.075207524	6.0	28.747782468795776
1	63.10794	38.725376	97.0	-40.0	467.7143	7.861181	10.5869465	35.519943	-44.50153	20000	1.2417634e-08	104.76917	-0.010942601	-27.051056	0.36687493	0.015886331	0.090009	12.0	53.791823625564575
2	49.273685	42.066673	96.4	-46.666668	493.57895	7.8627357	11.762093	40.02304	-61.615433	30000	-1.6142925e-08	113.14286	-0.012440142	-32.15801	0.38188493	0.015612251	0.09180918	14.0	76.59127926826477
3	67.93333	27.722534	100.0	-20.0	504.5	6.8468637	10.761206	34.346695	-46.257713	40000	-3.7252903e-09	76.399864	-0.009929292	-25.593964	0.37557372	0.016396655	0.07870787	8.0	98.64399981498718
4	66.296295	31.804533	100.0	-26.666666	502.77777	8.236113	10.136934	35.00676	-46.553173	50000	-1.9868216e-08	65.936	-0.011032539	-15.988491	0.36720523	0.015316799	0.09140915	14.0	122.6698386669159
5	55.754383	36.285103	97.0	-40.0	486.8421	8.769837	11.167352	40.91204	-57.739964	60000	1.4901161e-08	121.32549	-0.012994443	-37.84955	0.38199547	0.015451931	0.09010901	14.0	146.62439060211182
6	70.03333	25.505663	100.0	0.1	493.33334	7.720586	9.948752	35.484238	-47.660946	70000	-7.450581e-09	72.8177	-0.010240995	-29.823233	0.36865035	0.01532128	0.08330833	10.0	168.8225758075714
7	60.42778	30.277603	95.5	-13.333333	523.1667	9.199189	10.030075	35.950623	-55.311676	80000	9.934108e-09	93.413155	-0.011423654	-27.062304	0.37138972	0.015115462	0.08440844	15.0	192.18199372291565
8	67.98704	31.484844	100.0	-13.333333	504.16666	7.6488814	10.169883	33.084484	-59.89207	90000	0.0	68.96722	-0.012056229	-17.988678	0.37792054	0.015756562	0.082008205	15.0	214.4615933895111
9	62.864815	35.75601	98.2	-13.333333	519.1111	9.203601	11.120615	36.991276	-59.91518	100000	0.0	71.391685	-0.011853553	-17.50696	0.36884877	0.015289334	0.086508654	15.0	236.55852341651917
10	47.396294	43.493103	94.6	-60.0	503.8889	7.610282	11.190415	36.59592	-57.468987	110000	1.2417635e-09	142.13924	-0.009296392	-53.69814	0.36926293	0.015715832	0.075107515	11.0	259.6136200428009
11	53.951668	42.20746	100.0	-40.0	468.1	6.4202113	11.157955	33.135887	-65.23153	120000	-2.483527e-09	140.76039	-0.009494324	-52.709698	0.3885847	0.016866038	0.08190819	8.0	285.38642287254333
12	64.600006	23.3829	88.0	19.0	524.44446	7.490664	9.731879	34.84342	-55.473682	130000	-1.1175871e-08	70.93282	-0.01276616	-25.951174	0.38238582	0.0151048815	0.086408645	16.0	307.60099959373474
13	61.661106	34.250305	100.0	-13.333333	509.6111	9.152763	8.743568	33.358665	-40.06783	140000	1.831601e-08	74.68932	-0.010378137	-27.741417	0.38158596	0.015907247	0.07540754	8.0	330.01038789749146
14	46.324078	43.379936	100.0	-53.333332	509.66666	8.642734	9.507418	33.896976	-48.967598	150000	-1.7384687e-08	137.6209	-0.017426835	-34.81793	0.37730944	0.015007116	0.10051005	35.0	353.4865515232086
15	53.16316	40.98418	97.3	-73.333336	491.6316	5.487829	10.124334	30.783249	-53.410778	160000	-4.967054e-09	118.95298	-0.010670592	-43.313843	0.3868784	0.015773179	0.08430842	11.0	377.92151045799255
16	57.34074	33.37359	100.0	-20.0	506.55554	6.97096	10.580545	33.99551	-59.366337	170000	-1.2417634e-08	94.740135	-0.009308338	-23.291763	0.37572256	0.015682435	0.0789079	10.0	400.76284289360046
17	55.386272	30.111937	94.0	-6.6666665	537.94116	7.0973144	10.380727	36.123177	-62.49634	180000	5.8983765e-09	70.5127	-0.00950935	-14.279622	0.3774508	0.015207104	0.07640764	13.0	422.84849190711975
18	51.62105	44.764965	100.0	-33.333332	484.0	5.957668	11.254196	33.294086	-53.300766	190000	-1.9868216e-08	124.599724	-0.011292008	-36.93083	0.4070107	0.015522972	0.08270827	11.0	445.99856424331665
19	61.837036	26.517324	94.0	-13.333333	515.44446	6.23734	10.775744	32.70217	-64.11226	200000	4.967054e-09	64.95249	-0.008555498	-13.898841	0.40096796	0.01611642	0.08050805	8.0	469.9479682445526
20	53.8	34.012306	95.5	-26.666666	534.64703	7.4021773	10.608685	35.015945	-71.192116	210000	4.967054e-09	91.89915	-0.008286124	-29.485672	0.40159574	0.016025018	0.08830883	8.0	492.49714064598083
21	59.657402	32.437336	94.6	-13.333333	523.6111	6.1694546	11.485976	32.577835	-65.755745	220000	2.9802322e-08	74.995575	-0.008124017	-11.502883	0.3923328	0.015318252	0.071607165	11.0	515.6457104682922
22	66.98245	33.758232	100.0	-53.333332	497.3158	7.7599897	10.22595	33.29374	-71.825424	230000	1.1796753e-08	104.80323	-0.008532009	-47.36926	0.38491142	0.015772652	0.07050705	8.0	539.2212529182434
23	54.68148	29.871548	86.5	-6.6666665	507.83334	8.187829	10.05929	38.426113	-53.550697	240000	-1.3659398e-08	111.1712	-0.011141136	-40.28989	0.3887491	0.015233974	0.0929093	18.0	562.8085255622864
24	56.443336	40.750546	100.0	-20.0	476.65	6.2667685	11.056508	36.444557	-64.61528	250000	-2.6077032e-08	93.047	-0.010847449	-26.243845	0.3909627	0.015888935	0.075307526	10.0	587.4438192844391
25	48.19216	34.960556	100.0	-26.666666	554.64703	7.456981	11.221346	35.26386	-60.00112	260000	1.1175871e-08	99.603516	-0.0066461894	-25.756952	0.3875382	0.015475648	0.07720772	6.0	609.4894063472748
26	69.850006	24.137575	100.0	1.0	506.27777	5.835014	10.627297	38.83698	-59.907825	270000	-8.692344e-09	73.6096	-0.008382046	-30.646408	0.392085	0.016141616	0.077707775	8.0	632.9136400222778
27	50.559998	50.45152	100.0	-60.0	441.65	8.72779	10.591696	37.604088	-54.827263	280000	-1.9868216e-08	151.13216	-0.009946458	-39.718952	0.40936637	0.01510571	0.07840784	9.0	656.699075460434
28	62.82963	29.632442	89.2	-26.666666	505.94446	5.8558292	12.361471	36.910507	-66.57978	290000	1.2417635e-09	77.61093	-0.010311548	-22.82992	0.392705	0.01503184	0.09040904	11.0	680.2809252738953
29	62.812283	33.32676	100.0	-40.0	480.8421	7.528145	10.295039	34.904156	-39.987255	300000	0.0	91.233574	-0.011126262	-22.540298	0.3848387	0.015863666	0.080408044	12.0	704.3619842529297
30	60.674072	36.603855	91.0	-20.0	492.05554	7.5102887	11.547321	33.37306	-49.077045	310000	-6.829699e-09	96.95162	-0.012790549	-34.650127	0.38403556	0.015230958	0.097209714	23.0	727.3027963638306
31	56.56111	34.876976	94.0	-26.666666	506.83334	7.121273	12.830223	37.151497	-63.48607	320000	8.692344e-09	72.1753	-0.0094873	-16.08903	0.3886291	0.015348077	0.07390738	11.0	751.3892421722412
32	66.526665	23.672808	97.0	-6.6666665	486.25	7.120719	10.841296	35.956673	-60.953156	330000	-1.8626451e-09	79.47366	-0.011383228	-44.41284	0.3925233	0.015177726	0.068006806	8.0	776.196338891983
33	52.025	44.463776	97.0	-40.0	482.15	8.664342	9.902539	36.635	-53.81101	340000	1.4901161e-08	110.33999	-0.012129362	-31.916885	0.39532104	0.015281563	0.0810081	12.0	801.1777720451355
34	60.807407	29.157835	100.0	-6.6666665	522.7222	6.9520655	11.346682	38.525997	-63.56946	350000	0.0	79.57824	-0.012079741	-19.134132	0.38689533	0.015244524	0.09810981	16.0	825.4083399772644
35	72.61667	15.07873	100.0	46.0	497.6111	7.6612334	10.476493	36.633156	-44.474087	360000	9.934108e-09	67.681145	-0.008230495	-29.30658	0.38595486	0.015927756	0.065706566	7.0	847.8588128089905
36	53.12105	40.801098	97.3	-33.333332	494.4737	8.456404	10.494903	38.704933	-56.108986	370000	2.483527e-09	126.97013	-0.007597242	-49.7424	0.39205205	0.015561192	0.079607956	9.0	871.8566908836365
37	55.59444	28.395962	89.2	-13.333333	517.1667	5.852498	11.422545	33.43086	-60.409786	380000	-1.5522042e-08	76.3295	-0.011116274	-24.518661	0.395535	0.016076395	0.08320832	9.0	896.3471622467041
38	60.53704	30.64182	97.0	-26.666666	511.3889	7.034227	9.978523	35.75669	-55.329628	390000	9.934108e-09	71.66253	-0.0072830976	-19.844786	0.41297254	0.017269475	0.06870687	5.0	919.5431761741638
39	61.974075	31.023046	100.0	-13.333333	521.7222	6.7480116	9.979091	33.611805	-57.080044	400000	-1.800557e-08	84.5454	-0.008865234	-18.026022	0.3876938	0.016840084	0.08090809	9.0	943.3945181369781
40	65.183334	25.798735	100.0	-20.0	501.5	8.036365	9.869031	34.040432	-45.03107	410000	-1.9868216e-08	80.31015	-0.010020456	-34.871754	0.38192448	0.015184097	0.073507346	9.0	965.5945103168488
41	59.264812	30.442196	91.9	-6.6666665	515.0	8.132889	9.798343	33.28614	-54.91152	420000	1.2417635e-09	82.92837	-0.007908693	-34.846283	0.38583434	0.015119796	0.06680668	7.0	988.7316632270813
42	55.081482	31.42299	89.2	-6.6666665	502.3889	8.113796	9.17965	34.862164	-42.571136	430000	1.9868216e-08	112.84554	-0.009451915	-31.086264	0.38808724	0.015570894	0.084708475	9.0	1010.0885343551636
43	58.320366	31.312517	100.0	-20.0	531.55554	6.833574	9.890639	35.377407	-52.614124	440000	-6.2088173e-10	82.75442	-0.009801536	-19.171366	0.3847994	0.01603598	0.07460746	10.0	1035.124099969864
44	62.5	28.595804	100.0	-20.0	533.0	7.2848573	9.863456	33.185005	-53.04083	450000	-9.934108e-09	76.18507	-0.009984784	-17.802538	0.36862186	0.015062924	0.07080708	12.0	1059.1845281124115
45	53.835087	39.14436	91.9	-26.666666	491.0	8.049189	9.700083	39.739876	-47.574196	460000	2.483527e-09	123.455444	-0.012186867	-37.04683	0.3819969	0.015293314	0.09770977	16.0	1084.14395070076
46	63.37778	29.126993	91.0	-13.333333	501.66666	7.0277643	10.450573	34.85565	-48.902157	470000	1.4901161e-08	102.23971	-0.010857128	-31.713974	0.37458682	0.015936686	0.08530853	11.0	1107.411055803299
47	52.92963	40.17476	94.0	-46.666668	506.94446	8.023302	10.620005	36.697964	-62.825123	480000	0.0	102.63903	-0.014922984	-21.58446	0.3708845	0.015308164	0.102410235	24.0	1129.6218574047089
48	63.807014	42.06735	100.0	-86.666664	474.26315	6.8122735	9.851012	35.35043	-40.754	490000	2.514571e-08	121.71885	-0.010848965	-54.15373	0.3678329	0.015824059	0.07480749	9.0	1151.565444946289
49	69.583336	20.355131	91.0	19.0	508.05554	8.578552	9.69303	37.411255	-30.16813	500000	0.0	54.541412	-0.012372714	-15.396909	0.3734766	0.015531837	0.0890089	14.0	1174.1838493347168
50	54.25789	37.796387	100.0	-40.0	482.10526	9.218827	9.718783	34.70178	-35.79968	510000	-1.9868216e-08	125.825615	-0.011342004	-34.082928	0.37859568	0.01507791	0.07870787	16.0	1198.8067228794098
51	58.8579	37.20289	92.8	-46.666668	486.21054	7.5726748	9.887285	33.78655	-52.83847	520000	2.483527e-09	104.33834	-0.011023189	-25.915955	0.37917235	0.016548762	0.09140914	11.0	1220.9939322471619
52	48.698334	42.77166	85.0	-40.0	475.35	7.8749876	9.713865	35.125256	-38.438126	530000	1.9868216e-08	142.64479	-0.009149004	-43.87442	0.3966851	0.015318024	0.07080708	8.0	1245.8350520133972
53	67.8	20.472178	100.0	13.0	502.05554	6.7551365	10.929523	32.427795	-51.520763	540000	-1.2417635e-09	65.86013	-0.012146714	-19.36589	0.37090054	0.0152679635	0.08160816	16.0	1269.4818694591522
54	56.65614	35.000023	100.0	-13.333333	503.4737	8.246874	10.676289	30.379438	-47.502296	550000	1.9868216e-08	99.96987	-0.011105936	-26.8109	0.37757185	0.015360676	0.08160817	14.0	1293.6267857551575
55	61.694443	31.820408	100.0	-13.333333	518.7778	7.304247	11.384918	38.8704	-53.134094	560000	1.6142925e-08	81.71747	-0.008352471	-14.805538	0.38763866	0.015755387	0.072707266	9.0	1314.4299280643463
56	58.69298	37.640797	93.7	-46.666668	497.4737	7.748068	10.306077	34.734055	-42.84639	570000	1.9868216e-08	86.02468	-0.009707528	-27.55536	0.36915657	0.015679028	0.06960696	12.0	1338.2855262756348
57	58.06111	36.553112	89.2	-26.666666	505.27777	7.424519	11.245143	33.624966	-58.02651	580000	-2.483527e-09	102.59403	-0.010262326	-26.910173	0.3957484	0.016212463	0.08420843	12.0	1362.2812633514404
58	62.100002	26.073166	100.0	13.0	517.0	7.306774	10.715308	40.74864	-47.78459	590000	-1.3659398e-08	89.79663	-0.006701974	-27.72116	0.394804	0.0152659165	0.06990699	7.0	1384.9961020946503
59	55.74386	39.46043	91.0	-46.666668	493.6842	7.3571296	10.477257	33.573532	-52.139404	600000	-9.158005e-09	134.20943	-0.016105391	-46.72774	0.39055738	0.015193784	0.10721072	25.0	1411.2263534069061
60	71.48703	26.404285	100.0	-13.333333	510.16666	6.485446	10.855935	30.903793	-54.130306	610000	-4.967054e-09	81.71023	-0.011980437	-34.266953	0.38395652	0.015441584	0.07540754	14.0	1433.6569995880127
61	70.35371	24.463696	94.0	-13.333333	498.3889	9.496959	9.923899	37.321243	-48.97098	620000	-2.2351742e-08	73.150505	-0.007091686	-16.218279	0.38439646	0.015042912	0.06280628	7.0	1455.6695370674133
62	60.63725	30.058483	100.0	-6.6666665	543.8823	9.922321	9.298903	34.370758	-47.191715	630000	-2.4835268e-08	63.752975	-0.011537284	-19.06577	0.3852415	0.015141997	0.082908295	12.0	1478.2489342689514
63	65.4074	25.74784	100.0	-6.6666665	507.77777	8.259835	9.610036	34.182655	-47.33202	640000	-1.2417635e-09	64.994316	-0.011711895	-16.96954	0.38880634	0.015864054	0.095909595	12.0	1501.7634360790253
64	69.27408	27.21353	100.0	-6.6666665	507.0	8.829417	9.767406	36.385986	-61.62966	650000	-6.208817e-09	75.31033	-0.008913461	-13.995632	0.38062516	0.015407261	0.06470647	10.0	1522.940626859665
65	59.303696	33.435932	97.0	-20.0	505.83334	8.656586	10.329911	32.22752	-48.041275	660000	2.483527e-09	77.48328	-0.011313863	-26.371925	0.38353142	0.015557602	0.0850085	14.0	1543.7938771247864
66	52.5193	33.64065	92.8	-6.6666665	511.57895	7.4622183	10.629281	34.643368	-55.12486	670000	3.1509746e-08	96.87911	-0.012455858	-21.970404	0.40081903	0.015611365	0.08010801	17.0	1567.7032294273376
67	65.22408	28.241613	100.0	-6.6666665	515.1667	6.7039094	9.937003	38.878166	-56.02925	680000	1.9868216e-08	77.28323	-0.006907126	-23.59649	0.37500903	0.015376307	0.05580558	7.0	1591.1488256454468
68	57.837036	35.54675	97.0	-26.666666	506.44446	8.700122	10.019284	40.880703	-48.54932	690000	-1.5522043e-09	101.52415	-0.01082778	-29.865616	0.3816998	0.0153888315	0.079307936	15.0	1613.287120103836
69	69.24118	23.507696	100.0	14.5	534.58826	7.702665	10.424422	41.4262	-58.593483	700000	-4.967054e-09	72.44807	-0.008881916	-23.966232	0.37957466	0.016023468	0.073207326	11.0	1636.6886644363403
70	55.614815	34.98275	85.6	-20.0	518.0	8.765889	10.149859	41.982693	-59.58087	710000	0.0	108.6885	-0.017709618	-38.476395	0.38006258	0.015029326	0.109010905	55.0	1661.1280071735382
71	61.757404	32.952812	100.0	-20.0	504.44446	6.84825	11.7669	33.739254	-62.67171	720000	-1.1796753e-08	92.47089	-0.010555859	-19.679518	0.3750495	0.01598999	0.07850785	13.0	1684.1942462921143
72	50.62963	42.081043	100.0	-40.0	503.66666	6.841462	11.510772	34.588318	-61.972847	730000	4.967054e-09	102.991066	-0.009509452	-19.551624	0.37292704	0.015046217	0.080008	13.0	1706.588237285614
73	49.18889	40.062614	90.1	-33.333332	523.05554	5.6457477	11.900827	35.16053	-57.30158	740000	-8.071463e-09	81.43989	-0.009656674	-12.965127	0.360602	0.015232616	0.08330833	14.0	1732.8066821098328
74	66.17407	26.232145	90.1	-6.6666665	483.16666	7.308292	10.870244	38.48154	-57.017666	750000	-9.158005e-09	65.4817	-0.010368704	-20.031193	0.3738998	0.015820948	0.0710071	12.0	1753.6269252300262
75	56.63889	34.65076	91.0	-6.6666665	506.0	7.5923095	11.391192	33.564312	-53.066414	760000	1.5211603e-08	81.5585	-0.008144916	-18.713526	0.39113548	0.015189792	0.065506555	7.0	1775.4819011688232
76	55.961105	34.402184	90.1	-20.0	491.77777	6.6696625	12.606001	35.673058	-66.93924	770000	4.346172e-09	82.97904	-0.009739628	-21.623505	0.3859924	0.015680756	0.08390839	12.0	1797.6439981460571
77	50.421566	42.14603	100.0	-33.333332	538.1177	6.7204976	11.035839	35.74123	-53.515545	780000	6.2088173e-10	90.508	-0.008437163	-21.112345	0.38507175	0.015431806	0.06700671	11.0	1821.3669838905334
78	51.47593	35.816475	100.0	-46.666668	494.66666	5.8924365	11.56397	31.12138	-69.46865	790000	1.6142925e-08	113.41113	-0.009826757	-31.524414	0.38409343	0.015147441	0.071007095	11.0	1844.9000523090363
79	53.050877	42.04863	97.0	-26.666666	493.26315	6.435225	11.684721	36.557835	-56.745785	800000	6.829699e-09	95.37115	-0.010848078	-23.946457	0.38609982	0.01574627	0.078907885	13.0	1869.196400642395
80	54.603703	38.825287	93.7	-26.666666	507.3889	6.406284	11.87038	35.42187	-57.40749	810000	-2.3593506e-08	73.37452	-0.008959625	-17.328405	0.3733202	0.015721137	0.06840684	9.0	1892.643073797226
81	48.913338	45.02579	88.3	-73.333336	460.65	6.829504	12.073377	35.828144	-62.48184	820000	1.6142925e-08	137.14825	-0.009579911	-54.393463	0.37773907	0.015250549	0.07870787	10.0	1916.6309180259705
82	50.56667	40.967247	88.3	-40.0	478.55	6.2287498	10.34935	37.123272	-56.764076	830000	-1.1175871e-08	110.26441	-0.0100261355	-37.452805	0.37383112	0.015562475	0.07580758	11.0	1940.4592158794403
83	54.243336	41.72112	100.0	-46.666668	472.55	5.758937	11.817582	34.772453	-56.69473	840000	-1.9868216e-08	130.22601	-0.011376418	-37.319065	0.36844543	0.015698018	0.08520853	10.0	1963.3856015205383
84	52.54386	41.036613	93.7	-46.666668	484.89474	6.046005	12.505682	40.723087	-47.980022	850000	-2.483527e-09	114.63672	-0.008984402	-34.56543	0.36901394	0.01605027	0.066506654	7.0	1986.5541903972626
85	41.131664	43.89685	87.4	-53.333332	466.6	6.0610948	11.45598	36.51341	-58.54023	860000	1.4125059e-08	163.54875	-0.009439986	-54.58223	0.36488166	0.015000488	0.07330733	12.0	2010.143562555313
86	54.894447	31.763546	91.0	-13.333333	523.44446	5.182944	12.094881	35.718597	-73.929886	870000	1.3659398e-08	81.31098	-0.008780077	-25.215311	0.3673443	0.015454709	0.07540754	8.0	2033.3966834545135
87	56.801758	45.167522	91.0	-60.0	462.57895	6.378814	11.875129	40.33682	-66.163765	880000	3.4148495e-09	104.21521	-0.010430728	-27.606298	0.37568274	0.015082456	0.08060806	13.0	2055.897822856903
88	47.692986	45.582764	100.0	-86.666664	492.05264	7.6905117	11.237313	36.966244	-46.444347	890000	2.8366534e-08	115.74705	-0.009404591	-32.492443	0.36452115	0.015818154	0.0720072	9.0	2079.696269273758
89	57.007015	39.212257	89.2	-33.333332	488.21054	6.11424	11.226217	32.080696	-51.93873	900000	2.483527e-09	85.752266	-0.009179865	-27.076843	0.36036685	0.015743421	0.072507255	10.0	2103.7407155036926
90	59.36111	32.20054	90.1	-13.333333	502.44446	6.830151	11.974236	34.020084	-61.554195	910000	1.8626451e-09	86.18634	-0.008431991	-23.235281	0.35053936	0.016872117	0.069406934	8.0	2127.3844175338745
91	61.22963	35.735928	94.0	-26.666666	510.72223	6.646082	12.774355	32.922974	-53.72369	920000	1.2417634e-08	79.29546	-0.004394094	-18.038942	0.3567163	0.015004482	0.04460446	5.0	2150.3796260356903
92	60.375923	34.873943	87.4	-33.333332	516.5	7.072191	12.224432	36.70365	-55.307304	930000	2.483527e-09	78.58073	-0.008818199	-18.723564	0.35067174	0.015101907	0.0660066	9.0	2174.1732788085938
93	51.326313	46.976925	100.0	-33.333332	472.26315	6.512145	12.021292	35.506245	-54.548046	940000	1.4901161e-08	164.09253	-0.009347067	-57.68173	0.3624259	0.015950365	0.07140714	9.0	2197.5698709487915
94	61.674072	33.20232	97.0	-13.333333	515.94446	6.488445	11.901424	34.947235	-48.259212	950000	4.967054e-09	85.69419	-0.0089508835	-22.329666	0.35434353	0.0162887	0.074307434	9.0	2220.7694175243378
95	57.591232	42.832264	100.0	-60.0	479.6316	7.1055245	11.218175	34.481647	-48.871174	960000	-1.4901161e-08	100.397255	-0.011689897	-17.19134	0.34479642	0.015270278	0.082908295	15.0	2246.338802099228
96	43.86842	50.6882	90.1	-93.333336	481.57895	7.357458	11.507318	37.155346	-48.69157	970000	-1.3659398e-08	134.9941	-0.011304385	-32.3885	0.35155785	0.015167698	0.0860086	17.0	2270.1129455566406
97	44.57895	41.026802	97.0	-46.666668	504.4737	5.2031837	11.81017	34.220673	-57.983765	980000	-9.934108e-09	133.26697	-0.010835028	-33.145893	0.35640207	0.015247382	0.0720072	14.0	2295.402690410614
98	62.23333	33.835148	100.0	-26.666666	511.83334	4.809745	12.140468	34.81414	-63.539467	990000	0.0	91.533134	-0.009859911	-28.598398	0.34297764	0.015378211	0.0660066	12.0	2320.1707978248596
99	62.427776	30.794027	100.0	-13.333333	512.5	7.2368984	12.187416	36.253292	-63.657417	1000000	-3.0423205e-08	84.91309	-0.008212256	-17.781313	0.35682413	0.01620567	0.06950695	9.0	2340.8586509227753
100	61.683334	33.321735	93.7	-20.0	516.7222	6.7146006	12.230929	34.83951	-66.67174	1010000	-5.5879354e-09	75.042786	-0.010312363	-16.667736	0.36013559	0.015112056	0.07730773	14.0	2365.4092988967896
101	54.911114	36.335537	86.5	-20.0	497.8889	6.8620706	11.821483	37.442844	-57.85328	1020000	2.4136776e-08	95.04362	-0.009339169	-26.499456	0.35884964	0.015655152	0.084808476	14.0	2389.7973806858063
102	48.95088	42.532436	100.0	-66.666664	508.89474	5.767009	12.387709	37.724903	-61.939537	1030000	7.761021e-09	113.242775	-0.009817388	-37.847973	0.3651344	0.016839642	0.06370637	9.0	2412.3680305480957
103	50.34074	39.785236	100.0	-26.666666	504.83334	6.222869	12.427688	37.070393	-51.344227	1040000	-9.934108e-09	84.138145	-0.014337811	-19.745783	0.3672345	0.015273756	0.09360936	20.0	2434.419780731201
104	51.045002	49.406193	100.0	-73.333336	459.25	5.7060227	12.436893	35.49565	-49.26802	1050000	2.1109978e-08	136.64532	-0.009474044	-44.78297	0.34734908	0.015814943	0.07370737	10.0	2458.25816655159
105	61.261402	37.125507	100.0	-46.666668	473.6842	6.271598	12.111088	36.271687	-57.39358	1060000	3.4769375e-08	90.89343	-0.011686556	-21.457895	0.36116734	0.015196305	0.07960796	11.0	2481.4196078777313
106	52.9807	46.366863	91.0	-46.666668	493.57895	7.6487045	11.779947	35.162846	-47.220062	1070000	0.0	99.127075	-0.009631906	-26.197784	0.36632672	0.015739687	0.06890689	11.0	2506.8287119865417
107	60.725925	42.111534	100.0	-33.333332	493.5	5.8630443	13.38499	36.11441	-58.240982	1080000	2.4835268e-08	92.87223	-0.0112785315	-30.103401	0.3772917	0.015519619	0.089008905	15.0	2530.473970413208
108	55.198147	40.216995	90.1	-20.0	513.55554	7.0091496	11.574007	36.64249	-50.813877	1090000	1.2417634e-08	89.51022	-0.008177868	-23.024187	0.35299614	0.015031554	0.06540654	10.0	2556.989172935486
109	61.24074	27.552288	85.0	-6.6666665	510.27777	6.132011	12.623957	36.22349	-52.19416	1100000	1.1796753e-08	65.92289	-0.0088099735	-15.0496	0.36763498	0.01532001	0.06960696	9.0	2580.681543827057
110	50.377193	37.873978	97.0	-26.666666	509.5263	6.7918034	12.176612	36.981388	-55.449776	1110000	2.1109978e-08	83.06972	-0.009610937	-22.636713	0.37389764	0.015815696	0.07530753	9.0	2605.957206249237
111	53.235184	41.13656	100.0	-13.333333	510.33334	5.9034095	11.641249	31.92854	-51.68765	1120000	-2.4835268e-08	93.72748	-0.01235487	-28.41384	0.36758733	0.015466581	0.08550855	17.0	2629.543173313141
112	57.211105	34.229176	100.0	1.7763568e-14	497.22223	6.0514426	13.456234	36.14746	-63.035923	1130000	-2.483527e-09	105.521324	-0.009213824	-45.795757	0.36986902	0.015651125	0.05880588	7.0	2652.3516778945923
113	52.97193	40.13294	94.0	-53.333332	498.05264	6.3755913	12.364235	35.75565	-54.56087	1140000	-1.8626451e-09	120.186615	-0.011517528	-32.05193	0.36225367	0.015191431	0.083108306	14.0	2677.3190965652466
114	58.72631	39.207157	97.0	-40.0	496.6316	5.8653507	12.480685	34.024914	-64.28719	1150000	3.7252903e-09	91.56494	-0.018440096	-25.36999	0.36310807	0.0150658	0.10861086	41.0	2700.860084295273
115	49.585964	44.069824	91.0	-40.0	490.5263	6.238276	13.404722	35.254852	-66.208824	1160000	4.967054e-09	91.89072	-0.010232382	-19.12879	0.37621593	0.015363944	0.07320732	15.0	2723.154397010803
116	62.370377	36.409492	100.0	-20.0	508.44446	5.826592	12.369552	36.94189	-59.02907	1170000	-9.934108e-09	98.31772	-0.0089017	-22.4895	0.37285826	0.015761182	0.06690668	12.0	2746.019142627716
117	61.56666	37.747765	100.0	-53.333332	486.0	7.363446	12.001003	36.65163	-61.683315	1180000	2.6077032e-08	99.19492	-0.009923305	-24.850906	0.36379325	0.015977012	0.06330633	9.0	2768.7644731998444
118	61.87037	35.39621	94.0	-20.0	498.8889	6.9265127	13.068367	35.432125	-62.943474	1190000	-1.8626451e-08	90.12128	-0.007861194	-36.21535	0.37757143	0.015141111	0.080708064	9.0	2791.4465696811676
119	51.92807	45.70595	98.2	-93.333336	489.3158	7.475072	12.843305	36.237747	-61.93266	1200000	0.0	152.07172	-0.0072510317	-49.537266	0.36778262	0.01530962	0.05870587	8.0	2812.525598526001
120	51.849125	39.281174	91.9	-40.0	502.21054	5.9496074	11.063951	34.546024	-43.890003	1210000	0.0	85.71226	-0.009108331	-26.582304	0.37035623	0.016633386	0.084808476	8.0	2836.3637177944183
121	68.13685	27.357038	97.0	-20.0	475.05264	6.1624646	11.738971	37.411964	-45.085846	1220000	-1.4901161e-08	80.938835	-0.0075224885	-42.899567	0.3652232	0.015478539	0.06270627	6.0	2859.8941457271576
122	62.486664	41.867035	97.0	-60.0	464.95	8.761483	10.652044	33.650272	-49.292553	1230000	-7.450581e-09	92.354004	-0.011389896	-25.892164	0.36497656	0.015923727	0.0880088	14.0	2884.531611919403
123	54.347366	40.86398	100.0	-73.333336	484.42105	8.336436	12.2991085	39.715267	-51.97497	1240000	2.1109978e-08	118.07046	-0.012401386	-33.90702	0.36851716	0.015121557	0.09490949	16.0	2908.309069633484
124	56.10371	37.92192	97.0	-26.666666	493.27777	6.1351647	11.638612	33.933685	-48.53833	1250000	3.7252903e-09	117.64569	-0.011869309	-42.069042	0.3606349	0.015404741	0.083808385	13.0	2931.214694261551
125	45.545616	37.76773	100.0	-53.333332	514.1053	5.5342016	12.285023	31.478605	-58.57648	1260000	0.0	107.03892	-0.008030263	-28.913076	0.36723137	0.015311594	0.06810681	8.0	2957.3805265426636
126	50.244446	40.121838	88.3	-26.666666	506.44446	4.619878	13.378117	33.888386	-54.286316	1270000	-1.2417634e-08	88.01768	-0.008052246	-20.893703	0.35710445	0.01533305	0.075907595	9.0	2979.073383331299
127	52.726673	38.931995	91.0	-26.666666	481.65	4.8312936	13.133436	32.11445	-61.840355	1280000	5.5879354e-09	97.40601	-0.010359458	-22.904053	0.37758306	0.015407372	0.09730973	13.0	3004.2832560539246
128	54.989475	38.852295	91.0	-46.666668	485.1579	5.903502	12.965378	38.316998	-66.8986	1290000	1.4901161e-08	98.92575	-0.010651559	-24.723602	0.35678497	0.015186903	0.080408044	16.0	3027.302273273468
129	58.13704	32.896847	92.8	-20.0	487.0	6.334329	13.175039	37.258476	-55.661762	1300000	5.510325e-09	95.49375	-0.00910843	-34.959007	0.35944286	0.015679529	0.09830984	9.0	3050.4357154369354
130	65.06667	35.88395	100.0	-53.333332	477.89474	6.936899	12.760787	35.72167	-68.906136	1310000	-2.483527e-09	94.27084	-0.009520472	-38.331142	0.35984042	0.01625148	0.07910791	10.0	3073.533208847046
131	54.331745	43.02198	100.0	-53.333332	455.7619	8.191437	11.152367	35.595097	-50.41088	1320000	1.0554989e-08	122.93555	-0.011967078	-42.950367	0.3764874	0.015172604	0.07660767	11.0	3099.3699131011963
132	34.66032	63.001522	91.0	-93.333336	406.2381	8.971408	11.55391	40.491398	-53.37409	1330000	3.663202e-08	222.47047	-0.009570417	-91.5982	0.34382972	0.016031945	0.07880788	14.0	3120.605593442917
133	48.45	40.29313	91.0	-46.666668	473.6	4.601958	12.648166	35.468433	-63.59973	1340000	3.7252903e-09	111.94964	-0.010160249	-42.0959	0.37710142	0.01592593	0.08120812	10.0	3145.1178007125854
134	60.405262	37.320183	100.0	-40.0	469.57895	5.305329	12.299296	34.114853	-58.531433	1350000	-8.071463e-09	147.95856	-0.010013315	-63.060333	0.37808737	0.015403158	0.06990699	9.0	3169.904440879822
135	55.024075	37.136505	100.0	-20.0	492.6111	7.814147	10.557363	39.601776	-50.83742	1360000	-4.967054e-09	103.82009	-0.011607218	-37.825764	0.36586	0.015172654	0.089108914	17.0	3191.7617161273956
136	55.115788	39.33907	97.3	-33.333332	469.3684	6.454244	12.081102	36.926785	-63.899014	1370000	-3.973643e-08	129.86937	-0.010962361	-33.077686	0.37066802	0.015803767	0.08620862	11.0	3213.4257225990295
137	51.42456	38.931084	94.6	-53.333332	499.5263	6.459818	12.096643	31.140512	-57.235336	1380000	9.934108e-09	108.53373	-0.0122641055	-30.98462	0.3651186	0.015713735	0.086408645	13.0	3239.912236213684
138	52.285965	38.97601	94.6	-66.666664	470.42105	6.175992	11.915685	34.701015	-54.825523	1390000	-2.483527e-09	133.237	-0.009470924	-27.199371	0.3633031	0.015518129	0.07540754	7.0	3261.571468114853
139	50.716667	40.81049	89.2	-60.0	464.5	5.774463	11.850425	31.347279	-61.68018	1400000	1.1175871e-08	122.87048	-0.0095940335	-28.763071	0.35728815	0.016266977	0.08210821	11.0	3284.9495067596436
140	51.227776	37.789165	91.0	-26.666666	508.16666	5.285667	11.997595	33.305534	-57.384136	1410000	3.7252903e-09	94.92953	-0.01001976	-25.45906	0.36334336	0.01516151	0.07850785	10.0	3309.068758249283
141	55.515785	43.42878	94.0	-53.333332	480.4737	5.3880672	12.625754	37.954006	-53.890068	1420000	-4.967054e-09	84.4977	-0.009026752	-25.718836	0.3575518	0.015564673	0.07480748	11.0	3333.0845432281494
142	46.670177	44.31523	91.0	-73.333336	487.4737	6.5005174	12.590619	35.238358	-59.36831	1430000	2.9802322e-08	109.149925	-0.010520856	-27.070786	0.35780343	0.015372104	0.07450745	11.0	3358.73725438118
143	62.22037	28.137606	91.0	-13.333333	480.44446	5.7227364	12.188142	35.0107	-54.670433	1440000	8.071463e-09	89.876366	-0.014733031	-32.40552	0.35400268	0.015046346	0.0861086	23.0	3380.9250361919403
144	63.870377	28.005178	85.6	-13.333333	505.27777	6.959023	12.528819	33.225826	-58.64594	1450000	-1.2417635e-09	78.416145	-0.00903346	-20.287226	0.35904607	0.016599163	0.059705973	8.0	3403.693930387497
145	58.04386	39.44523	100.0	-33.333332	507.26315	7.732543	10.9226675	34.913235	-55.37893	1460000	-2.483527e-09	112.19742	-0.010942169	-26.588675	0.36267087	0.0153548615	0.087408744	14.0	3428.0880517959595
146	54.02037	35.07965	91.9	-33.333332	505.44446	5.5261045	13.716849	33.52446	-65.71927	1470000	2.483527e-09	92.19657	-0.0174329	-35.83708	0.35733625	0.015076562	0.10071007	50.0	3452.3161504268646
147	46.76491	48.352623	100.0	-86.666664	494.6316	6.5211253	11.948065	36.283375	-62.699097	1480000	4.4703484e-08	155.44124	-0.012136308	-41.31093	0.3502586	0.016553028	0.08160817	11.0	3475.556840658188
148	55.670372	32.82409	85.6	-26.666666	513.94446	4.9777684	12.898384	31.18579	-61.379253	1490000	2.5950915e-09	93.96423	-0.0074637034	-34.982635	0.36137724	0.015455534	0.068306826	8.0	3497.5989484786987
149	52.138596	44.473694	100.0	-60.0	481.3684	6.0209856	13.418672	34.47664	-70.62337	1500000	-7.450581e-09	130.71712	-0.011039372	-30.990343	0.36740193	0.0150363175	0.08590859	15.0	3522.3038051128387
150	49.50185	39.189312	91.0	-33.333332	515.8889	5.8303633	12.408651	32.24186	-60.489098	1510000	1.4901161e-08	75.09501	-0.011962414	-20.150814	0.36014912	0.015202361	0.08520851	16.0	3543.9362790584564
151	51.174072	39.299118	92.8	-33.333332	522.5	5.543598	12.914902	38.013546	-64.83222	1520000	7.450581e-09	101.5626	-0.009798431	-19.89783	0.3781283	0.01603649	0.09490949	11.0	3567.6099503040314
152	59.24815	27.187572	91.0	-6.6666665	522.1667	6.152082	12.397208	34.180737	-66.782845	1530000	-4.967054e-09	86.518105	-0.0115339095	-26.534918	0.36453983	0.0152246505	0.0860086	15.0	3590.24006319046
153	57.13704	38.787304	100.0	-26.666666	526.5	6.720246	11.863694	37.068485	-66.38295	1540000	2.7939677e-08	78.07743	-0.012519843	-21.342033	0.36322334	0.01500876	0.09080908	19.0	3613.7224204540253
154	55.26078	34.00448	100.0	-26.666666	531.8823	6.6092916	12.44713	33.79847	-61.866936	1550000	-1.6142925e-08	87.26886	-0.0067697554	-22.308924	0.35176745	0.015003477	0.05450545	7.0	3636.192527770996
155	47.445614	41.788128	97.0	-33.333332	501.6316	5.5569773	12.305439	31.636753	-63.802406	1560000	-9.934108e-09	99.23487	-0.013016221	-21.395594	0.36078754	0.015198932	0.07810781	21.0	3662.0739715099335
156	47.898148	32.934628	85.6	-20.0	527.6667	5.3702254	13.547922	34.10223	-67.392044	1570000	1.3038516e-08	81.099846	-0.008192588	-18.288198	0.35751307	0.015638785	0.078907885	10.0	3684.042776823044
157	52.874077	29.303885	82.9	-13.333333	519.8333	5.101667	12.931663	31.737955	-60.777515	1580000	-9.934108e-09	66.35525	-0.009666166	-13.9426565	0.3706909	0.015533194	0.07560756	9.0	3708.0963249206543
158	54.413727	38.565155	94.0	-26.666666	525.82355	6.290115	11.849622	33.840317	-59.076977	1590000	2.483527e-09	73.65414	-0.008761716	-19.336548	0.3626972	0.015235241	0.076207615	11.0	3729.9416139125824
159	47.814037	51.483112	97.0	-93.333336	495.0	6.1714087	13.090649	33.697197	-63.156067	1600000	-8.692344e-09	100.2806	-0.0061056116	-22.256058	0.3648804	0.0155912815	0.05680568	8.0	3754.970430612564
160	51.421566	36.96345	93.7	-26.666666	545.2353	6.364987	12.452135	40.430595	-64.532394	1610000	-1.1796753e-08	80.07667	-0.008887812	-14.316209	0.37847027	0.015043673	0.08190819	12.0	3777.3152050971985
161	56.12963	37.767296	92.8	-26.666666	512.8333	6.160461	11.799518	31.604263	-57.21588	1620000	8.692344e-09	84.09815	-0.008409989	-21.151802	0.36734167	0.016638288	0.078707874	9.0	3799.8249962329865
162	53.0963	40.82459	97.0	-33.333332	524.6111	6.65558	11.836568	36.46919	-62.322735	1630000	-1.2417634e-08	95.44174	-0.008762912	-34.29452	0.374993	0.0152918	0.07940794	9.0	3822.373692750931
163	44.362747	46.040733	91.0	-53.333332	518.82355	5.143213	13.711178	36.648426	-65.11845	1640000	-9.4684465e-09	91.45405	-0.009877253	-25.967072	0.38103592	0.015270692	0.07790779	13.0	3844.5108144283295
164	48.63333	48.384388	95.5	-93.333336	485.3684	5.1249766	12.022852	31.512138	-65.92139	1650000	-2.1109978e-08	115.895546	-0.010721222	-21.754679	0.36976758	0.015004805	0.095909595	18.0	3869.313319683075
165	57.916668	35.96579	93.7	-20.0	518.3889	5.326145	12.298881	32.63038	-72.14979	1660000	-1.7384687e-08	93.023895	-0.008989577	-23.360292	0.38464272	0.015838414	0.0610061	8.0	3894.5394203662872
166	54.90926	37.5155	88.3	-33.333332	490.8889	6.287769	11.807937	34.27443	-72.51634	1670000	1.9712994e-08	82.193474	-0.009618835	-23.59906	0.385685	0.015432097	0.078007795	14.0	3917.741759300232
167	51.673683	38.57406	88.0	-60.0	515.2105	6.6418724	11.03506	34.777634	-53.41986	1680000	-4.967054e-09	115.6359	-0.009497727	-32.973827	0.38575372	0.016047318	0.07410741	9.0	3941.3249456882477
168	57.949997	30.672993	91.9	-20.0	524.6667	6.0554957	9.667687	33.90499	-51.525887	1690000	-1.2417634e-08	83.00604	-0.010500182	-28.46773	0.38528046	0.01591242	0.08230823	11.0	3966.5869615077972
169	46.45965	47.09057	86.5	-100.0	495.10526	7.0821157	9.677299	35.41143	-40.726864	1700000	-6.208817e-09	112.66522	-0.0069394037	-35.34948	0.3762462	0.015344508	0.06530654	8.0	3990.439197063446
170	61.37544	35.30885	92.8	-33.333332	486.26315	6.857812	10.592106	36.105476	-60.52603	1710000	8.692344e-09	82.99925	-0.012678616	-22.15491	0.371348	0.015427992	0.0880088	20.0	4012.989377260208
171	54.507404	35.486824	91.0	-20.0	521.0	7.106742	12.543533	34.620815	-61.05936	1720000	-1.4901161e-08	94.53457	-0.007375397	-34.778248	0.37668562	0.0161495	0.060706075	7.0	4034.659460067749
172	47.40741	45.503242	97.3	-40.0	502.0	5.847733	11.67509	36.31534	-50.476536	1730000	9.934108e-09	107.98214	-0.017372182	-25.709772	0.39506856	0.01508604	0.11051104	26.0	4057.8271009922028
173	53.242107	43.949917	91.9	-46.666668	476.3684	5.6800013	11.550135	35.982162	-46.61869	1740000	-1.2417635e-09	103.16531	-0.009571581	-25.39623	0.3994206	0.015477546	0.08700869	10.0	4080.296221971512
174	55.264816	34.59953	90.1	-13.333333	524.8333	6.3812475	11.585719	35.214283	-45.34016	1750000	1.2417635e-09	72.80514	-0.009176739	-20.343716	0.39973578	0.015975524	0.083808385	10.0	4102.829849243164
175	51.876472	35.895077	92.8	-33.333332	557.94116	6.959959	12.604955	34.768566	-64.08322	1760000	-6.9849193e-09	75.882484	-0.010213788	-19.953348	0.39068905	0.015096969	0.08180818	15.0	4127.855247974396
176	53.183334	35.018894	82.0	-26.666666	518.5	6.371543	11.190925	31.13082	-55.59358	1770000	-2.0489097e-08	70.35773	-0.010649591	-15.356126	0.39872584	0.015105213	0.084808476	13.0	4150.434344291687
177	47.656864	33.649937	87.4	-13.333333	538.2353	6.480202	11.504484	30.412182	-61.667957	1780000	1.7384687e-08	84.52484	-0.007373405	-24.987986	0.37862316	0.016063275	0.06440645	7.0	4174.9517121315
178	46.88772	43.719242	82.0	-60.0	505.57895	5.0617714	12.413302	30.167068	-58.70156	1790000	1.9868216e-08	108.81326	-0.0131089715	-30.007776	0.38918862	0.015209821	0.08630863	19.0	4202.9118864536285
179	51.466667	32.55053	86.5	-26.666666	527.94116	5.42738	11.773859	37.311768	-67.75898	1800000	9.934108e-09	77.8071	-0.008229766	-24.057325	0.3848585	0.016328374	0.07540754	10.0	4225.31783246994
180	46.801964	36.221203	91.9	-20.0	529.94116	6.2403903	11.4267	33.51574	-66.0235	1810000	-1.5366822e-08	107.7345	-0.011540578	-32.019424	0.3906779	0.01533714	0.07850785	17.0	4247.674928188324
181	55.62778	34.79008	92.8	-20.0	519.05554	5.6751547	10.844642	29.422005	-63.803875	1820000	-7.450581e-09	79.54751	-0.009032183	-24.25416	0.39217195	0.015659286	0.07030703	11.0	4271.704414606094
182	51.753704	33.76137	93.7	-20.0	503.22223	5.6032815	12.915116	33.33644	-58.451984	1830000	2.2972623e-08	70.73793	-0.008139121	-18.998957	0.39641055	0.016290244	0.06790679	8.0	4295.278877258301
183	40.241177	38.53804	90.1	-26.666666	544.0	6.13062	11.51233	30.144041	-57.718796	1840000	7.450581e-09	112.65021	-0.008563408	-25.089071	0.38766703	0.015628988	0.0720072	10.0	4319.431071281433
184	48.689476	45.23455	86.5	-100.0	476.0	4.2161136	11.782536	28.895144	-63.53382	1850000	-3.4769375e-08	96.38857	-0.009140781	-25.584747	0.3816677	0.016582457	0.084808476	8.0	4342.915543317795
185	49.714035	38.291267	88.3	-33.333332	494.1579	6.3902287	11.048829	32.904713	-55.172016	1860000	4.346172e-09	102.06136	-0.012033653	-22.05361	0.39282608	0.015361716	0.09650964	14.0	4367.684089183807
186	53.699997	36.369743	93.7	-26.666666	496.16666	6.0134587	11.347169	29.283314	-62.217422	1870000	0.0	72.089836	-0.010302447	-22.21282	0.36705017	0.015377737	0.067406744	14.0	4390.008277893066
187	44.7193	37.559193	90.1	-46.666668	506.0	6.1710587	11.616693	31.478304	-63.245182	1880000	1.2417634e-08	96.923134	-0.009660383	-28.271849	0.38201	0.016203055	0.08010801	9.0	4414.215756177902
188	54.40556	38.17963	93.7	-33.333332	523.8333	5.24104	10.975602	33.936832	-54.2572	1890000	0.0	78.79934	-0.009870551	-18.671951	0.3760637	0.015198247	0.07910791	11.0	4437.261629104614
189	52.81111	32.927917	89.2	-20.0	502.72223	5.3939247	11.759604	29.772493	-54.013203	1900000	-1.6142925e-08	71.13628	-0.005912555	-18.393927	0.376752	0.015481996	0.066506654	5.0	4459.1114711761475
190	53.600002	33.147827	95.5	-26.666666	514.6111	6.3520956	11.601791	34.179455	-54.44291	1910000	-1.6142925e-08	75.68963	-0.008004718	-22.034338	0.38232222	0.015471357	0.07880788	9.0	4481.5610110759735
191	54.650005	32.24318	91.9	-20.0	519.6111	6.689918	10.382439	37.85372	-61.279636	1920000	-7.450581e-09	82.00065	-0.011883765	-18.713936	0.39768076	0.015156068	0.081108116	13.0	4504.822461843491
192	54.807014	38.383694	88.3	-33.333332	492.0	6.4652157	11.004907	31.703663	-62.837254	1930000	-2.1109978e-08	97.31439	-0.007984315	-29.661345	0.3883066	0.015139678	0.06410641	8.0	4528.346210002899
193	45.285965	40.423237	92.8	-33.333332	493.89474	6.529673	10.722263	31.043987	-57.00538	1940000	1.21071935e-08	119.06531	-0.0076838494	-34.74527	0.39170837	0.015847227	0.07050705	6.0	4552.28493976593
194	53.75185	32.333057	96.4	-13.333333	519.3889	5.6612887	11.906103	34.335697	-63.40983	1950000	6.208817e-09	81.56039	-0.0076487525	-22.347784	0.38990512	0.01579871	0.08320832	10.0	4576.043803691864
195	49.737034	34.79346	94.6	-20.0	525.3889	6.5026054	12.506496	34.595085	-62.37145	1960000	-9.934108e-09	78.87784	-0.009387066	-23.028526	0.37781405	0.015146586	0.06750675	11.0	4599.694863080978
196	54.125927	37.926006	94.6	-33.333332	518.55554	6.3567266	12.215928	36.292633	-66.597946	1970000	-1.6142925e-08	67.47698	-0.009907545	-19.634926	0.38818774	0.015571959	0.087408744	12.0	4622.857486486435
197	49.303513	40.84717	92.8	-33.333332	503.42105	6.7008886	12.197933	38.43961	-71.95571	1980000	-1.7384687e-08	102.197	-0.009140818	-44.141357	0.405288	0.015399595	0.06340634	8.0	4647.498575925827
198	59.333332	33.8809	94.0	-33.333332	512.7222	5.71282	11.493578	36.679035	-50.298	1990000	7.450581e-09	104.964836	-0.008213513	-29.825653	0.39738622	0.015214552	0.07990799	7.0	4671.247625112534
199	53.041176	29.885094	90.1	-20.0	517.64703	7.7225666	10.687772	35.520836	-49.584282	2000000	2.483527e-09	79.6763	-0.007206537	-17.365805	0.3938469	0.016125306	0.082308225	9.0	4693.6883952617645
200	46.247364	43.448708	90.1	-60.0	502.5263	6.4674973	10.58458	35.14336	-57.21141	2010000	1.102065e-08	118.11429	-0.008082295	-28.135225	0.3921177	0.0153567195	0.06760676	10.0	4715.692170858383
201	44.392593	43.879837	85.0	-53.333332	523.1667	6.590416	10.982764	34.220932	-60.216827	2020000	-1.4901161e-08	106.8349	-0.0078003854	-21.445879	0.3967168	0.015841536	0.07320732	10.0	4738.438272476196
202	36.904762	48.706856	87.4	-66.666664	460.61905	5.1975584	11.2837925	35.084194	-68.402664	2030000	-1.4590721e-08	135.0146	-0.008752202	-59.63093	0.39815784	0.015127051	0.071607165	11.0	4762.875508785248
203	42.93509	42.154755	94.6	-53.333332	499.10526	5.4679475	11.881025	36.527077	-62.51437	2040000	7.450581e-09	123.1359	-0.010008687	-37.03221	0.39330387	0.015909232	0.06730673	11.0	4786.046198606491
204	53.666668	31.182697	91.9	-26.666666	501.3889	4.7097316	13.999749	46.55682	-67.58024	2050000	-6.208817e-09	98.05308	-0.0071287155	-45.23705	0.38533676	0.015101221	0.066706665	7.0	4807.974936008453
205	58.207405	33.249207	93.7	-13.333333	502.44446	6.2174287	11.999253	33.965313	-62.443527	2060000	9.934108e-09	62.850967	-0.007172951	-17.61706	0.37826213	0.015274233	0.07680768	9.0	4830.8482365608215
206	55.07018	30.507292	86.5	-20.0	486.57895	7.1171236	11.661419	36.51766	-49.70582	2070000	9.934108e-09	65.401955	-0.010703516	-14.243465	0.39020953	0.01542396	0.08450845	13.0	4856.910619974136
207	51.35263	40.737423	100.0	-33.333332	494.3684	6.758935	10.538463	30.22452	-51.04689	2080000	3.1044087e-10	80.906555	-0.009864525	-21.122246	0.3904418	0.015191163	0.09080908	12.0	4881.4150390625
208	61.790745	25.172531	85.0	-6.6666665	514.8333	6.3698263	11.989503	32.791714	-53.88882	2090000	1.5522042e-08	76.7492	-0.008049724	-22.360313	0.38736555	0.017406134	0.06540654	8.0	4905.413076639175
209	55.48704	36.93295	97.0	-26.666666	507.83334	6.599035	11.426832	31.363564	-48.4445	2100000	4.967054e-09	88.53827	-0.009391197	-23.645514	0.38123512	0.01557424	0.07370737	10.0	4929.7161746025085
210	44.429825	45.870945	94.6	-60.0	494.89474	7.126665	11.426141	35.243263	-58.103638	2110000	-1.9868216e-08	144.02571	-0.009382837	-35.38503	0.38227618	0.015598536	0.08540854	11.0	4951.960218429565
211	55.283333	38.01302	91.0	-33.333332	518.1667	5.0542827	12.05026	33.39221	-54.61364	2120000	1.20295836e-08	83.583275	-0.011559644	-28.780106	0.38620257	0.015087248	0.09370937	13.0	4973.710435390472
212	56.194443	32.490574	92.8	-13.333333	506.72223	6.2866087	12.633365	39.690884	-56.384018	2130000	6.208817e-09	82.404106	-0.00840903	-21.15983	0.38196623	0.015868235	0.06960696	10.0	4997.2927577495575
213	48.79649	42.38357	91.0	-46.666668	497.4737	6.242946	11.240488	35.86897	-51.695038	2140000	-9.313226e-09	112.37447	-0.011994038	-31.725176	0.38010585	0.015026587	0.09980998	16.0	5021.024095058441
214	50.440353	38.007053	86.5	-26.666666	488.57895	5.810351	11.470549	31.773329	-57.4803	2150000	-4.967054e-09	86.12478	-0.010843399	-18.841541	0.37222132	0.015135974	0.07990799	18.0	5043.344264507294
215	55.514038	42.69362	95.5	-33.333332	482.3684	5.7956657	12.003448	33.51848	-64.938644	2160000	-2.100569e-08	103.43103	-0.009731438	-30.743576	0.38434848	0.016432716	0.06130613	10.0	5066.45068025589
216	60.337036	28.24039	91.0	-13.333333	503.83334	6.9373045	12.600874	37.628822	-68.99677	2170000	1.6763806e-08	70.014824	-0.010315657	-19.646967	0.3915833	0.015214975	0.08090809	13.0	5089.847091436386
217	50.082455	45.140175	96.4	-73.333336	486.5263	7.239292	10.932327	36.778194	-57.65571	2180000	-2.483527e-09	120.10442	-0.008704153	-36.254166	0.3943607	0.015871122	0.07820782	10.0	5111.563619375229
218	52.512966	38.854523	95.5	-40.0	527.1667	6.0808716	11.777779	33.422894	-60.147198	2190000	4.9670536e-08	92.27366	-0.0074810213	-20.489653	0.37293604	0.015614188	0.07580758	10.0	5134.256605863571
219	51.674076	39.48251	94.0	-33.333332	526.3333	5.574279	13.052014	32.223415	-63.07443	2200000	-7.450581e-09	81.95187	-0.009330425	-20.648869	0.38245645	0.015065267	0.07840784	13.0	5156.234404563904
220	48.877773	41.252464	94.0	-26.666666	510.83334	5.4298882	11.857828	35.346798	-65.25214	2210000	1.8626451e-09	94.906425	-0.011503155	-27.258242	0.38177893	0.015579726	0.08160817	14.0	5179.522115945816
221	54.803703	35.98284	95.5	-20.0	502.05554	5.8396225	12.421521	40.194878	-45.11997	2220000	-2.483527e-09	70.578804	-0.0128589505	-26.512636	0.37725803	0.015031413	0.09030903	19.0	5201.577622413635
222	53.699997	38.129623	91.0	-26.666666	505.3889	6.434153	12.324464	34.45482	-63.200108	2230000	-6.208817e-09	81.774345	-0.008243108	-13.3205185	0.38505125	0.016126862	0.073607355	8.0	5224.730940580368
223	47.550877	44.483665	91.9	-46.666668	495.6316	6.363186	11.213688	36.33454	-61.097015	2240000	9.934108e-09	95.34965	-0.0088414205	-25.971395	0.38155818	0.016109176	0.06340634	10.0	5247.470100402832
224	50.75185	33.58657	85.0	-13.333333	540.2778	6.810366	10.887253	34.55044	-61.438408	2250000	2.483527e-09	93.320045	-0.0075677424	-23.080454	0.39542767	0.016179202	0.06640664	9.0	5270.073796749115
225	43.605263	43.373283	93.7	-73.333336	490.57895	4.947245	11.744518	35.312916	-59.56061	2260000	3.26739e-08	111.75695	-0.009823206	-29.335754	0.37928605	0.015764503	0.086308636	11.0	5294.514481306076
226	55.287037	37.710865	97.0	-33.333332	514.1111	5.549724	11.878252	35.648636	-57.609386	2270000	1.4280279e-08	84.69013	-0.009620175	-21.700277	0.3926321	0.015271106	0.08210821	14.0	5317.967022657394
227	46.899998	44.86172	89.2	-73.333336	498.05264	5.945085	11.693564	37.020576	-63.250607	2280000	-1.4901161e-08	106.87473	-0.008565743	-29.056993	0.38798118	0.015876697	0.07080708	11.0	5341.587055206299
228	50.77963	36.208767	94.0	-33.333332	530.55554	6.5896454	11.15277	36.477905	-48.95005	2290000	4.967054e-09	69.96027	-0.0086716525	-16.476038	0.38295296	0.016293155	0.07540754	10.0	5364.601300954819
229	50.833332	36.18168	90.1	-26.666666	527.6667	6.36666	11.341775	34.06995	-53.131477	2300000	-8.692344e-09	59.500473	-0.008978278	-11.45395	0.37861612	0.015332454	0.07570756	13.0	5387.7403655052185
230	52.88704	34.798336	87.4	-20.0	527.7778	5.700693	12.02307	34.248516	-55.801006	2310000	-1.1796753e-08	64.60375	-0.00834746	-12.205116	0.38062084	0.015912361	0.08700871	10.0	5412.149916648865
231	60.916668	33.511463	94.0	-20.0	514.3889	6.0346465	11.275377	38.2979	-56.39755	2320000	0.0	79.84907	-0.010772188	-23.54688	0.38241753	0.0155213075	0.08170817	14.0	5434.870954990387
232	59.666664	30.942503	91.0	-20.0	537.2941	8.010105	10.71583	33.61381	-55.39048	2330000	1.3271347e-08	68.77628	-0.007524013	-17.72183	0.36539412	0.015927305	0.074307434	10.0	5456.503921031952
233	46.321056	41.61568	97.0	-53.333332	491.42105	7.803544	9.915369	32.99377	-42.548237	2340000	7.450581e-09	109.8717	-0.00877666	-28.794638	0.36909094	0.015262694	0.07240724	9.0	5480.561912059784
234	50.58421	42.986973	87.4	-66.666664	500.94736	5.7757354	11.627602	31.481907	-53.45614	2350000	-2.483527e-09	101.43839	-0.009395708	-23.066828	0.3743935	0.01608735	0.08700871	10.0	5503.740437746048
235	53.307407	39.802868	93.7	-40.0	492.16666	6.8016057	11.517788	32.148186	-61.00151	2360000	-1.6142925e-08	108.19399	-0.009141869	-26.685013	0.37144065	0.015877083	0.094209425	11.0	5525.245251655579
236	57.063156	42.295094	91.0	-66.666664	489.5263	6.6233974	11.331187	32.38514	-61.822002	2370000	1.5987704e-08	123.667274	-0.009749624	-44.657562	0.36706293	0.015286132	0.07950795	12.0	5548.723920822144
237	42.431667	48.393986	91.9	-66.666664	480.45	6.3317943	11.952271	36.58774	-56.506935	2380000	5.5879354e-09	152.95778	-0.008978397	-49.778168	0.38254094	0.015806494	0.082108214	11.0	5574.649060964584
238	55.745617	45.125805	100.0	-80.0	484.42105	5.689147	11.329591	33.509266	-53.18205	2390000	-4.967054e-09	122.4067	-0.009825977	-28.90107	0.36866042	0.01609633	0.08250825	10.0	5597.295065879822
239	47.085968	43.240543	92.8	-33.333332	502.26315	7.386134	10.36023	31.95452	-53.327236	2400000	-1.6142925e-08	113.587074	-0.008278251	-44.77048	0.37458405	0.016203163	0.07450745	8.0	5620.40505194664
240	58.81667	34.22438	100.0	-20.0	500.3889	5.913743	10.978223	33.70513	-48.968662	2410000	-5.2774944e-09	94.27549	-0.0094124405	-24.088943	0.36651722	0.0153107615	0.08030803	11.0	5642.896800994873
241	54.48431	35.863987	91.9	-26.666666	553.8823	8.318294	10.092149	38.923603	-47.691284	2420000	-1.9247333e-08	88.86904	-0.0053982832	-21.649605	0.368789	0.015204519	0.04910491	5.0	5666.402721166611
242	67.074066	24.23473	97.0	-6.6666665	498.66666	6.11792	10.363594	32.40532	-54.73821	2430000	1.3659398e-08	93.40176	-0.008708947	-32.64662	0.3807725	0.015638756	0.07290729	8.0	5689.674777507782
243	50.864815	37.547142	89.2	-20.0	498.33334	7.879827	10.756746	30.110903	-52.42446	2440000	-8.692344e-09	98.39536	-0.009305985	-40.86764	0.37469983	0.01644939	0.08680868	10.0	5711.638231277466
244	61.407402	29.661938	94.0	-6.6666665	529.7778	6.3817825	11.696942	36.277027	-54.732914	2450000	-4.346172e-09	93.8609	-0.009978462	-24.959732	0.37433267	0.015332577	0.086508654	14.0	5734.2038362026215
245	45.23509	42.14061	82.0	-40.0	498.42105	7.021134	11.436096	35.820766	-57.905052	2460000	-2.483527e-09	100.401375	-0.009429749	-22.636133	0.398901	0.015803201	0.070907086	8.0	5759.28417301178
246	45.514038	47.093884	86.5	-100.0	480.5263	6.256186	10.99754	36.266388	-55.675453	2470000	-4.346172e-09	104.084724	-0.008428218	-21.5189	0.38280234	0.016216869	0.07450745	8.0	5782.374804973602
247	57.48704	32.058434	93.7	-13.333333	522.8889	5.3665333	11.427715	33.748516	-56.488056	2480000	-2.2351742e-08	70.99732	-0.010457757	-20.091774	0.38745365	0.0150159	0.08010801	12.0	5805.862798690796
248	49.817547	47.449215	99.1	-86.666664	497.3684	6.330307	12.073897	34.722443	-58.449455	2490000	-1.0554989e-08	107.575775	-0.009252039	-31.013498	0.39321032	0.015430012	0.06280628	9.0	5829.4059138298035
249	51.792984	40.09038	91.0	-53.333332	484.05264	5.495453	12.135443	33.226788	-68.7978	2500000	-1.7074248e-08	86.235085	-0.013439999	-27.158707	0.38736954	0.015063907	0.098509856	17.0	5853.193741321564
