Epoch	AverageEpRet	StdEpRet	MaxEpRet	MinEpRet	EpLen	AverageVVals	StdVVals	MaxVVals	MinVVals	TotalEnvInteracts	LossPi	LossV	DeltaLossPi	DeltaLossV	Entropy	KL	ClipFrac	StopIter	Time
0	54.68	41.050232	100.0	-40.0	707.3	7.4136267	4.751517	24.001429	-28.943836	10000	1.2417635e-09	103.935585	-0.012600981	-16.093079	0.37651107	0.015315372	0.090809084	15.0	25.565569639205933
1	66.72	29.646343	100.0	20.0	765.1	6.1571164	3.9153836	23.138481	-35.23666	20000	-2.483527e-09	61.536213	-0.0073808655	-6.905924	0.3900397	0.016309796	0.07880788	6.0	51.34670639038086
2	76.68	17.444817	100.0	48.0	731.1	6.6021852	4.2841926	22.96185	-21.831024	30000	-2.483527e-09	37.57497	-0.0076833204	-9.236455	0.40058056	0.015080343	0.06830683	9.0	74.36781430244446
3	64.14	18.872637	96.0	24.0	744.2	7.237827	4.527572	24.501577	-33.90952	40000	3.973643e-08	38.644665	-0.010601547	-8.744322	0.40000233	0.015170462	0.07720772	18.0	99.52298355102539
4	40.84	49.002758	80.0	-65.0	730.3	6.618384	4.2126646	23.626825	-27.6368	50000	-1.3659398e-08	118.454384	-0.009216426	-27.986847	0.40303728	0.01572374	0.08180818	12.0	123.14903473854065
5	60.3	36.747925	100.0	-25.0	752.5	3.8047507	5.663045	24.77921	-43.70461	60000	1.7384687e-08	68.85316	-0.005938731	-24.390844	0.39474037	0.016655596	0.04610461	6.0	145.52528190612793
6	37.02	49.19882	92.0	-40.0	710.5	6.0806875	5.41268	25.415022	-40.19137	70000	-3.7252903e-08	96.692406	-0.007796069	-24.849588	0.4046681	0.016070459	0.076907694	8.0	170.0866403579712
7	64.55556	27.649035	96.0	-5.0	719.6667	4.3335757	5.7888513	25.56065	-40.10291	80000	1.2417634e-08	67.40281	-0.008647182	-22.380274	0.3955699	0.015359285	0.0670067	14.0	194.93354606628418
8	62.52	27.358976	96.0	18.0	734.4	6.697253	4.52116	22.819057	-34.57134	90000	2.483527e-09	42.87859	-0.0083119115	-6.462355	0.39456284	0.015574428	0.059105914	8.0	221.1217381954193
9	59.666668	25.447113	100.0	18.0	700.0	6.3656917	4.98424	24.874725	-13.803795	100000	-4.718701e-08	59.500843	-0.006591954	-10.872577	0.39435384	0.01553586	0.05590559	5.0	245.97818541526794
10	80.44444	15.485557	100.0	56.0	667.44446	6.2305493	4.6041026	25.382484	-15.97942	110000	2.9802322e-08	35.130642	-0.005876837	-11.97002	0.3926055	0.01519582	0.06410641	9.0	271.89986419677734
11	77.333336	24.783506	100.0	22.0	681.2222	7.706404	4.754113	30.061213	-11.535138	120000	8.692344e-09	32.226665	-0.010000103	-4.856067	0.39183196	0.015271385	0.08510851	20.0	293.6494336128235
12	54.555557	30.35022	100.0	-15.0	720.55554	7.930025	5.1815634	24.337076	-25.187824	130000	-1.2417634e-08	65.5335	-0.0076173344	-15.225389	0.40161037	0.015368767	0.08320832	11.0	319.0644099712372
13	60.22222	27.779999	96.0	-5.0	699.6667	6.5508623	5.063546	25.897455	-26.987421	140000	6.2088173e-10	37.230877	-0.009550788	-6.295482	0.40782717	0.0151087595	0.088408835	14.0	341.4760389328003
14	52.0	33.48963	84.0	-25.0	714.7778	6.6946783	4.740076	25.888382	-23.883099	150000	-2.4835268e-08	58.468258	-0.006562308	-7.8244414	0.40851238	0.015029959	0.09710971	7.0	366.3263931274414
15	63.11111	20.463758	88.0	20.0	701.2222	5.7251444	4.7784324	25.332422	-25.363384	160000	-6.208817e-09	37.564285	-0.011435173	-5.8315315	0.40026608	0.01587726	0.090809084	17.0	392.39728832244873
16	63.26	33.78829	92.0	-30.0	739.9	6.176272	4.634065	25.633093	-40.161922	170000	3.7252903e-09	58.813816	-0.007430751	-7.589847	0.38615882	0.015484442	0.07580758	13.0	415.07839846611023
17	78.111115	19.27834	100.0	39.0	700.8889	6.6555643	4.6162553	25.692232	-20.090612	180000	-3.1664968e-08	28.016418	-0.0055298354	-8.970451	0.38988185	0.015569379	0.06470647	8.0	439.9296896457672
18	64.06	27.750177	100.0	-5.0	781.9	8.022871	4.6056166	25.520424	-18.797132	190000	0.0	57.02484	-0.005965087	-13.982315	0.39892185	0.015071672	0.079307936	9.0	463.06210064888
19	58.444443	24.617569	100.0	4.0	715.6667	6.695318	4.545304	25.656155	-22.068825	200000	-4.346172e-09	57.166172	-0.010835302	-16.371817	0.3857939	0.015579775	0.085608564	20.0	488.2161214351654
20	60.54	31.498323	100.0	12.0	751.1	6.2463393	4.716789	26.393112	-35.38136	210000	-1.7384687e-08	86.46035	-0.010648149	-17.352882	0.37364188	0.015640704	0.076007605	18.0	513.9528031349182
21	64.3	41.558914	100.0	-55.0	812.1667	6.1862636	4.531127	24.668034	-17.820707	220000	-2.9802322e-08	66.60499	-0.0070012086	-12.990757	0.37237272	0.015911875	0.060706068	7.0	540.4129583835602
22	66.72	21.788658	92.0	28.0	753.3	6.5120883	4.917892	22.357418	-35.881287	230000	0.0	38.121593	-0.00870417	-5.399709	0.37293997	0.016347975	0.0890089	14.0	565.8672788143158
23	75.44444	16.159697	96.0	56.0	681.44446	6.829599	4.579726	23.335732	-25.008347	240000	4.967054e-09	36.88399	-0.007006164	-5.4626365	0.369306	0.015222092	0.07390739	12.0	588.2270393371582
24	76.888885	19.846323	100.0	36.0	676.3333	7.3078513	4.4630637	26.462914	-8.949898	250000	4.967054e-09	25.090065	-0.006304078	-4.0512366	0.3781178	0.016191864	0.065806575	8.0	612.4298660755157
25	74.259995	15.951439	100.0	49.0	750.1	7.643422	4.9169626	27.100151	-28.624588	260000	-1.9868216e-08	38.056812	-0.0092339	-5.638621	0.38208237	0.015006575	0.08230823	15.0	637.3297865390778
26	54.079998	45.421333	100.0	-50.0	684.0	7.3553815	4.302448	24.789192	-24.088154	270000	0.0	88.27237	-0.009105013	-19.532394	0.3648571	0.015688738	0.061606158	12.0	662.5217139720917
27	53.079998	47.52365	100.0	-50.0	742.6	6.1751194	4.99546	22.269844	-28.078852	280000	-4.5324366e-08	74.22584	-0.005457437	-24.271936	0.36752152	0.016550338	0.07380738	8.0	684.6922106742859
28	65.4	33.268604	100.0	-25.0	769.2727	5.5996113	5.7999063	26.758018	-28.88833	290000	3.228585e-08	75.75824	-0.004109662	-17.493687	0.37926558	0.015100833	0.058205824	5.0	710.814129114151
29	73.3	19.545076	100.0	40.0	738.3	6.8219957	5.0464835	26.633818	-26.445518	300000	-1.8936893e-08	31.88092	-0.010462207	-6.7742524	0.36619434	0.015462015	0.08060806	18.0	734.7045016288757
30	75.58	17.604193	100.0	52.0	746.4	7.3535776	4.778923	27.080585	-31.379185	310000	-4.967054e-09	40.920685	-0.009510062	-4.982184	0.37344614	0.015440331	0.08640864	17.0	759.6202297210693
31	67.1	35.044117	100.0	-25.0	731.3	6.810212	5.3705482	25.194721	-38.403458	320000	-8.692344e-09	67.40856	-0.013249806	-10.784022	0.37571216	0.015128839	0.09390939	31.0	783.7443222999573
32	62.77778	25.40244	92.0	8.0	715.1111	6.4425497	4.900989	25.046873	-30.103743	330000	-2.483527e-09	53.63611	-0.0071091726	-11.84731	0.37820148	0.01594534	0.0720072	6.0	807.9859611988068
33	70.82	24.001076	100.0	24.0	730.4	6.624166	3.7225313	24.32736	-19.690136	340000	1.9868216e-08	47.685123	-0.008417498	-6.4899955	0.37187722	0.015449653	0.077807784	14.0	832.7836475372314
34	74.22	21.147945	100.0	35.0	733.7	7.099672	4.31908	24.511892	-13.57537	350000	7.450581e-09	30.155977	-0.007481499	-4.6529846	0.37170944	0.015939748	0.06040604	10.0	857.6414930820465
35	56.52	29.86626	95.2	-5.0	739.4	7.393026	4.6747036	25.395636	-24.692627	360000	-1.2417634e-08	59.565765	-0.010076168	-14.100818	0.37051368	0.015519646	0.07740774	19.0	883.5211338996887
36	78.0	17.486502	100.0	54.0	705.7778	5.8859496	4.1329484	21.195112	-25.25894	370000	-4.967054e-09	46.690414	-0.008871203	-17.043697	0.37832832	0.015751123	0.077107705	11.0	908.3432388305664
37	65.2	30.4	100.0	-10.0	742.8	7.2541795	4.4060764	25.191425	-28.116371	380000	3.973643e-08	72.59561	-0.008689764	-11.151935	0.3822198	0.015072983	0.08060806	17.0	932.448415517807
38	69.13333	17.70637	92.0	34.0	829.6667	6.427285	4.396301	25.741571	-14.561393	390000	-1.3659398e-08	29.713434	-0.00849343	-4.3967266	0.37881744	0.015344639	0.07670767	14.0	959.5040602684021
39	77.41818	18.088562	96.0	34.0	765.5455	6.53203	4.3913226	25.54176	-17.70851	400000	0.0	25.762888	-0.008973245	-5.0030575	0.3683003	0.01633525	0.07590759	12.0	984.5493350028992
40	67.06	34.912926	100.0	-25.0	738.0	7.795059	4.3150363	26.329473	-39.125732	410000	2.483527e-09	63.08684	-0.009172921	-8.642638	0.37875864	0.015094932	0.070707075	15.0	1009.8936913013458
41	78.54	19.321087	100.0	49.0	743.9	6.950463	4.1802444	23.772894	-26.770666	420000	-2.8560558e-08	34.78966	-0.0052979123	-9.045966	0.3873262	0.015703224	0.06040604	7.0	1035.6271381378174
42	71.1	26.170403	100.0	22.0	758.5	7.5491323	4.677381	26.20887	-24.992628	430000	-1.4901161e-08	34.60224	-0.00853499	-4.566622	0.38431075	0.01594697	0.0790079	10.0	1060.0869045257568
43	75.83636	18.736996	100.0	36.0	767.1818	7.050732	4.4384484	25.83503	-11.268507	440000	2.0489097e-08	38.915413	-0.0076447255	-7.261212	0.37983108	0.015495311	0.07760776	12.0	1086.8624243736267
44	81.86667	17.902203	100.0	40.0	780.5	8.23536	4.66909	25.096209	-10.966429	450000	-1.6763806e-08	24.815348	-0.0074733533	-6.5561447	0.36710802	0.015131208	0.07360736	10.0	1112.5369181632996
45	71.77778	21.591036	100.0	38.0	693.6667	8.60646	4.6429815	27.461876	-28.721737	460000	1.9868216e-08	45.860027	-0.011180309	-10.898633	0.36718884	0.015018689	0.07630763	34.0	1138.4744670391083
46	76.44444	15.748799	96.0	49.0	679.6667	7.0337605	4.955	26.201927	-20.384838	470000	2.7318796e-08	42.82724	-0.012112676	-9.989376	0.37972274	0.015476159	0.09450945	22.0	1162.1293261051178
47	72.0	35.548584	100.0	-20.0	779.5455	7.69571	4.6994534	26.796413	-16.915646	480000	1.3659398e-08	56.876804	-0.007023249	-10.66022	0.36817217	0.016530896	0.06690669	6.0	1188.5826456546783
48	75.0	20.242968	96.0	35.0	659.2222	7.29779	5.0764556	27.73441	-22.29953	490000	-4.967054e-09	33.72768	-0.012810054	-5.5070767	0.3786726	0.015352442	0.08880889	30.0	1210.908593416214
49	67.666664	29.424103	96.0	9.0	690.55554	7.4437323	4.797595	25.871216	-19.434101	500000	-2.9181441e-08	33.098385	-0.0064624324	-5.3459206	0.38750514	0.01676595	0.04140414	5.0	1234.3024277687073
50	78.92	17.62548	96.0	52.0	729.4	7.2605486	4.9108224	28.767103	-20.256533	510000	-6.208817e-09	28.666422	-0.008315985	-5.988745	0.38542685	0.01526389	0.07300731	13.0	1259.271176815033
51	67.479996	36.932823	100.0	-20.0	718.2	7.729649	4.758213	24.978275	-43.312965	520000	-1.0554989e-08	64.7901	-0.008773644	-8.295137	0.37528062	0.016216772	0.08090809	10.0	1283.8997893333435
52	73.259995	15.423631	92.0	49.0	725.1	6.814624	4.5767474	23.427174	-18.481983	530000	1.2417634e-08	35.192394	-0.010136537	-3.9442036	0.3794272	0.015105385	0.0750075	20.0	1308.3551223278046
53	72.77778	26.889809	100.0	15.0	672.2222	7.025337	4.4773655	22.616066	-18.285065	540000	-4.9670536e-08	33.109352	-0.007957992	-6.4063935	0.37862158	0.015026105	0.07050705	10.0	1332.354959487915
54	81.6	15.09437	100.0	56.0	737.0	8.049601	4.676213	27.112062	-14.756958	550000	2.7939677e-09	20.096842	-0.007386646	-2.351455	0.37471548	0.01635448	0.080708064	11.0	1356.3961429595947
55	67.56364	23.771307	100.0	20.0	791.0	8.216023	4.448562	24.962523	-46.818787	560000	1.4901161e-08	44.831585	-0.010681902	-5.9507957	0.37610462	0.015119755	0.09120911	18.0	1381.6503775119781
56	69.01818	37.445473	96.0	-40.0	771.1818	7.089789	4.7016516	24.19388	-64.69363	570000	7.450581e-09	75.80007	-0.008924704	-12.94048	0.39130542	0.015098206	0.072507255	16.0	1408.8221516609192
57	60.3	38.30418	96.0	-20.0	733.6	6.706116	4.60878	21.471546	-25.396532	580000	1.4901161e-08	64.98803	-0.012936193	-13.467689	0.39025012	0.01542044	0.09250925	24.0	1434.8599960803986
58	62.52	34.56521	100.0	6.0	767.6	6.490667	4.57157	25.39861	-21.232697	590000	-1.4901161e-08	72.671265	-0.0076633566	-18.040281	0.3832761	0.016889215	0.082008205	7.0	1458.4901056289673
59	73.18	26.6753	100.0	19.0	755.2	6.619646	4.882594	28.361694	-29.722588	600000	3.228585e-08	43.90221	-0.0054904683	-9.855991	0.39187607	0.022059834	0.08890889	6.0	1484.4720091819763
60	81.666664	15.143755	100.0	59.0	710.0	7.5313425	4.355075	26.186079	-14.608097	610000	-4.967054e-09	21.119793	-0.004444346	-3.6090539	0.39995027	0.015720686	0.0830083	6.0	1507.8902955055237
61	65.0	31.386478	96.0	-5.0	688.55554	8.130889	4.601495	25.61449	-35.672318	620000	-1.2417634e-08	42.736572	-0.00334871	-9.87067	0.40123037	0.016083593	0.05780578	5.0	1532.01895403862
62	74.111115	17.20752	96.0	39.0	697.7778	7.115894	4.6497045	26.364244	-20.533897	630000	-6.208817e-09	28.520884	-0.0045097447	-6.2492256	0.39351985	0.016470985	0.06950695	4.0	1557.9558176994324
63	71.88	27.184732	100.0	20.0	770.3	7.230809	4.8436437	33.84213	-48.335922	640000	4.40826e-08	34.878067	-0.006440829	-6.872511	0.39122847	0.015879642	0.07920792	10.0	1581.4865617752075
64	65.77778	31.863522	100.0	-5.0	706.1111	7.3626513	4.678925	26.009384	-31.57632	650000	2.5456151e-08	53.528305	-0.004431261	-11.3943815	0.39117578	0.018872676	0.0750075	8.0	1605.6624810695648
65	76.888885	15.408832	100.0	52.0	727.2222	6.62987	5.0524373	22.798725	-25.004372	660000	-1.8626451e-09	29.354345	-0.006399716	-10.732654	0.3846278	0.015845016	0.06940695	7.0	1629.979220867157
66	77.0	18.37873	96.0	44.0	715.8889	7.68953	3.8758018	22.727915	-19.876822	670000	4.2219956e-08	28.924149	-0.003277544	-5.0142493	0.38304052	0.017474102	0.042904288	4.0	1656.6624360084534
67	75.77778	15.837914	100.0	51.0	681.6667	7.1450686	4.5468736	25.274462	-21.265257	680000	-1.6763806e-08	29.458786	-0.008213931	-4.1628623	0.38299274	0.015587577	0.07850785	13.0	1681.754769563675
68	74.72727	15.966163	96.4	36.0	787.1818	7.0321245	4.620298	25.722967	-9.711288	690000	1.2417634e-08	24.397964	-0.00829484	-3.6534393	0.37642327	0.01523064	0.074407436	12.0	1706.9071702957153
69	81.44	16.898	100.0	48.0	753.0	7.6857247	4.335975	25.805117	-10.093464	700000	8.692344e-09	21.460014	-0.007805955	-3.9111102	0.3815817	0.015066192	0.06730673	13.0	1734.7828407287598
70	70.44444	31.941305	100.0	-10.0	695.8889	8.156689	4.4914603	26.469593	-11.121062	710000	-1.1175871e-08	67.90309	-0.007539836	-12.999417	0.3854953	0.015244915	0.082108214	12.0	1756.2734591960907
71	79.22222	20.815474	100.0	44.0	702.55554	6.9348755	4.87318	26.258867	-8.7030525	720000	1.4280279e-08	29.652075	-0.0061447173	-10.929469	0.40028074	0.015599646	0.06260627	8.0	1780.7853438854218
72	77.56	19.550508	100.0	44.0	745.9	8.176147	4.723702	25.255688	-28.464588	730000	-4.967054e-09	41.652557	-0.0072236583	-5.8980107	0.39584324	0.015632546	0.064906485	12.0	1807.1889781951904
73	61.88889	31.057096	96.0	-15.0	678.0	7.7409253	4.607978	25.96067	-41.33686	740000	1.0089328e-08	54.234188	-0.008237011	-14.111972	0.3915343	0.015104364	0.0910091	22.0	1831.9915993213654
74	75.333336	26.73325	100.0	12.0	717.8889	7.0844917	4.8125505	24.732807	-16.980667	750000	-1.2417635e-09	42.50566	-0.0062078885	-17.104261	0.3990365	0.017956762	0.04590459	4.0	1855.6540052890778
75	74.22222	19.83699	96.0	39.0	679.44446	7.750363	4.607119	26.069077	-19.374985	760000	8.071463e-09	27.478533	-0.008750734	-5.212629	0.39864293	0.015670856	0.09060905	16.0	1882.3183534145355
76	60.46	41.700653	96.0	-55.0	735.4	7.441901	4.7766767	26.137112	-33.893322	770000	-1.1175871e-08	61.4796	-0.009898322	-12.178514	0.4073274	0.015520737	0.07880788	14.0	1906.5405068397522
77	71.111115	24.999752	100.0	12.0	681.7778	6.429503	4.328834	24.982704	-32.965294	780000	-9.934108e-09	53.478794	-0.008230954	-11.099682	0.38965532	0.015956746	0.08960897	13.0	1931.3925228118896
78	71.55556	14.538157	92.0	40.0	713.2222	6.470098	4.2219305	21.223309	-34.234764	790000	3.290673e-08	44.689514	-0.007144185	-7.591081	0.39290008	0.015730655	0.084908485	11.0	1955.7352721691132
79	62.22222	39.653435	100.0	-15.0	669.7778	6.459677	4.6575584	24.481438	-31.656525	800000	1.1175871e-08	61.889065	-0.009604524	-10.191293	0.40847048	0.015039347	0.09580958	12.0	1979.581173658371
80	77.22222	17.21613	100.0	55.0	694.7778	6.3097677	5.0944095	26.835764	-36.532436	810000	-6.829699e-09	31.020205	-0.006537102	-7.5177846	0.40714774	0.015379864	0.06780678	10.0	2002.8290984630585
81	67.854546	29.315722	94.0	-10.0	779.63635	7.6509857	4.4102154	24.909279	-29.76744	820000	2.483527e-09	71.0223	-0.008143126	-18.322937	0.390452	0.015018944	0.11391139	11.0	2028.8056511878967
82	56.333332	30.331501	96.0	12.0	680.7778	6.8720913	5.5063725	23.746319	-31.322308	830000	-8.692344e-09	65.32351	-0.008828763	-12.589252	0.40839633	0.015338484	0.07990799	13.0	2052.3482592105865
83	62.054543	47.302822	96.0	-55.0	737.4545	5.9537463	5.190861	23.374401	-38.411537	840000	-9.934108e-09	72.27001	-0.011632507	-17.950045	0.41340008	0.015203856	0.08180818	19.0	2076.948042869568
84	76.333336	17.888544	100.0	51.0	689.3333	6.548157	4.855338	25.233007	-20.495115	850000	-2.1109978e-08	35.618763	-0.007082287	-11.999097	0.4010783	0.01501282	0.0670067	7.0	2100.588749408722
85	78.888885	22.012342	100.0	34.0	697.1111	7.6275573	4.852857	25.392263	-29.126635	860000	3.228585e-08	30.666872	-0.0058601736	-3.6744277	0.40615854	0.01604	0.075107515	8.0	2123.98260474205
86	80.020004	19.63068	100.0	35.0	716.2	7.3864636	5.237504	25.35879	-29.043127	870000	-1.1641532e-08	33.305344	-0.007088143	-3.8232148	0.39988387	0.015099923	0.07690769	13.0	2148.4692029953003
87	66.36	27.900652	100.0	-10.0	738.9	7.4786696	5.672798	26.159374	-26.11512	880000	1.6142925e-08	44.0499	-0.009199531	-9.615419	0.40090072	0.015113063	0.07980798	15.0	2172.2244234085083
88	69.55556	31.951736	100.0	7.0	693.3333	6.8409624	4.3798213	29.125145	-17.998787	890000	-1.3038516e-08	47.832886	-0.0076826904	-10.532683	0.4023292	0.015380788	0.070007	8.0	2197.677792072296
89	75.240005	17.286943	96.0	49.0	743.8	7.1553125	4.598999	26.35577	-15.33456	900000	3.973643e-08	28.562716	-0.0030773238	-9.574774	0.40190014	0.015246938	0.06520652	8.0	2223.130208015442
90	58.88889	31.775057	88.0	-25.0	684.6667	7.7434716	4.714299	25.122833	-21.178356	910000	-1.9868216e-08	62.594177	-0.0076147183	-17.152224	0.39198264	0.015082325	0.08010801	9.0	2248.2257709503174
91	58.22222	36.51112	100.0	-15.0	697.55554	5.799406	4.4227138	25.14201	-30.70984	920000	-2.483527e-09	70.90377	-0.008824023	-8.2689905	0.3968484	0.015445179	0.06610661	16.0	2271.893094062805
92	75.36	20.3137	97.6	28.0	717.6	6.062448	4.6667504	23.005875	-30.818405	930000	-1.2417634e-08	47.06825	-0.008517683	-15.107776	0.38748226	0.015619484	0.08340835	17.0	2297.8241839408875
93	80.72	13.5124235	100.0	64.0	737.5	7.709909	4.025381	22.736444	-17.791607	940000	3.7252903e-09	23.648077	-0.0041615833	-3.7200642	0.39093924	0.016770067	0.05170517	5.0	2324.4272017478943
94	69.65454	39.514885	100.0	-45.0	713.5455	8.195669	4.3279552	23.709583	-26.368555	950000	3.7252903e-09	58.50505	-0.009393164	-12.047394	0.38401994	0.01540779	0.08170817	14.0	2348.164784193039
95	76.6	16.776175	100.0	56.0	736.2	7.517475	4.8393908	22.974333	-27.242006	960000	3.7252903e-08	24.93484	-0.008313741	-5.685716	0.39711133	0.015999049	0.07270727	11.0	2375.254760503769
96	52.14545	41.65565	100.0	-60.0	662.8182	7.558519	5.518935	23.558125	-30.510567	970000	4.967054e-09	80.79649	-0.010695785	-19.773119	0.39984146	0.015164141	0.07380738	16.0	2397.9281334877014
97	82.36364	16.859163	100.0	56.0	785.0909	6.4087377	4.319129	22.101997	-15.851799	980000	-2.483527e-09	25.494408	-0.007204832	-8.460654	0.40465164	0.016979316	0.0650065	10.0	2425.94474196434
98	67.759995	29.340048	96.0	-10.0	741.2	8.322773	4.5276356	23.976145	-12.0583515	990000	9.934108e-09	46.792984	-0.015203123	-10.64535	0.40485108	0.0151937455	0.09560957	48.0	2451.41206908226
99	78.72	15.57516	100.0	52.0	732.3	7.434241	3.5825424	18.72301	-11.468872	1000000	-5.8362883e-08	27.306618	-0.008331355	-6.369662	0.39625683	0.01638254	0.07020702	9.0	2476.5363326072693
100	81.77778	16.771523	100.0	56.0	697.7778	8.046048	4.1247487	24.724792	-5.96415	1010000	3.4148495e-09	20.391	-0.0066701057	-3.3522406	0.3968015	0.015294604	0.07380738	10.0	2500.030384540558
101	61.77778	25.793098	100.0	4.0	706.6667	7.9982963	5.17349	26.127628	-29.904598	1020000	1.7384687e-08	62.7176	-0.009350474	-11.295428	0.40556613	0.01558059	0.10681069	14.0	2526.7213339805603
102	64.96	20.332594	96.0	24.0	738.2	6.3478947	4.602046	21.726957	-41.952847	1030000	-1.2417634e-08	47.7164	-0.009733587	-8.465541	0.40584993	0.015113131	0.08970896	17.0	2550.661009788513
103	75.44444	18.991877	100.0	52.0	693.8889	6.4471664	4.544816	25.07683	-29.291723	1040000	-1.1175871e-08	37.61836	-0.007995598	-7.932266	0.39078918	0.015816135	0.05690569	12.0	2576.615020275116
104	73.01818	29.60853	100.0	-10.0	765.4545	6.995097	4.949699	25.455757	-28.116264	1050000	9.002785e-09	51.505962	-0.007892751	-6.1948514	0.39826342	0.015603493	0.084808476	13.0	2601.008140563965
105	69.240005	17.953228	100.0	44.0	732.9	7.6701174	4.460495	23.377028	-26.373774	1060000	-6.829699e-09	35.38101	-0.008339381	-4.561456	0.3972516	0.015110099	0.086508654	13.0	2627.385468006134
106	64.0	29.21187	96.0	4.0	699.3333	6.897579	4.5454974	25.443575	-35.784676	1070000	-7.450581e-09	59.125492	-0.009902041	-7.8408318	0.40245113	0.016322482	0.10121012	15.0	2650.759896993637
107	29.039999	38.68662	80.0	-50.0	719.3	6.0456114	4.699166	22.641739	-32.227272	1080000	-2.483527e-09	107.3775	-0.0084414305	-20.488874	0.39689288	0.015528557	0.07730773	10.0	2675.5976338386536
108	74.0	25.206638	100.0	16.0	795.5455	4.78918	5.9170117	21.75398	-23.702124	1090000	-7.450581e-09	67.91289	-0.0052930615	-36.9527	0.38769594	0.018351255	0.04150415	4.0	2700.2464249134064
109	49.88889	26.163776	84.0	4.0	705.0	7.2916765	4.931625	24.660131	-28.759378	1100000	-2.2351742e-08	67.00754	-0.010102462	-19.280315	0.38448524	0.015831718	0.08780878	16.0	2727.0380980968475
110	73.63333	19.402035	96.4	37.6	812.3333	6.080442	4.441454	21.269928	-22.0551	1110000	-1.9868216e-08	47.098713	-0.009012111	-11.624536	0.37939218	0.015563108	0.07220722	13.0	2750.8552730083466
111	69.333336	21.081852	100.0	32.0	736.2222	7.3672647	4.480138	24.488483	-23.395817	1120000	1.2417634e-08	56.237293	-0.0057303323	-9.586465	0.39020658	0.016318804	0.071807176	6.0	2776.870346546173
112	79.32	20.490036	100.0	40.0	725.9	6.6399703	4.3055935	23.84653	-22.912506	1130000	2.1304004e-08	33.11986	-0.0051521533	-7.934532	0.37971213	0.015577893	0.06460646	5.0	2801.1354534626007
113	79.818184	16.498915	97.6	56.0	774.4545	8.054082	4.305806	23.367043	-18.357937	1140000	1.2417634e-08	24.91622	-0.007405689	-4.5996003	0.37762228	0.015286281	0.080008	11.0	2830.879334449768
114	73.77778	23.179386	100.0	36.0	695.7778	7.801108	4.2339444	25.088488	-24.107584	1150000	1.9868216e-08	37.580524	-0.010658999	-8.331443	0.37966207	0.015387431	0.08440844	14.0	2852.9844217300415
115	70.96	13.39158	88.0	48.0	750.9	6.908516	4.7740235	24.979433	-23.822071	1160000	-1.14863115e-08	35.373028	-0.008229268	-6.7289615	0.38028574	0.015581094	0.06130613	8.0	2878.477579832077
116	84.145454	15.842198	100.0	56.0	789.1818	7.205468	4.1407585	20.901638	-9.601191	1170000	2.483527e-09	23.266312	-0.0062102373	-5.39756	0.3753141	0.016019069	0.06480648	9.0	2903.4060678482056
117	77.38	15.198013	100.0	51.0	735.9	8.520431	4.26966	23.05074	-9.88759	1180000	-3.0733645e-08	22.994936	-0.010110863	-2.705761	0.3717792	0.015637325	0.08010802	15.0	2928.235156059265
118	66.55556	21.904394	100.0	36.0	707.55554	8.271449	4.293811	22.984707	-18.429764	1190000	2.4835268e-08	30.44705	-0.008751955	-4.693641	0.37427855	0.015579902	0.078707874	12.0	2953.544280052185
119	79.490906	17.577747	100.0	52.0	785.36365	7.022343	4.672993	22.653934	-24.864716	1200000	2.2351742e-08	30.335604	-0.0062244483	-3.9086971	0.37178016	0.015684249	0.07270727	7.0	2977.102154493332
120	45.760002	55.134727	100.0	-60.0	734.6	7.8798084	4.0961084	22.126427	-16.719265	1210000	1.4901161e-08	112.32069	-0.008627488	-30.184065	0.37441054	0.015250261	0.075307526	15.0	3002.197683095932
121	56.5	28.993965	100.0	-15.0	756.9	5.3837037	6.3479776	24.648542	-28.283045	1220000	-7.450581e-09	73.322426	-0.009051864	-19.911772	0.36796275	0.015162031	0.07250725	14.0	3026.368936061859
122	68.72	24.162483	100.0	16.0	743.9	6.422032	4.400788	22.630636	-18.35869	1230000	1.2417635e-09	38.69694	-0.007014025	-5.6857114	0.38261566	0.016214805	0.058405843	9.0	3052.029614686966
123	73.4	30.725235	100.0	2.0	745.6	7.130348	4.208562	24.393637	-17.54873	1240000	2.1109978e-08	43.384426	-0.0061946274	-11.144681	0.38439584	0.019279836	0.057305735	5.0	3077.2510118484497
124	65.44	37.64389	100.0	-40.0	730.7	7.625188	4.9084945	25.898697	-30.083378	1250000	1.7384687e-08	43.806812	-0.005252699	-5.0505924	0.38756347	0.015299621	0.07650765	5.0	3103.9979407787323
125	74.659996	16.87129	96.0	48.0	745.4	7.0000963	4.9104133	22.416958	-16.101044	1260000	1.3038516e-08	24.471952	-0.007430213	-8.5582285	0.38586417	0.01581795	0.07490749	11.0	3127.2972626686096
126	73.30909	16.730888	100.0	48.0	774.36365	7.834435	4.2014365	26.043592	-26.015398	1270000	-4.967054e-09	32.31405	-0.009362988	-4.1827507	0.37852204	0.015056267	0.08220822	17.0	3153.0848693847656
127	65.111115	30.127302	100.0	6.0	717.6667	8.046166	4.473685	24.902243	-19.366333	1280000	2.4835268e-08	44.847767	-0.0063707326	-13.535796	0.38330278	0.016847821	0.05110511	6.0	3175.099273443222
128	82.888885	18.5499	100.0	50.0	689.2222	6.9579062	4.6232944	26.44593	-13.933795	1290000	1.6142925e-08	26.610403	-0.0043614074	-9.023821	0.38062727	0.016068386	0.056305632	6.0	3200.0308606624603
129	57.444443	43.029995	100.0	-25.0	711.0	8.404287	4.5103574	24.00414	-17.490412	1300000	-4.687657e-08	50.88788	-0.007696291	-18.921215	0.39965916	0.01502433	0.066506654	7.0	3225.158338546753
130	54.8	45.989014	100.0	-65.0	756.7273	7.0531487	5.0709267	24.349716	-24.182068	1310000	1.9868216e-08	71.39825	-0.010255188	-16.65375	0.38997588	0.015708553	0.08930894	12.0	3249.914213180542
131	61.559998	29.363625	100.0	0.0	767.2	6.4614763	5.21894	20.728703	-32.786396	1320000	2.0489097e-08	49.29376	-0.011701199	-13.049573	0.39154497	0.015084937	0.09580958	24.0	3276.1181178092957
132	60.22222	40.27345	100.0	-15.0	724.8889	6.653599	5.062782	24.266768	-24.05424	1330000	-5.8983765e-09	59.494717	-0.010492534	-10.410984	0.40365276	0.015836151	0.07330733	13.0	3300.2405483722687
133	70.333336	25.333334	100.0	32.0	732.2222	6.157935	4.547805	23.265009	-28.910822	1340000	-2.2351742e-08	39.87884	-0.006992144	-10.499739	0.39957345	0.017157814	0.07260726	8.0	3326.537182331085
134	63.77778	37.401062	100.0	-26.0	723.1111	7.142505	4.503844	23.290197	-25.632523	1350000	-9.934108e-09	34.29411	-0.0077763963	-4.7246766	0.39943388	0.015475135	0.06370637	10.0	3351.0488333702087
135	64.4	34.923344	100.0	-25.0	749.6	6.8450093	5.051719	21.761887	-32.49191	1360000	-1.1175871e-08	72.56726	-0.017073855	-12.761058	0.3991226	0.015204772	0.10451045	71.0	3377.716956138611
136	74.659996	25.397646	100.0	36.0	730.2	6.6957617	4.1980605	18.946924	-19.856323	1370000	3.973643e-08	43.8342	-0.00732626	-6.791245	0.39800248	0.017058587	0.06870687	8.0	3402.7417180538177
137	73.22222	22.079542	100.0	35.0	709.6667	7.2893014	4.724871	24.156822	-19.990925	1380000	-1.7384687e-08	35.25053	-0.00616145	-5.1429768	0.41000023	0.016000196	0.0650065	7.0	3428.6535449028015
138	75.111115	19.284101	92.0	49.0	702.0	7.290334	4.4191055	23.7971	-11.814229	1390000	-4.967054e-09	22.202478	-0.0076257004	-4.0749755	0.3928589	0.015201527	0.068206824	10.0	3450.586498975754
139	83.22	14.717188	100.0	59.0	772.1	7.788141	4.1420918	21.649883	-21.840374	1400000	1.800557e-08	22.115362	-0.0082705775	-4.4289255	0.4001938	0.015230763	0.07620763	13.0	3476.698664188385
140	69.78	32.80664	100.0	-20.0	749.2	8.056117	4.6909966	23.461449	-43.167316	1410000	1.0554989e-08	70.16361	-0.0042068246	-16.488813	0.3961289	0.015711972	0.06850685	7.0	3499.3398303985596
141	66.3	40.462452	100.0	-30.0	767.5	7.2812834	4.703964	24.754856	-24.535427	1420000	-6.2088173e-10	48.592846	-0.0071006664	-12.581828	0.40947437	0.015629062	0.06640664	10.0	3526.1449048519135
142	77.22	24.698896	100.0	30.0	723.7	6.8780594	4.691926	21.895283	-22.375378	1430000	-4.346172e-09	28.880142	-0.007296977	-4.5513215	0.40546432	0.015351904	0.06880688	9.0	3549.177920103073
143	73.12	22.480427	100.0	40.0	762.0	7.7528477	4.625122	24.32843	-23.89552	1440000	3.3527613e-08	27.244293	-0.011066034	-3.7809494	0.40772346	0.015582708	0.07820783	21.0	3574.9490373134613
144	72.145454	22.593496	100.0	36.0	788.36365	8.045752	4.3615966	22.824642	-27.418753	1450000	2.4835268e-08	36.201965	-0.008922462	-6.23126	0.4058292	0.01518919	0.09050905	10.0	3600.3512234687805
145	75.18	18.005877	98.8	49.0	756.2	7.6602206	4.160537	22.333042	-16.910954	1460000	1.0554989e-08	25.68786	-0.005947437	-3.6010025	0.40199116	0.015670551	0.07290729	6.0	3627.915342569351
146	64.12727	28.160742	95.2	-5.0	805.9091	7.8348174	4.172939	23.49451	-20.609457	1470000	-6.2088173e-10	61.205643	-0.014273998	-15.093807	0.40563786	0.015031006	0.093509346	35.0	3653.063742876053
147	60.22	25.494225	96.0	25.0	776.0	6.8954644	4.8081303	25.07783	-30.62054	1480000	-4.967054e-09	54.28581	-0.009496622	-8.295925	0.40323946	0.015304073	0.085508555	19.0	3675.9329929351807
148	79.979996	19.316408	100.0	39.0	765.0	6.6740513	4.3506813	23.611666	-23.006004	1490000	-1.6142925e-08	29.758797	-0.007752413	-12.505023	0.41027704	0.016275607	0.07960796	10.0	3703.7070004940033
149	67.46667	42.516926	100.0	-60.0	797.1667	7.98966	4.5387974	23.663258	-26.73632	1500000	-2.483527e-09	59.9395	-0.012409433	-12.619357	0.40553156	0.015532198	0.084808476	29.0	3727.764969587326
150	55.420002	45.43509	100.0	-45.0	734.4	7.2674184	5.4756327	22.062778	-29.403091	1510000	1.9868216e-08	71.375755	-0.008930862	-16.87299	0.40735543	0.015087512	0.08810881	14.0	3753.1916880607605
151	66.70909	29.899391	100.0	-20.0	792.36365	6.6289396	5.020015	26.44915	-38.348278	1520000	2.4835268e-08	47.904327	-0.006873028	-7.082578	0.40529308	0.015583786	0.06710672	9.0	3776.8677208423615
152	50.11111	39.588005	88.0	-25.0	713.2222	6.821849	4.283483	23.167173	-30.99918	1530000	-1.9868216e-08	66.79752	-0.007196955	-19.141468	0.4018407	0.015569538	0.08310831	10.0	3800.539277076721
153	77.72	18.41482	100.0	46.0	738.2	5.9188323	5.7723455	24.8001	-29.979465	1540000	-9.934108e-09	49.438366	-0.009107045	-28.074745	0.39449477	0.0154899405	0.08550855	13.0	3824.944910287857
154	66.44444	20.865234	100.0	44.0	717.6667	7.7973294	4.659222	23.713297	-18.770182	1550000	2.483527e-09	48.335464	-0.012461924	-7.354796	0.38564	0.015157971	0.08220822	33.0	3850.6847727298737
155	70.0	29.299223	100.0	4.0	693.2222	6.6944423	4.418495	25.410902	-27.234222	1560000	-9.934108e-09	41.06555	-0.0071135703	-6.4235897	0.3778309	0.015033494	0.06540654	15.0	3873.037444829941
156	71.77778	17.69355	100.0	47.0	707.7778	7.3432107	4.24812	26.74082	-17.669237	1570000	5.9759864e-09	29.64257	-0.010190354	-4.3980327	0.38006124	0.015197787	0.06830683	21.0	3898.3246870040894
157	79.111115	14.700298	100.0	56.0	708.3333	7.3172092	4.205388	25.461945	-25.471172	1580000	-2.2351742e-08	18.732138	-0.007851819	-2.2369623	0.37527767	0.01573512	0.079607956	11.0	3920.629467487335
158	76.159996	14.867091	100.0	60.0	717.8	7.89404	4.258569	25.588968	-20.764748	1590000	4.4703484e-08	33.790443	-0.0071354187	-4.443991	0.38548467	0.015135244	0.072407246	10.0	3947.8927426338196
159	81.0	17.676098	100.0	54.0	702.1111	7.3818746	4.188816	25.107658	-5.2772226	1600000	3.9115548e-08	19.641542	-0.007832418	-4.4784665	0.38319087	0.017207097	0.07760776	9.0	3970.278780937195
160	62.22222	39.639423	100.0	-7.0	713.2222	8.372065	4.535303	25.467155	-19.851067	1610000	9.934108e-09	54.732853	-0.0066437423	-6.7882695	0.3888758	0.015936863	0.067406744	6.0	3997.092298269272
161	81.0	16.90562	100.0	54.0	748.7	7.3127995	4.757269	26.034958	-16.087551	1620000	-3.7252903e-09	23.6744	-0.0044793165	-5.166814	0.3868324	0.016344102	0.07120713	7.0	4020.02756690979
162	76.781815	18.87961	97.6	44.0	790.63635	8.3051405	4.155612	23.93001	-14.850977	1630000	-1.800557e-08	29.08283	-0.0023013547	-4.2233186	0.3799863	0.016826442	0.03410341	4.0	4045.233860731125
163	75.759995	16.638462	100.0	46.0	752.4	7.8058305	4.014516	24.910307	-20.426304	1640000	1.4901161e-08	26.353971	-0.0071000136	-4.2403336	0.3911632	0.015215191	0.08430844	9.0	4071.520936727524
164	50.29091	41.678543	95.2	-50.0	791.9091	7.5496297	4.4989777	24.519127	-27.047083	1650000	-1.4901161e-08	77.38288	-0.01395227	-18.810122	0.3903472	0.015270777	0.09010901	31.0	4097.3872401714325
165	81.64	17.11743	100.0	56.0	763.8	5.958351	5.0527406	27.384521	-21.293247	1660000	2.483527e-09	47.41683	-0.009314799	-15.987244	0.39819178	0.01531408	0.07080708	20.0	4123.097997426987
166	75.888885	19.621103	100.0	39.0	712.8889	7.378911	4.6164	25.26397	-10.342676	1670000	-7.450581e-09	22.146147	-0.007783814	-2.9586127	0.39484394	0.015007361	0.06690669	15.0	4146.307043790817
167	67.111115	26.159529	96.0	28.0	683.44446	7.7938538	4.4926925	25.60336	-23.27156	1680000	-2.2351742e-08	39.56782	-0.009060991	-7.098148	0.40228143	0.015222919	0.09410941	11.0	4170.5039739608765
168	62.18	32.709198	100.0	8.0	757.8	7.407049	5.290716	27.427254	-19.405493	1690000	-3.4769375e-08	71.79179	-0.00825461	-9.991442	0.40007067	0.015483931	0.09030903	15.0	4197.073535442352
169	73.888885	24.191113	96.0	33.0	712.2222	6.3107567	5.2490435	25.513775	-13.868244	1700000	2.4835268e-08	28.967773	-0.006791411	-8.67726	0.4056681	0.016141625	0.05940594	8.0	4221.182282209396
170	53.559998	37.44519	92.0	-15.0	727.0	7.476643	5.2586107	26.289503	-26.51355	1710000	-2.2351742e-08	78.20986	-0.011634543	-24.129183	0.39148223	0.015223383	0.0720072	22.0	4245.561986684799
171	72.04	20.175589	96.0	40.0	748.0	6.0501056	5.898219	26.58193	-25.318619	1720000	-8.692344e-09	39.340527	-0.006049165	-18.282454	0.38717106	0.015338287	0.04740474	8.0	4270.250460386276
172	38.14	41.481762	92.0	-40.0	728.3	7.55563	4.863424	24.83931	-31.27229	1730000	-6.2088173e-10	108.13784	-0.018421665	-28.744492	0.39048076	0.013074369	0.1050105	79.0	4299.554440498352
173	70.979996	24.774252	96.0	19.0	744.2	5.056516	5.8136587	27.103357	-27.24263	1740000	3.7252903e-09	46.345642	-0.009143812	-17.35282	0.3947976	0.015572106	0.06430643	13.0	4322.160551071167
174	81.72	18.156696	100.0	50.0	726.1	7.092824	5.064927	26.041391	-24.329199	1750000	-1.6142925e-08	28.02826	-0.0041596307	-7.74945	0.39687976	0.015925959	0.030803079	4.0	4348.741327762604
175	59.579998	26.816181	100.0	24.0	756.7	7.932033	4.8195043	25.617939	-23.072762	1760000	1.2417634e-08	41.552338	-0.00885706	-8.858005	0.40305248	0.01694159	0.09270927	12.0	4373.810230731964
176	72.2	31.345812	100.0	-10.0	698.7	6.4801435	4.8724117	25.238415	-26.231878	1770000	0.0	52.735916	-0.010725419	-7.99793	0.385151	0.015249747	0.083808385	19.0	4398.719470739365
177	74.4	20.075855	96.0	36.0	742.8	7.0711207	4.811277	23.401522	-20.233362	1780000	-3.228585e-08	33.553806	-0.009713087	-6.5756116	0.3820394	0.015497799	0.07270727	16.0	4423.695294380188
178	59.28	27.082571	92.8	-10.0	765.3	7.6277847	4.9395103	24.115047	-36.917793	1790000	2.4835268e-08	63.167248	-0.012400076	-12.312138	0.37548342	0.015169981	0.097209714	46.0	4451.519647359848
179	78.78	19.219667	100.0	35.0	749.6	6.330449	5.000996	24.506908	-21.8693	1800000	-3.601114e-08	33.891575	-0.00849972	-15.444035	0.3877554	0.016030442	0.058405843	14.0	4474.907705545425
180	79.759995	11.725118	100.0	64.0	754.2	8.214103	4.5334444	26.372467	-13.564087	1810000	4.967054e-09	17.065163	-0.01011327	-2.137539	0.38275263	0.015475298	0.08550855	15.0	4502.818915605545
181	71.88	20.77233	100.0	40.0	741.6	8.147818	4.521623	26.298471	-32.46777	1820000	-1.2417635e-09	32.21906	-0.009397398	-3.74429	0.38628384	0.015028906	0.07990799	15.0	4528.037346124649
182	71.333336	28.936712	100.0	6.0	737.7778	7.7180924	4.325828	25.599371	-19.826752	1830000	1.9868216e-08	34.682774	-0.005240886	-3.2990773	0.3830324	0.015767142	0.041904192	6.0	4552.661858797073
183	69.333336	24.657656	100.0	16.0	710.55554	7.2674384	4.408545	25.80132	-22.556873	1840000	-1.2417634e-08	47.73445	-0.005967031	-4.522239	0.3854123	0.016802477	0.08520853	11.0	4576.348264455795
184	66.55556	30.48173	96.0	-10.0	708.3333	7.4457393	4.360529	25.470118	-26.757717	1850000	1.4901161e-08	60.821793	-0.00550505	-7.832866	0.3784183	0.015244721	0.05830583	8.0	4599.4658851623535
185	76.44444	21.03495	100.0	32.0	680.1111	7.2926655	4.5648313	25.029984	-23.727507	1860000	6.208817e-09	23.96965	-0.010563289	-4.9242916	0.37202606	0.01534117	0.07510751	22.0	4623.76207113266
186	57.81818	50.39224	100.0	-45.0	768.0	7.850891	4.765138	26.166985	-29.56665	1870000	-9.934108e-09	109.08793	-0.01468359	-25.95812	0.37179145	0.012477978	0.085808575	79.0	4648.356679201126
187	60.88889	23.383017	92.0	28.0	708.6667	6.5391407	5.5130315	25.772308	-33.95596	1880000	4.5013926e-09	51.002716	-0.006203534	-9.837624	0.3850249	0.015830262	0.05890589	8.0	4673.231586933136
188	81.520004	14.805188	100.0	60.0	746.8	6.2820954	5.3826723	25.06225	-34.984985	1890000	-2.2351742e-08	35.496113	-0.008285382	-15.447441	0.37696227	0.016274402	0.08150815	11.0	4699.141906738281
189	62.76	46.333122	97.6	-65.0	722.3	8.37064	4.89705	25.07204	-33.13549	1900000	-1.7384687e-08	74.20716	-0.010349952	-15.539271	0.37780905	0.015129379	0.08640864	15.0	4721.602173566818
190	79.163635	16.970953	96.0	48.0	781.0	7.0159082	4.6602116	25.209576	-22.21817	1910000	-4.967054e-09	32.156086	-0.0066573955	-10.70094	0.3816998	0.015214972	0.071907185	8.0	4748.349209070206
191	64.12	24.45178	96.0	16.0	731.6	7.955054	4.852763	24.50203	-33.3258	1920000	-5.432715e-10	52.274952	-0.0076112947	-11.591456	0.37492242	0.015847564	0.07310731	14.0	4771.6558701992035
192	79.240005	15.307463	96.4	56.0	740.6	6.8308086	5.1462574	25.593178	-20.471603	1930000	1.2417635e-09	26.894798	-0.006421232	-10.875258	0.380193	0.016527368	0.06840684	8.0	4795.83957028389
193	68.44444	17.833246	100.0	48.0	686.2222	7.998122	4.1801357	24.349194	-18.724613	1940000	1.4901161e-08	32.005024	-0.007088116	-6.512064	0.37890065	0.019540997	0.06770677	10.0	4819.350936889648
194	70.8	28.899134	100.0	-1.0	731.6	7.19266	4.66904	23.490341	-6.8936286	1950000	3.601114e-08	31.201479	-0.0034975272	-8.123153	0.37264836	0.017526845	0.03240324	3.0	4844.383809328079
195	72.840004	19.545599	100.0	36.0	750.1	7.451298	4.588316	26.274391	-12.434128	1960000	1.7384687e-08	26.263779	-0.0053627095	-2.7931519	0.37639555	0.01852995	0.050505053	5.0	4866.60658621788
196	75.28	14.82247	92.8	52.0	735.8	7.4843483	4.424988	26.370634	-37.32796	1970000	3.4769375e-08	24.39702	-0.008202836	-4.362687	0.365906	0.015282206	0.077807784	14.0	4893.948924064636
197	69.82	29.966173	100.0	-5.0	731.4	7.7527113	4.697253	28.221468	-29.529835	1980000	1.6142925e-08	41.40224	-0.008051995	-9.172185	0.37287185	0.015042267	0.08100811	10.0	4917.999860525131
198	50.22	38.55847	95.2	-20.0	739.7	7.500325	4.628674	24.159721	-34.019302	1990000	0.0	77.92362	-0.0059202015	-17.42251	0.37180758	0.01515367	0.082808286	8.0	4943.230989456177
199	59.333332	36.41733	100.0	-10.0	672.6667	6.02932	5.0092406	24.070704	-34.678764	2000000	-1.8626451e-08	60.53438	-0.006490407	-13.43926	0.3770844	0.015101285	0.07740774	10.0	4967.870859861374
200	75.55556	23.128199	100.0	28.0	690.7778	6.413075	5.099918	25.106316	-40.847984	2010000	-2.2351742e-08	50.7814	-0.007635256	-13.578262	0.39283872	0.015593774	0.06780678	9.0	4991.604865312576
201	72.22222	33.65768	100.0	-10.0	679.1111	7.3122005	4.393061	26.29205	-15.534744	2020000	1.9868216e-08	65.62006	-0.004412023	-9.038133	0.38040784	0.015241916	0.07230723	7.0	5015.739198207855
202	70.56	30.97519	100.0	4.0	731.2	7.20639	5.024307	26.312088	-37.896904	2030000	3.7252903e-09	38.289753	-0.0061293035	-4.819557	0.37736538	0.016548753	0.087508745	6.0	5040.9508175849915
203	57.02	41.27861	96.0	-25.0	739.7	7.0765157	5.0437865	26.090166	-21.824255	2040000	1.9868216e-08	77.7414	-0.0076078023	-11.6462965	0.37637448	0.015380416	0.10041004	12.0	5064.79673242569
204	67.0	33.16625	100.0	-15.0	739.6	6.0392404	5.2372665	25.083805	-32.444656	2050000	-4.967054e-09	69.245636	-0.0113752	-9.580203	0.3833681	0.015340086	0.08990899	35.0	5090.337608098984
205	62.333332	24.083189	96.0	12.0	699.2222	6.6201673	5.533171	25.76111	-59.19042	2060000	-1.2417635e-09	48.69928	-0.009346994	-9.2969475	0.385823	0.015228939	0.06680668	13.0	5114.534038066864
206	77.62	18.603752	100.0	40.0	717.5	7.0385776	4.7822375	25.64057	-12.886284	2070000	-9.934108e-09	30.261442	-0.009791803	-5.5308776	0.37679565	0.01557368	0.08040804	20.0	5138.634029626846
207	78.04	20.116024	96.4	44.0	733.9	8.288509	4.5477614	26.787487	-15.866766	2080000	-1.4901161e-08	22.284143	-0.0077759475	-4.1936855	0.37742218	0.015136878	0.07130713	12.0	5163.5746858119965
208	73.68	22.427698	100.0	38.8	749.8	7.9996657	4.960166	25.651741	-16.41551	2090000	-3.7252903e-09	31.132387	-0.0069383667	-3.186121	0.36964405	0.015233689	0.07220722	11.0	5188.551775455475
209	66.77778	17.636942	96.0	38.0	697.1111	7.8118243	4.447834	26.564558	-18.019968	2100000	-8.692344e-09	35.28035	-0.007413816	-9.033106	0.3636019	0.016838027	0.06640664	8.0	5211.98287320137
210	76.0	19.77653	100.0	44.0	655.7778	7.090832	5.296828	24.361462	-16.072777	2110000	-1.3659398e-08	36.203255	-0.0050939447	-6.7129426	0.3635204	0.015170752	0.06420642	8.0	5236.5120096206665
211	60.26	35.984	100.0	-35.0	728.4	7.3667607	4.7640944	22.800316	-22.608252	2120000	5.8983765e-09	78.54608	-0.011475127	-11.912395	0.35641703	0.015341175	0.08270827	29.0	5260.739095449448
212	80.43636	15.644649	100.0	56.0	782.0909	6.4053187	4.0156517	24.140156	-15.20153	2130000	-2.9802322e-08	32.921646	-0.008333003	-9.57397	0.352132	0.015728941	0.0721072	14.0	5286.3379147052765
213	74.04	22.824863	100.0	20.0	756.9	7.738158	4.9947095	28.713352	-25.681923	2140000	-3.228585e-08	35.098843	-0.009894826	-4.138969	0.35332236	0.015476824	0.071607165	16.0	5310.695489883423
214	79.6	13.529228	100.0	60.0	752.4	7.8490624	4.3484616	29.135546	-12.254442	2150000	3.290673e-08	22.263124	-0.00830559	-4.8068566	0.3496448	0.015067693	0.06320632	13.0	5336.501790523529
215	63.26	31.670307	96.0	-25.0	730.8	8.2383585	4.2823086	28.667498	-32.42205	2160000	2.6077032e-08	62.43663	-0.012247655	-15.804738	0.35278317	0.015069005	0.078907885	26.0	5361.817626714706
216	63.666668	25.750944	100.0	16.0	730.0	7.22158	4.560289	25.2994	-35.06161	2170000	9.934108e-09	41.42275	-0.010471713	-7.025707	0.3595213	0.015386025	0.07650765	26.0	5386.146882772446
217	56.933334	32.664795	97.6	-5.0	816.9167	7.0890913	4.457429	26.81331	-36.56285	2180000	-4.967054e-09	69.92568	-0.016632473	-11.501953	0.36939	0.014347744	0.10261026	79.0	5414.1877517700195
218	81.65455	17.627272	100.0	48.0	763.8182	6.343105	4.881128	24.123627	-21.053822	2190000	-2.2351742e-08	40.025364	-0.007854196	-20.913939	0.36271155	0.015229418	0.06330633	11.0	5438.367807388306
219	54.22222	41.54189	100.0	-30.0	701.3333	8.3306265	5.029321	22.485783	-41.6944	2200000	-3.4769375e-08	79.08968	-0.011175659	-16.59183	0.35037732	0.015416444	0.08840885	16.0	5463.052577018738
220	66.41818	43.000927	100.0	-50.0	746.0	6.9267178	4.689619	25.926815	-22.422604	2210000	7.450581e-09	61.744526	-0.0096196635	-19.113205	0.37008235	0.015340392	0.082108214	11.0	5485.1520347595215
221	83.23636	14.66866	100.0	60.0	762.7273	7.1675596	4.929631	22.142231	-12.947599	2220000	9.934108e-09	22.20334	-0.007956023	-6.5570292	0.36700532	0.015082714	0.0650065	12.0	5512.460889101028
222	78.32	20.186172	100.0	36.0	742.2	8.579033	4.486387	25.33421	-18.678965	2230000	-1.2417634e-08	21.836157	-0.007712386	-2.176069	0.368741	0.015519053	0.085608564	11.0	5535.719253063202
223	77.77778	17.998629	100.0	52.0	682.0	8.361962	4.437436	24.720556	-8.129351	2240000	-4.967054e-09	26.390066	-0.007445009	-2.4562137	0.37196684	0.015987677	0.08880889	11.0	5559.172618627548
224	52.444443	30.54727	80.0	-20.0	735.7778	7.8182135	4.848293	24.861887	-23.02376	2250000	-8.692344e-09	51.22102	-0.010466401	-13.87099	0.39319262	0.016081672	0.07560756	14.0	5582.790766000748
225	68.22	20.81239	92.0	32.0	763.1	6.1721215	4.831259	26.627695	-23.42275	2260000	-8.692344e-09	35.82664	-0.00939915	-7.48404	0.3874363	0.015137847	0.09120911	11.0	5608.175278902054
226	71.77778	26.199142	100.0	28.0	687.55554	7.3368483	4.5922713	25.9214	-38.79151	2270000	-1.2417634e-08	29.98739	-0.006910447	-4.924261	0.3827974	0.015528965	0.07730773	8.0	5631.154618501663
227	76.64	18.84692	96.4	48.0	752.2	7.745279	4.5748124	27.139582	-15.601887	2280000	-1.8626451e-09	26.181044	-0.0090432	-2.959689	0.37150085	0.0155593455	0.08330833	16.0	5655.311914920807
228	74.4	26.616196	100.0	8.0	771.0	7.805133	4.439007	25.694689	-10.451509	2290000	-2.9802322e-08	42.393112	-0.00844467	-4.922401	0.37699863	0.01647338	0.077107705	10.0	5679.771976709366
229	57.46	31.952219	96.0	-15.0	741.1	7.6606674	4.816325	24.93252	-29.725561	2300000	2.6077032e-08	72.548004	-0.015163536	-13.348442	0.37473217	0.015293221	0.10071007	76.0	5703.786992549896
230	73.38181	21.069143	100.0	24.0	761.1818	6.4548774	4.802133	23.956924	-30.323147	2310000	1.4901161e-08	53.15552	-0.006154319	-13.242938	0.37832665	0.015123921	0.065806575	8.0	5729.869318723679
231	64.36	31.666487	97.6	-20.0	752.4	7.638636	4.6751723	27.425892	-25.822357	2320000	2.2972623e-08	53.399433	-0.01424292	-11.052035	0.3792949	0.015329993	0.08920892	34.0	5756.641523599625
232	72.44	21.222216	100.0	36.0	747.9	6.7780395	4.9148903	25.58237	-27.589714	2330000	0.0	42.03626	-0.0064549125	-7.9914317	0.3728222	0.015529617	0.06110611	9.0	5781.042337656021
233	72.44444	16.159697	96.0	40.0	689.0	7.328485	4.8319845	25.922968	-19.864399	2340000	9.934108e-09	28.395348	-0.0066926926	-6.0473075	0.38029203	0.016808463	0.082808286	6.0	5804.340869665146
234	77.4	17.159254	100.0	48.0	722.2	7.769938	4.25662	27.24296	-8.533989	2350000	-1.2417635e-09	23.548279	-0.007765321	-2.9005497	0.3785235	0.015489012	0.07770777	10.0	5828.270245790482
235	73.666664	26.280539	100.0	24.0	693.44446	8.16435	4.615866	27.333658	-25.832611	2360000	2.9802322e-08	47.074905	-0.012107034	-5.338178	0.3697257	0.015142796	0.08250825	47.0	5854.309796094894
236	74.64	29.972761	100.0	8.0	745.3	7.4736366	4.9124126	25.63937	-20.94741	2370000	-1.2417634e-08	36.286274	-0.00776784	-4.2626815	0.37837696	0.015648374	0.08520851	15.0	5878.142870664597
237	73.36	19.133383	100.0	44.0	746.0	7.801801	4.9141583	28.34342	-15.522165	2380000	9.934108e-09	38.4527	-0.010480919	-6.163685	0.38787213	0.015025634	0.07860786	20.0	5902.768005847931
238	76.03637	14.622975	100.0	60.0	783.36365	7.8870354	4.457548	27.44075	-10.960972	2390000	-1.9402554e-08	24.887596	-0.008068624	-3.8794358	0.38528013	0.015605111	0.07030703	11.0	5928.882330656052
239	62.545456	49.066418	100.0	-70.0	754.9091	8.077308	4.5151143	28.126198	-27.0485	2400000	-2.4835268e-08	74.40667	-0.00918945	-19.770786	0.38805735	0.015004191	0.074307434	11.0	5952.173999071121
240	59.120003	32.382244	96.0	-15.0	744.4	6.9640656	5.7898192	30.411945	-16.810112	2410000	-2.20413e-08	55.16202	-0.009398729	-11.110204	0.39761797	0.015720703	0.10761076	15.0	5976.80700469017
241	75.43636	23.824635	100.0	15.0	790.2727	6.5938807	5.410689	29.434792	-20.87999	2420000	-8.692344e-09	39.105213	-0.007666694	-13.824905	0.40600285	0.015314788	0.06990699	8.0	6001.994037389755
242	55.2	40.57451	100.0	-40.0	765.63635	7.624926	5.2618833	25.280346	-36.082882	2430000	-2.9802322e-08	70.74238	-0.01154172	-15.947324	0.3876579	0.015133875	0.09810981	16.0	6023.960733413696
243	69.8	21.264053	95.0	32.0	762.4	5.9062276	4.781464	23.734453	-21.014141	2440000	-7.450581e-09	45.695087	-0.0069519784	-8.001048	0.40100408	0.016127903	0.08220822	7.0	6050.186385154724
244	64.111115	30.870497	96.0	-15.0	669.7778	6.7665496	4.6762953	25.224241	-17.81089	2450000	1.9868216e-08	51.94739	-0.010050047	-6.934237	0.39479938	0.015099269	0.08450845	19.0	6073.148996353149
245	48.11111	43.252346	100.0	-25.0	674.8889	6.6546655	4.5921445	25.52985	-24.710436	2460000	-2.4835268e-08	74.92541	-0.009441619	-15.698166	0.39543197	0.016036173	0.08750876	16.0	6097.5950319767
246	75.9	19.393042	100.0	35.0	741.8	5.6482882	5.7586503	26.748123	-34.44458	2470000	5.161079e-09	39.063416	-0.009853923	-16.519289	0.3836546	0.015669202	0.07220722	13.0	6122.355449438095
247	76.0	16.329931	100.0	56.0	717.7778	7.5549655	4.958987	28.147743	-18.744389	2480000	1.6142925e-08	23.984339	-0.007779781	-4.3017273	0.4012176	0.015730241	0.08060806	10.0	6147.338486671448
248	55.659996	34.638714	97.6	-35.0	735.8	7.6210837	4.6646023	27.36717	-18.121475	2490000	-2.483527e-09	54.356018	-0.008066843	-9.204635	0.3941357	0.015103406	0.08390839	9.0	6172.573947429657
249	52.76	48.426834	100.0	-65.0	736.6	6.3413253	5.029169	26.96032	-27.58588	2500000	3.4769375e-08	61.752453	-0.008714034	-10.168921	0.37822375	0.016454412	0.064706475	10.0	6199.05141377449
