Epoch	AverageEpRet	StdEpRet	MaxEpRet	MinEpRet	EpLen	AverageVVals	StdVVals	MaxVVals	MinVVals	TotalEnvInteracts	LossPi	LossV	DeltaLossPi	DeltaLossV	Entropy	KL	ClipFrac	StopIter	Time
0	78.404655	14.219246	100.0	37.0	229.58139	18.610668	12.487976	48.57096	-27.411617	10000	-7.450581e-09	62.24243	-0.024433345	-18.92424	0.86590225	0.0154155	0.14021401	22.0	28.15200161933899
1	78.30909	16.533848	100.0	6.4	221.04546	20.600033	12.0143585	49.45878	-15.685157	20000	5.122274e-09	59.194088	-0.019118097	-14.886149	0.8604264	0.015120628	0.1320132	23.0	53.519877910614014
2	78.30476	16.654085	100.0	20.8	227.16667	20.733269	11.6657	51.44709	-15.038336	30000	7.1401396e-09	54.96828	-0.019211164	-12.182761	0.85058635	0.0150446845	0.12241224	20.0	79.65885996818542
3	77.08572	14.507937	100.0	33.4	229.2619	19.910913	11.677065	51.118656	-10.245758	40000	2.483527e-09	58.15862	-0.026646947	-13.8301325	0.8293746	0.015460079	0.14531453	46.0	108.01571726799011
4	75.92194	20.441893	100.0	17.8	242.14635	18.454136	12.614761	50.698437	-18.86921	50000	-1.4901161e-08	69.33902	-0.017076822	-25.710733	0.8537328	0.015347564	0.10781077	13.0	136.39751029014587
5	79.61905	15.950508	100.0	13.6	227.95238	18.43337	12.8613615	50.09949	-13.338551	60000	4.967054e-09	66.17374	-0.018118488	-25.12175	0.8307374	0.015339707	0.12881286	18.0	163.69772458076477
6	80.96744	11.74694	100.0	44.2	222.53488	20.798584	11.274309	50.985794	-10.366616	70000	-2.483527e-09	53.02827	-0.016400378	-12.839339	0.83183795	0.015201894	0.12661266	16.0	189.91873359680176
7	76.12559	21.16588	100.0	-30.0	221.93024	21.54582	11.391321	51.781624	-12.647638	80000	-4.967054e-09	81.289246	-0.021138692	-28.949354	0.8370037	0.015343527	0.1160116	23.0	215.67249298095703
8	75.23589	18.621513	100.0	31.6	251.53847	18.476194	12.294893	48.647057	-31.62908	90000	-1.6142925e-08	69.59672	-0.0143950125	-26.791708	0.849617	0.015085846	0.10191018	11.0	242.74633765220642
9	75.46	22.505964	100.0	-10.0	233.35	18.540382	12.044688	47.53671	-26.634966	100000	0.0	108.8638	-0.02194682	-41.374985	0.84206873	0.015022732	0.13411342	31.0	269.8254590034485
10	74.18049	29.811104	100.0	-70.0	232.34146	19.442568	12.773115	46.938248	-22.561678	110000	0.0	136.8285	-0.031323466	-45.822433	0.83278066	0.014745179	0.15791579	79.0	299.698171377182
11	74.823814	18.882452	100.0	18.0	231.30952	19.700285	10.790039	46.34504	-16.814163	120000	2.7318796e-08	92.18252	-0.023422062	-23.850763	0.80454403	0.015049734	0.13641363	33.0	327.93010091781616
12	78.62791	14.998764	100.0	32.8	226.46512	18.883091	11.995002	49.150845	-18.7248	130000	1.8626451e-08	57.27989	-0.017398398	-20.56887	0.8134349	0.0154997455	0.106410645	16.0	355.2958254814148
13	75.858536	15.103302	100.0	24.0	233.36586	20.885788	11.85102	49.38493	-12.80993	140000	1.2417635e-09	79.54334	-0.028830877	-17.97361	0.7936581	0.014480586	0.15301532	79.0	385.7479567527771
14	74.4	28.354927	100.0	-30.0	229.04878	18.658539	11.394625	48.779346	-16.43662	150000	-7.450581e-09	110.87524	-0.01572085	-51.34608	0.806712	0.015463165	0.11841184	14.0	411.8881175518036
15	75.99047	17.010471	100.0	23.2	234.2381	19.699966	13.15502	48.07982	-30.795063	160000	1.0554989e-08	71.58622	-0.01945611	-24.787384	0.8250432	0.01528528	0.14311431	16.0	438.2320489883423
16	78.70731	12.189088	100.0	47.2	227.63414	19.70087	12.313407	46.69927	-20.789412	170000	8.692344e-09	57.56322	-0.01867813	-20.347677	0.78486466	0.015041962	0.13321333	16.0	463.5451714992523
17	79.59545	16.342999	100.0	17.8	222.40909	20.730452	11.21077	47.05743	-20.51977	180000	-6.208817e-09	55.2913	-0.016547685	-16.431189	0.7771618	0.015515637	0.12331233	14.0	490.69164204597473
18	78.686356	11.251699	100.0	36.0	220.75	21.454494	12.105826	48.454178	-14.914123	190000	-2.8560558e-08	62.842068	-0.025324231	-20.797894	0.77803606	0.015028804	0.14811482	38.0	520.6681907176971
19	77.65117	12.695071	100.0	43.6	228.69768	20.482367	11.456653	51.499985	-13.146857	200000	6.208817e-09	47.96287	-0.017186634	-12.75744	0.76399803	0.015017197	0.10601059	18.0	548.2045001983643
20	77.595345	18.517496	100.0	-10.0	224.93024	19.587051	12.074052	50.544846	-24.211536	210000	-9.934108e-09	78.74698	-0.011709456	-25.965185	0.78466606	0.015054147	0.1050105	10.0	574.9343128204346
21	74.81396	28.359598	100.0	-60.0	219.0	20.571342	12.171374	48.159466	-23.93538	220000	-4.967054e-09	129.17891	-0.015511961	-44.797577	0.78535277	0.015317191	0.12191219	15.0	601.2292177677155
22	81.093025	13.733093	98.0	37.6	223.13954	20.117838	12.724267	47.105747	-26.814005	230000	-1.7384687e-08	72.87926	-0.021867698	-34.117474	0.78080606	0.015230014	0.12361237	26.0	630.3833756446838
23	81.96667	10.410609	100.0	54.4	224.11905	21.347929	12.3601265	48.301243	-19.087233	240000	0.0	53.024826	-0.017067792	-19.011053	0.7642565	0.015187614	0.124712475	17.0	656.9049642086029
24	77.96667	19.009117	100.0	-20.0	222.95238	21.818693	11.314565	49.47801	-18.098139	250000	1.3659398e-08	100.18256	-0.02259852	-28.464457	0.7624875	0.015046824	0.11531153	38.0	684.7790713310242
25	79.35111	20.722383	100.0	-30.0	213.68889	20.94276	12.316338	46.79185	-25.77378	260000	-1.2417635e-09	96.264046	-0.01574141	-18.24203	0.7540891	0.015153746	0.13281327	16.0	711.048877954483
26	81.62979	8.446476	100.0	63.4	210.78723	22.17035	12.725042	48.31725	-31.85108	270000	1.6142925e-08	53.698208	-0.02227138	-16.028263	0.7407131	0.01501444	0.13491349	32.0	737.8073675632477
27	78.48096	13.016697	100.0	44.8	224.7381	21.921286	11.978877	50.200047	-21.629381	280000	1.3659398e-08	57.694035	-0.014046135	-16.119635	0.7563905	0.015402692	0.10451045	11.0	763.8367137908936
28	78.73191	19.596842	100.0	-30.0	207.70213	22.431143	11.487006	48.149643	-26.27913	290000	-8.692344e-09	91.74955	-0.019768877	-17.73827	0.730705	0.015169959	0.13031304	30.0	790.5180554389954
29	79.81396	11.756633	100.0	37.6	221.1628	21.464417	11.870122	49.98102	-24.286318	300000	-1.3659398e-08	54.11305	-0.01992171	-14.60802	0.7695377	0.015552555	0.11541154	19.0	816.7487528324127
30	76.35909	18.994574	96.0	-10.0	220.47728	21.598333	11.567479	48.393578	-17.64614	310000	-2.483527e-09	75.43942	-0.013461075	-25.7969	0.7508537	0.0155339325	0.10861087	12.0	843.2838213443756
31	82.19546	10.597039	98.0	56.2	211.86363	20.910154	11.969223	50.221535	-24.34047	320000	3.1044085e-09	54.138535	-0.014065397	-17.483612	0.7392352	0.015378947	0.11781178	13.0	869.0809717178345
32	81.3	17.533785	100.0	-10.0	217.02272	22.231863	12.782805	50.47805	-29.179176	330000	-2.483527e-09	66.67544	-0.021072468	-25.959158	0.7641861	0.015074487	0.12361237	21.0	895.6100785732269
33	80.50953	10.651019	100.0	52.0	228.5	21.531496	13.234933	51.089256	-21.04564	340000	4.967054e-09	48.52596	-0.025611168	-15.14119	0.7778998	0.0150021985	0.13381338	35.0	922.9134118556976
34	81.43256	10.578955	98.0	42.4	226.23256	21.408907	11.691903	49.030617	-14.020095	350000	0.0	53.606113	-0.018244486	-15.534301	0.7666506	0.015085384	0.11571157	19.0	949.539665222168
35	81.7289	11.661154	100.0	53.8	218.66667	22.213177	11.6995735	50.570168	-13.381994	360000	-1.7384687e-08	49.550125	-0.015025291	-12.39769	0.7691228	0.015646076	0.10861086	15.0	976.4580090045929
36	81.78604	9.348686	96.0	59.2	220.46512	21.833473	12.440156	50.96984	-18.815954	370000	9.934108e-09	46.433163	-0.0206861	-12.648154	0.7574267	0.015026878	0.12801279	28.0	1003.6461770534515
37	81.600006	12.903065	100.0	38.2	219.43182	21.838297	12.535393	49.64832	-22.245974	380000	1.6375756e-08	52.555523	-0.01644146	-12.410098	0.75200635	0.0153224515	0.10711071	16.0	1030.88294672966
38	78.87442	13.060647	98.0	46.6	224.90698	21.796843	12.337789	50.667404	-22.115839	390000	-1.7384687e-08	62.79359	-0.026548317	-17.01105	0.7484712	0.015101847	0.14251424	54.0	1059.7492897510529
39	81.22325	12.05161	100.0	48.4	226.27907	19.856049	12.714627	51.880028	-18.48775	400000	-6.208817e-09	59.62499	-0.016872676	-17.593239	0.73608774	0.015264414	0.13031304	16.0	1085.7139284610748
40	77.76363	19.9561	98.0	-10.0	221.65909	21.942644	11.941853	50.664318	-16.339827	410000	7.450581e-09	93.56866	-0.014714174	-23.380325	0.7373137	0.015795464	0.11811181	13.0	1112.7852442264557
41	82.98182	10.675018	100.0	45.4	220.27272	20.10246	12.868409	49.200634	-20.980639	420000	7.450581e-09	54.890076	-0.022316674	-17.20786	0.75118786	0.015013752	0.12631263	32.0	1139.6079297065735
42	80.649994	10.098256	96.0	57.4	218.54546	22.182009	12.250174	49.630207	-23.339968	430000	0.0	43.770916	-0.02238747	-13.725906	0.74874145	0.015133987	0.11821183	29.0	1168.4959781169891
43	81.222725	22.704473	100.0	-50.0	214.02272	22.12872	11.506031	50.879158	-15.037491	440000	2.7318796e-08	93.70223	-0.020357998	-31.435926	0.7498681	0.015250128	0.14831483	24.0	1195.0838072299957
44	81.80889	16.058998	100.0	4.0	209.75555	22.622097	12.371894	48.661907	-25.538935	450000	1.2417634e-08	72.396866	-0.016528552	-21.881653	0.7336523	0.015165102	0.11421142	13.0	1221.4484119415283
45	79.85714	10.777428	100.0	52.0	220.2619	21.556532	13.260877	52.472984	-21.725859	460000	5.2774944e-09	57.64967	-0.018857257	-21.035181	0.74208504	0.015350192	0.12561257	22.0	1247.6882092952728
46	79.78637	18.819448	100.0	-10.0	217.75	21.504766	11.571764	48.828613	-15.885296	470000	-1.4901161e-08	77.13462	-0.016339675	-31.690155	0.7484762	0.015225977	0.10851085	16.0	1273.756741285324
47	77.2	11.797255	100.0	52.6	226.19048	21.736727	12.31354	51.950127	-18.598772	480000	-1.4901161e-08	62.720875	-0.02194265	-18.65581	0.7601859	0.015091352	0.13141315	28.0	1301.2215311527252
48	81.96364	11.891117	100.0	53.8	216.04546	21.14988	11.621325	49.51991	-19.934513	490000	-1.8626451e-08	55.313023	-0.011093925	-14.285583	0.74357516	0.0159959	0.120512046	8.0	1328.0081174373627
49	81.681816	10.980505	100.0	44.8	221.02272	22.4371	11.945549	52.566257	-18.907156	500000	7.081932e-09	45.792477	-0.02012165	-11.42038	0.7298681	0.015073892	0.11591158	27.0	1355.2398509979248
50	80.68636	11.702634	100.0	49.6	216.36363	21.812057	12.096393	53.077274	-14.577508	510000	4.967054e-09	45.53732	-0.027313495	-11.275379	0.7580621	0.0150712505	0.14241426	44.0	1381.9083771705627
51	80.573326	11.68852	100.0	46.0	215.48889	22.805641	11.760415	49.596718	-13.390853	520000	-1.3038516e-08	59.06219	-0.022527076	-17.438848	0.7363157	0.015065814	0.13241322	32.0	1408.5453016757965
52	78.831116	19.127684	98.0	-20.0	217.57777	22.696165	12.197464	50.024826	-14.526497	530000	-4.346172e-09	81.125	-0.027194852	-23.299414	0.7335045	0.015017174	0.14931493	70.0	1436.6975893974304
53	77.81739	22.94795	100.0	-40.0	212.34782	22.0391	12.390188	48.30537	-20.067486	540000	-4.967054e-09	109.56776	-0.012656969	-27.167913	0.7393964	0.015462394	0.10931093	11.0	1462.8166813850403
54	81.751114	10.127556	100.0	50.0	210.86667	21.917376	12.678099	49.891956	-27.543495	550000	-9.934108e-09	61.957428	-0.015439789	-17.585464	0.7112596	0.01531547	0.12021202	15.0	1489.2597062587738
55	80.52889	11.204615	100.0	46.0	218.06667	22.644934	12.322876	53.841537	-27.15846	560000	8.381903e-09	64.18624	-0.019584848	-14.168199	0.7370377	0.015186113	0.13081308	25.0	1516.6987700462341
56	83.80466	10.481744	100.0	58.6	221.81395	22.1475	12.049125	52.40243	-24.575325	570000	-1.1292286e-08	49.071045	-0.017665213	-18.247036	0.72272015	0.015214323	0.11981198	19.0	1543.6465394496918
57	81.350006	12.627611	100.0	24.4	222.5	22.362705	12.227002	51.477077	-17.459618	580000	2.2351742e-08	57.46117	-0.02774725	-18.746864	0.72571373	0.013723721	0.14041404	79.0	1573.6430022716522
58	81.81334	10.923117	100.0	58.6	214.55556	22.69659	11.886052	51.088215	-20.785345	590000	-2.3593506e-08	41.18497	-0.014826787	-13.150622	0.7365422	0.015316338	0.106310636	13.0	1599.6665182113647
59	82.93023	11.931033	100.0	44.8	229.0	21.782719	12.380337	51.17496	-19.05587	600000	0.0	48.438366	-0.02107784	-14.362128	0.72940445	0.015524425	0.13321333	24.0	1627.5412850379944
60	78.05116	19.175812	100.0	-20.0	222.86046	22.02359	12.570128	50.84783	-27.52468	610000	9.934108e-09	80.065346	-0.018976752	-29.12561	0.7419699	0.015199299	0.12141215	21.0	1655.7928235530853
61	80.85778	13.42976	100.0	49.0	219.42223	21.976477	11.771516	48.621735	-10.020807	620000	6.208817e-09	60.98686	-0.026139857	-14.593803	0.7455395	0.015007674	0.13251324	48.0	1683.3624918460846
62	79.95122	13.835816	100.0	38.8	229.51219	21.038185	12.990209	53.87103	-19.272991	630000	1.6880222e-08	56.783337	-0.014649996	-19.091085	0.7434416	0.015069383	0.09430943	10.0	1709.7095837593079
63	80.59091	23.786356	100.0	-60.0	221.02272	21.596159	11.883279	49.867146	-20.233643	640000	-9.934108e-09	97.999504	-0.013094168	-34.71965	0.72666645	0.01566799	0.10091009	13.0	1736.7054197788239
64	80.96667	17.405138	100.0	-10.0	226.90475	21.52688	12.491569	49.615887	-16.041838	650000	-2.3593506e-08	74.828224	-0.023362124	-28.06649	0.7197469	0.015055846	0.13471347	33.0	1764.8490235805511
65	83.13333	10.601677	100.0	52.6	204.0625	23.608389	11.493111	48.34251	-13.748959	660000	3.4769375e-08	49.15218	-0.022511454	-14.769193	0.72069854	0.01509985	0.1231123	30.0	1793.8020327091217
66	84.29546	10.425536	100.0	52.0	220.90909	23.057486	12.918463	53.924904	-22.591078	670000	-7.450581e-09	46.20993	-0.018452767	-14.846149	0.71012586	0.015312267	0.11241124	21.0	1820.3793153762817
67	78.8	12.893625	100.0	43.0	227.86046	23.03102	12.24147	51.88885	-27.491539	680000	8.692344e-09	67.34335	-0.018255152	-21.07556	0.7320948	0.0151710445	0.11971197	18.0	1846.80925822258
68	80.20454	20.148651	100.0	-30.0	218.34091	21.632605	11.444034	51.50702	-25.556686	690000	0.0	100.93479	-0.019671563	-21.730429	0.7300989	0.015160307	0.12871288	31.0	1873.5248053073883
69	83.96364	11.572166	100.0	46.0	221.34091	21.7315	12.144992	51.57216	-24.939632	700000	-4.967054e-09	52.94604	-0.023718894	-17.995022	0.72643024	0.015041682	0.14701469	29.0	1901.333969116211
70	82.44091	13.079796	100.0	36.0	215.36363	23.342522	12.075135	52.758747	-22.73764	710000	-2.483527e-09	59.318756	-0.025975605	-15.510601	0.720561	0.015040358	0.12751275	50.0	1931.4364087581635
71	83.52558	14.864976	100.0	25.6	221.06976	22.46443	12.400682	52.923534	-19.241499	720000	-2.0489097e-08	56.78673	-0.014146521	-17.184017	0.6991124	0.015295201	0.096009605	10.0	1956.3053233623505
72	82.60444	12.257858	100.0	40.0	215.97778	23.290123	12.651351	52.54414	-28.266615	730000	-5.5879354e-09	57.106182	-0.02747193	-15.983318	0.70722413	0.015035282	0.13871388	48.0	1984.0865483283997
73	80.53023	11.519196	100.0	52.0	219.04651	23.2947	11.842616	53.585144	-18.09505	740000	1.7695129e-08	56.514175	-0.02078624	-15.789188	0.7022125	0.015112251	0.12991299	29.0	2012.5933196544647
74	81.838295	26.23967	100.0	-80.0	204.61702	21.995762	13.142358	58.053757	-20.07888	750000	-1.1175871e-08	139.3224	-0.011311504	-54.21197	0.70634127	0.015411333	0.10251025	10.0	2040.2988045215607
75	81.77447	17.264284	100.0	-10.0	208.97873	23.82598	11.824748	50.20893	-14.02375	760000	1.2417634e-08	73.76295	-0.015137121	-21.637766	0.68735164	0.015124383	0.1130113	16.0	2070.0012633800507
76	82.41739	12.718821	100.0	22.0	208.39131	22.659327	13.337468	50.839993	-26.475067	770000	1.169974e-08	85.088005	-0.027938323	-34.896473	0.70456046	0.014530244	0.14921492	79.0	2099.1964604854584
77	84.36956	9.745096	100.0	67.0	211.60869	23.044573	11.991736	51.2653	-28.65722	780000	-6.829699e-09	46.289745	-0.01768036	-13.908535	0.7272422	0.0151647655	0.12001201	19.0	2125.4793796539307
78	83.839134	9.793042	100.0	61.0	210.73914	23.833971	12.818242	54.689682	-19.474802	790000	-1.4901161e-08	45.40785	-0.015367337	-9.996779	0.71774226	0.015293964	0.10341034	17.0	2152.381391763687
79	82.92174	10.862178	100.0	57.4	213.36957	23.25186	12.921574	53.596333	-15.617862	800000	-4.967054e-09	52.369793	-0.016579995	-14.012919	0.70739156	0.015382088	0.10591059	16.0	2179.7564430236816
80	83.81334	9.876698	100.0	55.6	212.84445	22.928785	12.701203	54.23022	-5.1706977	810000	-2.3593506e-08	52.459717	-0.014963829	-12.619889	0.70781773	0.015674762	0.11241124	13.0	2205.546490430832
81	83.78667	11.793965	100.0	44.8	212.91112	23.143211	12.576791	56.03396	-12.551284	820000	4.967054e-09	45.451294	-0.019437067	-11.62352	0.71091706	0.015261189	0.11481148	24.0	2233.180674791336
82	82.681816	10.952403	100.0	54.0	217.31818	23.120466	13.017139	55.531292	-16.960682	830000	7.450581e-09	69.92858	-0.02662859	-21.525314	0.7131923	0.015011277	0.1470147	70.0	2263.4093523025513
83	80.59555	17.936306	100.0	-10.0	211.44444	22.66818	11.581189	53.64409	-17.247591	840000	1.2417634e-08	94.4386	-0.016742935	-33.388138	0.70068556	0.015154856	0.11891189	19.0	2288.7633945941925
84	84.506386	10.377542	100.0	58.6	209.74467	23.30076	12.1819	53.37662	-25.640131	850000	-9.934108e-09	54.030933	-0.015539114	-17.326185	0.7254963	0.01501466	0.124812484	17.0	2315.9258530139923
85	83.479996	18.643957	100.0	-10.0	214.2889	23.93438	12.5184145	54.573364	-17.123987	860000	0.0	78.95257	-0.01709878	-21.02261	0.7281912	0.015316849	0.11311132	18.0	2342.7256965637207
86	82.91818	12.270387	100.0	43.0	215.52272	23.313622	12.985733	54.80565	-31.696552	870000	-1.7384687e-08	54.81896	-0.020928241	-15.122788	0.7228121	0.015036101	0.13221322	26.0	2369.8491327762604
87	87.3	8.165862	100.0	66.4	207.67392	23.68403	12.755637	57.069736	-17.465229	880000	-2.2351742e-08	46.207905	-0.025285358	-13.503459	0.71523666	0.015000275	0.13351335	44.0	2397.187471628189
88	84.19556	11.722381	100.0	54.4	214.66667	24.267654	12.623179	57.73848	-18.298029	890000	1.9868216e-08	52.69202	-0.0154400505	-13.693168	0.7157504	0.015276506	0.10431043	15.0	2424.663741827011
89	84.4	10.51872	100.0	54.4	211.34782	23.897486	12.758472	56.488323	-12.635679	900000	1.3348957e-08	51.684494	-0.021480419	-12.03748	0.71357614	0.01502915	0.12831283	29.0	2451.437160015106
90	86.012505	10.3629465	100.0	61.0	206.79167	24.703962	12.292491	57.4973	-8.304453	910000	4.7342232e-09	46.32375	-0.022350684	-13.006801	0.70462424	0.015167442	0.12221222	35.0	2479.960850954056
91	85.60851	9.679103	100.0	65.2	210.80852	24.65995	12.596998	57.566025	-18.13983	920000	-1.8626451e-08	40.206547	-0.017250262	-10.145661	0.7018407	0.015237007	0.121312134	22.0	2507.067680120468
92	79.72093	18.443281	100.0	-10.0	222.97675	23.39628	12.5091915	57.636585	-20.266714	930000	8.692344e-09	114.9126	-0.019930586	-33.82227	0.7013383	0.015009462	0.1290129	30.0	2534.3534026145935
93	84.38724	10.411401	100.0	58.6	207.95744	21.961914	12.829928	56.885174	-32.148224	940000	-5.7431557e-09	58.47409	-0.011160125	-24.447042	0.6799922	0.015955202	0.09600959	8.0	2560.6555376052856
94	85.77447	11.949298	100.0	40.6	202.42554	24.009424	13.107834	55.935432	-29.907497	950000	-1.8626451e-09	54.29423	-0.013998945	-14.941856	0.70446426	0.015789462	0.12341234	12.0	2588.497207403183
95	83.16744	16.930387	100.0	-10.0	216.13954	23.601334	12.990229	55.526783	-20.921425	960000	-4.967054e-09	66.06342	-0.017178636	-25.604567	0.7050617	0.015481497	0.11171117	15.0	2614.464681863785
96	86.046814	10.374865	100.0	56.8	203.51064	24.335947	12.763207	56.779247	-5.7304354	970000	-2.483527e-09	44.07402	-0.02662296	-11.65817	0.6847735	0.015144565	0.13681369	66.0	2643.8924481868744
97	85.86957	9.685598	100.0	59.8	212.73914	24.97954	12.979409	59.142662	-17.850925	980000	-2.3903945e-08	51.298054	-0.021586625	-14.038456	0.6702302	0.015033009	0.114311434	32.0	2671.2274265289307
98	86.291664	11.009008	100.0	52.6	201.70833	24.757257	12.553011	55.51952	-20.417257	990000	-9.934108e-09	47.84814	-0.01474449	-12.371976	0.6857293	0.015388486	0.10181018	13.0	2697.821057319641
99	85.81702	12.678267	100.0	38.8	209.76596	24.494772	13.380733	58.874847	-22.001095	1000000	-3.7252903e-09	60.866985	-0.024921874	-14.687129	0.69829655	0.0151421055	0.13551354	51.0	2730.142410993576
100	80.69131	27.017761	100.0	-80.0	209.71739	24.041813	12.985562	58.056385	-14.555484	1010000	-1.839362e-08	112.439644	-0.013229269	-33.31721	0.6960199	0.015481532	0.121212125	11.0	2756.019738674164
101	84.65778	12.045811	100.0	50.2	208.46666	23.384151	12.41002	54.46798	-10.309236	1020000	7.761021e-09	47.193253	-0.019170346	-13.989125	0.6824476	0.015198144	0.10691068	26.0	2783.4355912208557
102	85.65652	9.68492	100.0	64.0	208.93478	24.053474	12.840487	56.18102	-21.689455	1030000	6.829699e-09	45.025677	-0.020300243	-11.788157	0.67700213	0.015096811	0.12471247	27.0	2809.6244225502014
103	87.91915	9.578492	100.0	49.0	203.12766	24.82637	12.635192	57.528114	-5.325215	1040000	1.4901161e-08	45.076706	-0.013363279	-10.073436	0.6854293	0.015083823	0.11061106	13.0	2835.9247646331787
104	84.333336	9.9549265	100.0	54.0	203.14583	25.224092	13.112762	58.219357	-11.516699	1050000	3.7252903e-09	49.709568	-0.01859959	-13.501133	0.6640978	0.015282319	0.12581258	21.0	2862.0191781520844
105	85.07727	11.319027	100.0	58.6	218.79546	23.284824	13.304858	57.659073	-15.07855	1060000	-8.381903e-09	52.1723	-0.011284232	-19.986742	0.6730438	0.015161944	0.10441044	10.0	2889.683573484421
106	88.25417	8.69413	100.0	68.8	200.52083	24.624449	12.865564	56.00737	-16.350243	1070000	1.0244548e-08	38.10596	-0.015453949	-11.426852	0.6691497	0.0153359175	0.12451246	17.0	2916.3062946796417
107	82.147995	24.89298	100.0	-70.0	195.94	26.229359	13.148697	58.34646	-11.714591	1080000	-4.346172e-09	104.52955	-0.011740096	-31.655127	0.65057856	0.015197371	0.110711075	12.0	2944.827439069748
108	86.541664	9.354319	100.0	58.0	203.875	24.967266	12.403727	51.871536	-13.900406	1090000	-9.313226e-09	52.11896	-0.020677526	-18.253222	0.64064175	0.015251774	0.12251226	28.0	2972.4816868305206
109	85.259575	10.875772	100.0	44.2	204.36171	24.532404	13.386218	58.37299	-26.721178	1100000	-2.483527e-09	55.68759	-0.013785834	-16.11576	0.65068793	0.015761087	0.1040104	12.0	2998.8831055164337
110	84.94584	10.737065	100.0	59.8	203.02083	24.716314	13.335743	57.805916	-7.1252227	1110000	0.0	48.441864	-0.017048588	-13.251488	0.64077353	0.015191369	0.1180118	19.0	3025.7498087882996
111	87.487495	9.355383	100.0	64.6	204.08333	25.109566	12.76238	57.361755	-12.149752	1120000	-2.7318796e-08	45.902233	-0.01081971	-12.620041	0.65803194	0.015911676	0.08930894	10.0	3054.7313380241394
112	86.5102	11.002564	100.0	54.0	195.7347	26.142622	12.834463	57.924606	-1.8357447	1130000	1.2417634e-08	47.24503	-0.013556455	-12.070292	0.6504185	0.015819103	0.11541154	12.0	3081.686822414398
113	84.90212	10.913188	100.0	53.8	204.19148	25.71533	12.821994	58.47191	-11.815906	1140000	0.0	47.482605	-0.017976487	-10.869124	0.6467786	0.0152972685	0.10831084	23.0	3108.0600233078003
114	82.204544	13.376947	100.0	34.0	218.45454	23.736677	13.210033	56.937527	-15.719008	1150000	2.483527e-09	56.091084	-0.0148194395	-13.682055	0.6860598	0.01581038	0.113511354	12.0	3136.4779608249664
115	86.0913	10.05556	100.0	61.0	209.30435	23.593271	12.543815	55.350906	-1.9994256	1160000	1.1796753e-08	49.282303	-0.013237548	-14.53543	0.649419	0.015889822	0.10341034	12.0	3164.6375608444214
116	84.51739	11.389588	100.0	60.4	211.39131	24.670115	12.952376	56.82163	-13.025616	1170000	1.4901161e-08	47.820347	-0.021017633	-13.849843	0.65934414	0.0152308615	0.11911192	29.0	3192.61004281044
117	81.81305	13.330474	100.0	40.0	213.95653	23.942879	12.653683	57.15813	-24.623266	1180000	1.8626451e-08	59.97138	-0.013678397	-15.625747	0.6663673	0.015425269	0.1050105	12.0	3220.52947807312
118	85.04256	11.70873	100.0	55.6	205.40425	24.288675	12.626302	59.185024	-11.153174	1190000	-2.3593506e-08	49.19176	-0.011140595	-14.329263	0.65803504	0.015831275	0.098709874	9.0	3246.668836593628
119	82.03256	13.473691	100.0	44.8	219.02325	23.835798	12.8221855	56.831264	-18.390686	1200000	0.0	56.985504	-0.013759039	-16.117338	0.6448962	0.01503123	0.11661166	11.0	3271.680873155594
120	86.32083	10.792647	100.0	58.6	202.39583	24.023415	12.214319	53.391	-13.942054	1210000	-2.483527e-09	48.12968	-0.012744349	-13.69743	0.66662306	0.015883686	0.11361136	8.0	3297.5941779613495
121	82.78637	12.571642	100.0	52.0	218.31818	24.659851	12.680855	58.50959	-14.668731	1220000	0.0	59.414734	-0.019602505	-16.560274	0.6760283	0.015124652	0.124112405	19.0	3323.481212377548
122	85.208885	10.86335	100.0	59.8	214.68889	23.406612	12.955632	54.87078	-18.76259	1230000	-9.934108e-09	48.232784	-0.02001103	-12.849735	0.66288906	0.0152313635	0.13021302	28.0	3350.5172004699707
123	87.3347	10.8740015	100.0	48.0	197.04082	25.126001	12.510823	54.681984	-1.0137233	1240000	1.8626451e-09	50.404285	-0.024455572	-12.778641	0.65186113	0.0150179835	0.13471347	46.0	3378.7478218078613
124	86.69584	9.44131	100.0	56.8	199.79167	25.685358	13.044797	58.748337	-2.399116	1250000	-1.816079e-08	39.1647	-0.01020145	-8.1668415	0.6634202	0.015390771	0.08450845	10.0	3404.2537581920624
125	88.075005	8.77018	100.0	59.8	198.35417	25.977598	12.5701065	58.633476	-2.6937394	1260000	1.800557e-08	38.223328	-0.012530468	-9.207541	0.66306424	0.015039925	0.10661066	13.0	3430.077766418457
126	86.47659	10.05716	100.0	65.8	209.68085	25.937197	13.012765	58.849243	-20.163712	1270000	-1.2417634e-08	45.504375	-0.022145515	-13.941948	0.6560798	0.015097462	0.1319132	37.0	3457.847301006317
127	86.95652	9.779473	100.0	61.0	212.02174	24.842972	12.818288	59.19615	-7.388498	1280000	9.313226e-09	41.29446	-0.014990543	-10.173833	0.65344495	0.01518217	0.11281129	15.0	3484.6549258232117
128	87.680855	9.856214	100.0	56.2	208.95744	25.401554	13.085845	58.34901	-14.684794	1290000	-1.9868216e-08	45.704266	-0.01294477	-12.250743	0.66981965	0.015786124	0.10431043	11.0	3512.251626253128
129	86.34694	10.27728	100.0	52.0	200.08163	25.789248	13.124719	57.801895	-12.82418	1300000	1.2417635e-09	47.89284	-0.017596042	-12.598023	0.65953636	0.015326376	0.116711676	19.0	3540.0378386974335
130	83.4	12.141484	100.0	43.0	209.69565	24.694176	13.018524	59.295425	-15.264619	1310000	1.2417634e-08	53.679443	-0.013860986	-15.730247	0.6608177	0.0150176585	0.09410941	13.0	3566.5534024238586
131	88.32653	9.304877	100.0	59.8	198.2449	24.612751	12.87834	57.552216	-6.5305557	1320000	2.8560558e-08	46.567505	-0.015318944	-16.420565	0.6602962	0.015556957	0.12061206	15.0	3594.3768107891083
132	85.84681	11.500691	100.0	46.0	204.12766	25.576561	13.721773	59.016808	-14.591487	1330000	-1.0399769e-08	52.627056	-0.010249839	-14.511242	0.65739876	0.015621342	0.11531153	9.0	3620.9622468948364
133	88.3125	8.60222	100.0	58.6	198.375	25.350119	12.899384	57.886654	-18.981861	1340000	-6.208817e-09	40.30878	-0.015879055	-13.4631195	0.6588574	0.015150461	0.11341134	15.0	3646.883127450943
134	84.245834	19.063457	100.0	-20.0	203.4375	26.241262	13.006129	56.030582	-11.835142	1350000	1.4280279e-08	80.51034	-0.013934453	-32.854427	0.6768503	0.015552997	0.11661166	11.0	3672.3222708702087
135	85.36889	10.801066	100.0	58.6	214.48889	23.841244	14.021876	54.045834	-26.607233	1360000	-1.1175871e-08	50.02451	-0.012710683	-19.029802	0.6803587	0.01582337	0.10071007	10.0	3697.2422983646393
136	87.1625	10.989059	100.0	52.6	202.35417	24.771404	12.758012	52.875763	-13.751156	1370000	-1.9247333e-08	41.808167	-0.020990545	-12.029395	0.66798145	0.015094315	0.12221223	27.0	3723.5331897735596
137	84.782974	11.208419	100.0	47.8	207.61702	25.087341	13.017569	57.39657	-13.146152	1380000	1.1175871e-08	52.59149	-0.02570323	-15.848603	0.68549865	0.015045474	0.13971399	52.0	3752.1498069763184
138	86.27917	10.166017	100.0	60.0	202.45833	24.533731	13.3298235	58.019447	-5.1591434	1390000	-2.173086e-08	48.555756	-0.0162744	-14.9900055	0.6836481	0.015028502	0.109010905	17.0	3778.5492074489594
139	85.62553	10.894513	100.0	53.2	205.53192	25.102495	13.053086	57.67043	-32.185387	1400000	1.2417635e-09	42.38896	-0.013438881	-12.311885	0.6879115	0.015366168	0.10741074	11.0	3805.088588953018
140	84.24091	11.450096	100.0	61.0	217.43182	23.298714	13.167571	55.96525	-20.15676	1410000	-1.0554989e-08	53.71788	-0.019702893	-15.968418	0.68808514	0.015046624	0.13511351	18.0	3832.964576482773
141	85.9	13.034674	100.0	43.6	217.22728	23.591888	12.478085	54.672398	-11.178237	1420000	8.071463e-09	52.006023	-0.012592807	-14.311257	0.6793012	0.015332386	0.115011506	10.0	3859.0284044742584
142	85.58695	10.313217	100.0	54.4	211.41304	23.862608	13.237546	56.52703	-21.11928	1430000	-2.7939677e-09	40.229946	-0.010890119	-13.329685	0.69418764	0.015022688	0.10891089	11.0	3885.9348018169403
143	83.15417	27.155426	100.0	-90.0	204.52083	24.972649	12.273918	53.73358	-12.7531395	1440000	6.208817e-09	101.55134	-0.011005168	-20.880726	0.6809985	0.015406467	0.10531053	11.0	3914.368837118149
144	83.75745	12.12242	100.0	48.0	208.87234	25.36326	12.131041	54.267193	-9.30081	1450000	1.7384687e-08	71.17017	-0.01627419	-23.140373	0.67514116	0.015001704	0.106410645	18.0	3941.9417300224304
145	82.98723	12.71477	100.0	26.2	210.38298	23.847193	12.885904	57.56089	-10.651277	1460000	0.0	54.94222	-0.018301263	-12.774307	0.6585837	0.015295759	0.12851284	22.0	3970.575173854828
146	88.25532	8.808768	100.0	62.0	209.21277	24.15799	12.301712	56.63181	-9.498162	1470000	-5.5879354e-09	53.957478	-0.015172023	-17.86256	0.64909726	0.015201007	0.102810286	18.0	3997.8541519641876
147	87.81702	8.63657	100.0	53.8	209.59575	25.798855	12.360786	57.74895	-7.372226	1480000	7.450581e-09	50.088093	-0.020258455	-14.302712	0.6615239	0.015166816	0.11791179	28.0	4025.96454000473
148	87.34469	8.530865	100.0	66.4	206.14894	25.515001	13.098876	59.032898	-8.834745	1490000	2.9802322e-08	39.714584	-0.022455776	-10.352948	0.64902586	0.015499287	0.11811181	38.0	4052.9095158576965
149	88.86275	8.4049	100.0	66.4	187.37254	26.65091	12.571397	58.898594	-3.8728194	1500000	-2.1109978e-08	40.817844	-0.012317813	-8.733886	0.64989346	0.015232352	0.099709965	11.0	4080.2857694625854
150	86.493614	9.544864	100.0	59.8	204.06383	26.018656	13.300628	58.661125	-6.707692	1510000	-4.967054e-09	37.66983	-0.018207874	-9.031259	0.65030795	0.015008765	0.11061106	25.0	4108.980499982834
151	86.862495	8.983889	100.0	58.0	198.91667	25.94594	12.807281	57.81043	-13.108948	1520000	-1.6142925e-08	46.574005	-0.018523894	-10.639076	0.6514597	0.015132208	0.12581259	23.0	4136.959573984146
152	86.004005	10.289372	100.0	62.2	197.66	25.80044	12.777603	59.06087	-8.1751585	1530000	1.2417634e-08	50.719723	-0.02231823	-12.294778	0.6610509	0.015154336	0.1271127	34.0	4166.063225269318
153	84.737495	10.636114	100.0	44.8	202.97917	24.929512	13.358965	58.092625	-13.604956	1540000	-3.5700698e-09	47.354145	-0.018960051	-12.16822	0.6455651	0.015049475	0.11761176	22.0	4193.4250247478485
154	87.8375	10.328734	100.0	47.2	204.5625	25.157688	12.88995	56.93666	-8.8759775	1550000	1.2417634e-08	44.448742	-0.013387665	-13.40636	0.654484	0.015174692	0.113711365	12.0	4220.099305152893
155	88.03829	9.574491	100.0	59.8	202.74467	25.603455	12.928292	56.558846	-7.391652	1560000	-1.2417635e-09	44.357502	-0.015366994	-11.163048	0.6353369	0.015289634	0.12311231	19.0	4247.121240854263
156	87.225	10.142454	100.0	55.6	199.625	26.355581	13.15107	57.773777	-1.869324	1570000	-3.298434e-10	49.78688	-0.026271185	-14.348268	0.6428452	0.015048747	0.12871288	63.0	4276.071285486221
157	85.31429	16.247524	100.0	-10.0	197.18367	26.457066	13.282191	59.18198	-8.16853	1580000	7.450581e-09	81.90082	-0.025675729	-26.26845	0.6126564	0.015018482	0.13331334	69.0	4304.4514336586
158	86.66938	9.318715	100.0	62.8	200.93878	25.42504	13.315853	56.32318	-25.57071	1590000	-1.2417635e-09	50.518112	-0.015109559	-15.276883	0.6234606	0.015057857	0.113411345	15.0	4331.199038743973
159	85.68	10.640752	100.0	62.0	213.2889	24.568853	12.78881	57.669903	-23.218128	1600000	0.0	52.084167	-0.009904266	-15.180581	0.6482813	0.015335738	0.10271028	7.0	4356.509485960007
160	85.21176	24.645227	100.0	-80.0	190.86275	26.124382	11.992838	57.743027	-11.452194	1610000	-4.967054e-09	98.123024	-0.009855361	-17.928158	0.65499526	0.015827244	0.10441044	11.0	4383.194334745407
161	88.66123	8.899824	100.0	56.0	195.85715	26.34938	12.1405945	54.681572	-11.280981	1620000	-1.4901161e-08	46.963882	-0.012975863	-11.62363	0.6412176	0.015938682	0.1210121	12.0	4410.450463294983
162	85.80834	10.087117	100.0	63.4	203.6875	26.449017	12.728437	57.055878	-3.5384765	1630000	-1.2417635e-09	51.02481	-0.01592201	-18.157534	0.6516537	0.015248813	0.11741174	18.0	4437.491068840027
163	85.95102	12.1302805	100.0	34.6	200.2653	25.716465	12.353583	57.429443	-4.6612053	1640000	-1.7384687e-08	46.559994	-0.022596441	-11.545341	0.66623694	0.015061654	0.13341334	33.0	4466.073939561844
164	86.49788	9.272413	100.0	68.2	204.57446	25.5173	13.30547	57.000977	-16.594362	1650000	-1.2417634e-08	47.433277	-0.016256733	-11.201019	0.6559672	0.01500738	0.119411945	19.0	4492.809200048447
165	88.637505	8.272612	100.0	66.4	205.625	25.290703	12.406461	55.47358	-23.923267	1660000	1.4901161e-08	43.431316	-0.00904592	-11.222397	0.640109	0.015059623	0.083808385	9.0	4519.064536809921
166	85.55417	19.659103	100.0	-30.0	203.58333	26.258184	12.346951	56.440445	-10.494208	1670000	-3.4769375e-08	80.483765	-0.025617277	-32.103477	0.6451058	0.015010501	0.13251324	59.0	4548.694860696793
167	85.01778	16.895802	100.0	12.4	217.62222	24.403536	13.783938	56.046864	-21.9018	1680000	2.483527e-09	62.698986	-0.0130424425	-21.329721	0.66936606	0.015154085	0.09670967	10.0	4576.600081682205
168	84.77021	10.361383	100.0	58.0	208.76596	23.985497	13.213441	53.57078	-11.756073	1690000	2.2351742e-08	55.566837	-0.014528145	-18.392303	0.6540525	0.0150569	0.105510555	14.0	4604.0824110507965
169	88.1	16.160755	100.0	-10.0	189.74	25.88826	12.259178	55.198242	-11.0099125	1700000	8.692344e-09	85.80654	-0.021310225	-39.995075	0.6428736	0.015068705	0.121212125	38.0	4630.815313816071
170	88.6	8.548002	100.0	67.0	200.375	26.862904	13.252959	55.4696	-16.178827	1710000	-1.4901161e-08	40.627308	-0.016058922	-10.952144	0.6428394	0.015093262	0.10511052	16.0	4656.595235824585
171	86.99184	10.42344	100.0	58.6	198.77551	26.748783	12.807049	57.08684	-8.255649	1720000	-1.9790605e-09	45.995243	-0.022938157	-13.410892	0.6360907	0.015006733	0.12641263	38.0	4685.154753446579
172	88.408165	9.734765	100.0	61.0	198.40816	25.944021	13.237337	59.069862	-34.880474	1730000	4.346172e-09	49.211323	-0.018869832	-13.431595	0.6336629	0.015266267	0.113411345	22.0	4711.12401843071
173	86.61702	9.971776	100.0	56.0	205.51064	25.977467	13.301668	59.149456	-5.946985	1740000	-4.967054e-09	47.773697	-0.019827971	-11.13844	0.6269849	0.015179859	0.11151115	39.0	4738.762591600418
174	88.4549	9.897362	100.0	50.0	194.43137	25.7834	12.743357	57.6812	-27.226454	1750000	8.071463e-09	46.670624	-0.011898075	-10.27745	0.65024877	0.015788203	0.09450945	12.0	4765.988742589951
175	88.532005	9.395455	100.0	58.0	197.74	26.91609	12.550918	58.31296	-10.673559	1760000	8.692344e-09	51.200428	-0.017872715	-14.690098	0.6236295	0.015023303	0.120312035	26.0	4793.249755144119
176	87.204254	8.677336	100.0	71.2	207.40425	26.277771	12.826075	58.70076	-19.7937	1770000	-1.3659398e-08	45.663387	-0.023596069	-12.18853	0.6351199	0.015136178	0.1271127	43.0	4820.157657146454
177	89.49412	7.6921506	100.0	71.2	193.88235	26.389166	12.856677	59.602745	-6.6977754	1780000	-3.1044085e-09	36.32997	-0.0122216465	-9.720093	0.64734703	0.01502639	0.09580958	11.0	4846.100569486618
178	86.44583	9.900188	100.0	48.0	201.79167	26.853888	12.852824	58.74533	-6.5635014	1790000	4.2219956e-08	61.04096	-0.02383141	-15.440923	0.64077514	0.013863909	0.130013	79.0	4876.200952768326
179	89.138466	7.832628	100.0	70.0	189.21153	26.952442	12.069889	59.040485	-4.9424634	1800000	-7.450581e-09	53.17851	-0.01377875	-12.922269	0.63889706	0.015040836	0.093209326	19.0	4904.315215587616
180	90.450005	7.0041604	100.0	77.8	187.92308	27.640064	12.605202	60.78565	-19.433254	1810000	2.483527e-09	39.774826	-0.018055264	-8.518347	0.6328955	0.01527262	0.11441144	31.0	4932.4793429374695
181	88.58039	8.270358	100.0	65.8	185.7255	28.14168	12.790195	60.22856	-6.072377	1820000	2.3593506e-08	41.85133	-0.01622036	-8.290481	0.63507336	0.015215576	0.11071107	21.0	4958.547407150269
182	88.0549	8.904555	100.0	62.2	189.43137	27.675615	12.673231	59.626465	-7.356149	1830000	2.4214387e-08	43.500996	-0.014021162	-9.110491	0.6453151	0.015018533	0.10601059	16.0	4984.769102096558
183	87.972	7.872891	100.0	68.8	195.16	26.28804	13.589348	61.575623	-12.146931	1840000	6.208817e-09	45.763428	-0.013671136	-10.367024	0.6429772	0.015384314	0.11111111	14.0	5012.073806524277
184	87.5098	12.133914	100.0	40.0	192.17647	26.521706	12.753111	59.910122	-13.766602	1850000	1.2417635e-09	57.2401	-0.012023866	-11.468678	0.6452985	0.015796663	0.11971197	12.0	5039.282639503479
185	88.39184	9.646906	100.0	57.4	197.40816	26.28101	13.246482	58.4854	-13.277519	1860000	-4.967054e-09	42.92537	-0.0105042495	-10.603659	0.63436913	0.015135825	0.10381038	11.0	5067.262103796005
186	88.74801	8.167723	100.0	70.0	194.14	26.868683	13.115173	59.297962	-15.608254	1870000	-6.2088173e-10	43.454865	-0.011339817	-10.472923	0.6253117	0.015513192	0.10501051	12.0	5093.789134263992
187	88.96863	8.438973	100.0	70.6	190.96078	26.69975	12.664962	57.794514	-2.3664906	1880000	-2.4835268e-08	38.519974	-0.01297795	-9.15683	0.64276594	0.015942046	0.1160116	11.0	5121.664075374603
188	88.71429	9.294633	100.0	65.2	198.30612	27.082058	12.476236	60.09319	-17.04278	1890000	6.208817e-09	48.041775	-0.00992344	-12.059937	0.630143	0.015227854	0.08770877	10.0	5148.028871297836
189	87.268	15.742915	100.0	-10.0	194.14	27.120913	12.4359255	60.569572	-6.5301085	1900000	0.0	81.61892	-0.011224609	-27.315866	0.6205383	0.015072108	0.097009696	10.0	5174.682498931885
190	87.94286	9.937847	100.0	58.0	197.46939	26.182533	13.463474	56.445797	-10.524933	1910000	-7.3729702e-09	46.14287	-0.012189883	-13.029407	0.6316977	0.015511949	0.10221022	11.0	5201.22504067421
191	88.268	13.992947	100.0	12.4	194.4	25.911045	14.0455065	59.114956	-21.220379	1920000	-2.4214387e-08	58.772556	-0.010774714	-17.301828	0.62833613	0.015454766	0.08790878	9.0	5227.741439342499
192	90.53076	7.425205	100.0	72.4	187.15384	27.24534	12.971343	59.77858	-7.4009867	1930000	-1.6763806e-08	40.154087	-0.021007897	-8.509979	0.61180687	0.015328963	0.13451345	45.0	5256.5037705898285
193	87.404076	16.55854	100.0	-10.0	198.65306	26.845125	13.811038	59.9651	-22.202797	1940000	1.0244548e-08	68.381035	-0.017279973	-21.56574	0.6198812	0.0151524395	0.11341134	22.0	5283.916567802429
194	87.8	8.844876	100.0	68.2	196.65306	26.60753	13.255711	57.649353	-25.797499	1950000	2.483527e-09	47.282795	-0.017931089	-13.098679	0.6250612	0.015055816	0.12311231	21.0	5310.837486505508
195	89.29388	8.421847	100.0	63.4	196.65306	25.984623	13.4527	59.497746	-30.900866	1960000	3.7252903e-09	45.614765	-0.016467711	-13.315745	0.62804896	0.015043399	0.121412136	17.0	5338.457566022873
196	88.444	8.474176	100.0	70.0	194.84	27.080103	13.031518	56.08257	-15.929561	1970000	8.692344e-09	50.645084	-0.021902077	-13.279536	0.64345104	0.015127882	0.13421343	36.0	5366.491883516312
197	89.07451	8.642074	100.0	71.2	189.17647	27.027193	12.9007435	56.00416	-8.429357	1980000	-2.20413e-08	40.9878	-0.017242903	-9.508819	0.6364148	0.01505556	0.11791179	22.0	5393.1219317913055
198	88.67199	9.508292	100.0	62.2	192.18	27.112549	13.345385	59.6079	-3.9395514	1990000	1.2417635e-09	47.60768	-0.011252361	-10.689564	0.6187288	0.015105012	0.09470948	11.0	5419.647311449051
199	86.04256	15.231319	100.0	16.0	205.59575	25.676544	13.481054	57.105312	-22.397554	2000000	0.0	63.237717	-0.015643628	-15.489602	0.63399535	0.015189563	0.1130113	17.0	5445.517014026642
200	85.48085	16.59047	100.0	18.0	201.70213	24.995647	13.292063	57.764847	-11.344568	2010000	-7.450581e-09	58.58182	-0.012908679	-13.235161	0.63817096	0.01623193	0.11911192	10.0	5471.587291240692
201	85.616005	16.452105	100.0	-10.0	194.98	25.880407	13.536073	55.878902	-29.25646	2020000	1.3659398e-08	87.72598	-0.023319578	-24.230364	0.6310519	0.015291072	0.12681268	57.0	5499.830337762833
202	90.149025	7.0521693	100.0	76.6	189.49019	25.980856	13.0478945	61.036816	-24.256315	2030000	2.1575639e-08	45.633533	-0.010000413	-15.504738	0.6201729	0.015455029	0.08120812	9.0	5527.274156808853
203	84.23922	24.150738	100.0	-70.0	187.05882	27.337732	13.04134	59.73852	-12.667891	2040000	7.450581e-09	134.05885	-0.011231287	-46.470867	0.6381809	0.015728889	0.11551156	12.0	5555.220721006393
204	87.26	10.39317	100.0	52.0	193.5	26.048767	12.971152	54.719574	-17.373287	2050000	-1.4280279e-08	48.75037	-0.014209359	-16.394306	0.63394374	0.01528648	0.120712064	16.0	5584.958571434021
205	86.600006	18.176815	100.0	-10.0	205.70213	24.208122	14.348025	58.23106	-37.086285	2060000	1.7384687e-08	65.41393	-0.010435394	-25.151339	0.64682084	0.015399478	0.074107416	7.0	5610.120714902878
206	87.42084	10.579559	100.0	55.6	202.77083	25.85788	13.545838	59.371704	-21.727945	2070000	3.1044085e-09	52.877625	-0.01539011	-17.018944	0.62872696	0.015448809	0.12001201	14.0	5636.9767370224
207	87.44583	8.999189	100.0	65.2	205.22917	25.800411	13.255655	58.90672	-17.313189	2080000	8.071463e-09	52.933792	-0.01955594	-13.881738	0.6253504	0.015013997	0.11421142	30.0	5664.730864286423
208	89.50384	11.558579	100.0	24.0	187.17308	26.790419	12.452225	56.308937	-13.763322	2090000	2.483527e-09	59.603333	-0.014890279	-15.071853	0.62979627	0.015852565	0.1040104	16.0	5691.076162576675
209	89.63138	7.91567	100.0	62.2	191.31372	27.372896	12.924177	63.520435	-11.432146	2100000	1.2417634e-08	40.741474	-0.012295608	-10.369069	0.64393234	0.015139035	0.110111006	13.0	5717.945147514343
210	88.827995	8.476887	100.0	65.2	192.56	27.057123	13.356376	60.48611	-12.039944	2110000	-2.483527e-09	43.305714	-0.013461654	-9.988788	0.628879	0.015121322	0.09430943	14.0	5745.365690469742
211	88.892	10.006495	100.0	48.4	193.58	26.85729	13.600168	60.58864	-23.35181	2120000	-1.9868216e-08	53.98294	-0.011732745	-14.05763	0.627314	0.015171108	0.112011194	13.0	5770.73520565033
212	84.532005	18.671457	100.0	-30.0	190.62	26.82206	13.547295	60.859222	-24.480701	2130000	2.2351742e-08	87.57748	-0.011788064	-37.507107	0.63703525	0.015079777	0.10791079	11.0	5798.038648605347
213	88.08401	10.042317	100.0	64.6	193.12	26.076736	14.04216	59.793976	-24.3989	2140000	1.5522042e-08	51.405167	-0.012072195	-18.14212	0.62798667	0.015175443	0.103710376	13.0	5824.2932851314545
214	89.52156	7.6491785	100.0	71.2	192.33333	26.343756	13.750931	60.804073	-19.180674	2150000	4.967054e-09	43.268116	-0.024186647	-10.02238	0.6138099	0.015023421	0.14161417	76.0	5851.707936525345
215	88.899994	8.924426	100.0	60.0	186.90384	27.647898	12.753121	59.96423	-8.559175	2160000	4.346172e-09	52.72279	-0.012125231	-10.564003	0.64040565	0.015788695	0.10491049	11.0	5877.561482906342
216	89.02308	9.615344	100.0	56.8	187.4423	27.531353	12.808068	60.808838	-6.5679874	2170000	-2.1109978e-08	51.157425	-0.015545961	-11.670738	0.6052756	0.0150773125	0.10971097	23.0	5905.665016412735
217	88.62745	8.458064	100.0	66.4	189.35294	27.143353	13.722675	61.461357	-34.024185	2180000	-2.1109978e-08	55.78842	-0.015447069	-19.086287	0.6096032	0.015181895	0.10131013	18.0	5933.709324121475
218	88.81923	9.3595085	100.0	51.4	190.5	27.118341	13.161001	58.21734	-10.378555	2190000	3.032619e-08	42.10366	-0.01509864	-7.7425957	0.63460255	0.01525806	0.12281228	16.0	5960.837974309921
219	87.38	10.061829	100.0	61.0	190.76	27.277792	12.912019	59.4338	-12.276576	2200000	-1.3659398e-08	44.148605	-0.0153662525	-8.803738	0.6220648	0.015100283	0.10631063	19.0	5987.686676502228
220	87.70588	9.91227	100.0	58.0	189.05882	27.129984	13.074833	58.890923	-3.2974758	2210000	2.2972623e-08	49.3873	-0.012712695	-12.2621155	0.6314075	0.015161905	0.110011004	13.0	6018.676738739014
221	89.03846	10.369188	100.0	40.0	187.46153	26.944565	13.077528	60.074905	-8.459248	2220000	0.0	42.993626	-0.011665832	-10.2056875	0.6224002	0.015528269	0.11211121	11.0	6045.829064846039
222	85.948	12.675193	100.0	26.8	195.2	26.25875	14.028877	60.276215	-24.139236	2230000	6.519258e-09	47.53652	-0.01322114	-13.003598	0.6513207	0.016044928	0.11521152	11.0	6075.0958824157715
223	89.49615	7.6539073	100.0	64.0	183.51923	26.484037	12.934513	57.952427	-3.31142	2240000	3.0423205e-08	46.258286	-0.010702775	-10.563338	0.6352014	0.016447105	0.112811275	10.0	6101.4633872509
224	89.796074	7.8516126	100.0	68.8	190.0	27.867573	12.845917	59.261894	-0.7589239	2250000	-1.1175871e-08	36.776215	-0.015873471	-6.0779023	0.6430109	0.01509324	0.12741274	26.0	6129.62531542778
225	89.34615	8.544644	100.0	68.8	188.57692	27.463161	13.169274	59.651	-13.162813	2260000	2.483527e-09	41.263733	-0.011763467	-8.969674	0.64745337	0.015009959	0.10411041	13.0	6157.151844263077
226	85.916664	12.230142	100.0	42.4	204.52083	25.326841	14.010089	57.721684	-23.782175	2270000	-1.2417635e-09	56.420506	-0.012973324	-16.747837	0.6427527	0.015326142	0.09490949	11.0	6184.214809179306
227	90.072	7.5648403	100.0	73.0	195.58	26.347532	12.718225	52.8293	-6.702379	2280000	2.12652e-08	42.559937	-0.02500991	-11.05035	0.6232249	0.014091362	0.1330133	79.0	6213.2353348731995
228	90.07059	7.48843	100.0	71.2	191.52942	27.420197	12.768768	57.928585	-5.8607373	2290000	7.450581e-09	33.841434	-0.01766393	-6.7165775	0.6260907	0.015187713	0.12111211	27.0	6242.151656627655
229	88.23599	8.281516	100.0	72.0	194.5	27.188656	13.144551	59.706127	-3.1642518	2300000	-7.450581e-09	43.456738	-0.015092722	-8.58414	0.63273185	0.015123804	0.12751275	17.0	6269.191313028336
230	87.49412	15.23141	100.0	16.0	188.58824	26.23437	13.630432	57.400543	-16.179302	2310000	-3.601114e-08	67.01107	-0.023799995	-13.302583	0.6519696	0.01505435	0.1350135	51.0	6296.919480085373
231	89.39616	8.324892	100.0	63.4	185.5577	27.217905	13.012281	58.034615	-20.40765	2320000	-3.290673e-08	46.88467	-0.016110515	-10.624449	0.6260529	0.015007467	0.10581058	18.0	6324.939726829529
232	88.32158	8.439596	100.0	70.6	191.29411	27.418594	13.132151	59.418343	-14.366514	2330000	-1.6142925e-08	50.0636	-0.012117223	-9.132949	0.654602	0.015381426	0.10541054	13.0	6352.58882856369
233	88.29388	9.682224	100.0	58.6	201.85715	25.72617	14.048728	57.90945	-23.964256	2340000	4.967054e-09	53.55388	-0.012800198	-17.944323	0.6548293	0.015496291	0.110111006	13.0	6378.102942466736
234	87.56801	10.121925	100.0	53.2	194.86	27.196527	12.26457	53.82998	-12.986295	2350000	1.14863115e-08	49.62201	-0.013803173	-14.318775	0.64881164	0.015001018	0.114611454	13.0	6405.314230442047
235	89.588234	9.429815	100.0	52.6	191.96078	26.70342	13.099921	56.208164	-15.412881	2360000	8.692344e-09	41.440907	-0.018033795	-9.923537	0.65850043	0.015096061	0.10141014	28.0	6432.772651672363
236	89.39216	8.391776	100.0	61.6	188.94118	27.283785	13.009769	59.795094	-10.883606	2370000	2.4835268e-08	45.168457	-0.015972817	-9.479589	0.6400971	0.0150804175	0.1020102	25.0	6460.299806594849
237	88.46	9.929289	100.0	61.0	188.2	26.976053	13.764994	60.961018	-8.621918	2380000	5.2774944e-09	43.805145	-0.010091416	-8.927617	0.62052494	0.015532742	0.08370837	8.0	6486.8118143081665
238	90.97255	6.771801	100.0	74.2	189.62746	27.095232	12.900717	58.746517	0.97054005	2390000	9.934108e-09	42.192554	-0.019386549	-10.514632	0.61801887	0.015359152	0.119511954	39.0	6515.441720247269
239	89.59215	7.7955203	100.0	71.8	187.21568	28.025324	12.660227	60.322014	-15.49845	2400000	6.208817e-09	44.103497	-0.014362874	-10.405294	0.63637614	0.015392183	0.11881188	18.0	6543.046368360519
240	89.65883	10.442394	100.0	43.6	190.17647	27.763226	13.08174	58.420742	-10.695138	2410000	-2.483527e-09	44.534367	-0.0142961005	-11.933147	0.6455526	0.01532983	0.11111111	17.0	6569.756138086319
241	88.926926	9.644371	100.0	53.8	190.25	27.17211	13.280783	58.19197	-10.024445	2420000	6.208817e-09	39.857433	-0.014533053	-8.526425	0.63859576	0.015019485	0.13541354	19.0	6598.451903104782
242	89.854904	8.150648	100.0	68.2	192.2745	27.34488	12.946205	58.530132	-0.5090598	2430000	-1.7384687e-08	40.51879	-0.014509753	-7.534084	0.6333482	0.015098735	0.11211121	18.0	6627.136154651642
243	86.229164	18.294443	100.0	-10.0	200.41667	26.470299	13.702	58.31879	-26.759628	2440000	-1.2417635e-09	103.60139	-0.020259725	-36.87437	0.65370685	0.015088712	0.13621362	33.0	6654.522842407227
244	89.01923	9.360577	100.0	56.8	185.59616	27.080011	12.957678	55.601532	-28.380674	2450000	4.0357313e-09	55.19633	-0.018192003	-15.056207	0.6343513	0.015004189	0.12351235	29.0	6682.068182468414
245	86.15199	12.778955	100.0	33.4	192.48	27.09141	13.204234	56.905224	-22.244604	2460000	1.2417634e-08	55.143055	-0.010820701	-12.057468	0.63302493	0.015072352	0.09250925	9.0	6707.940903663635
246	86.672005	17.634909	100.0	-20.0	196.26	26.392504	12.757981	52.48859	-20.400663	2470000	-1.9868216e-08	69.85426	-0.008766238	-28.21733	0.6467621	0.01573755	0.08780879	7.0	6734.923040151596
247	88.147995	8.190122	100.0	73.0	194.5	26.537388	13.520915	56.89042	-22.5517	2480000	-6.2088173e-10	48.13438	-0.009203322	-12.323307	0.6419244	0.015100096	0.108210824	10.0	6763.5220284461975
248	89.00393	8.106979	100.0	70.6	190.90196	26.72552	12.610938	56.898663	-4.1686425	2490000	-1.8626451e-08	37.38049	-0.011810838	-9.533463	0.64059037	0.015333366	0.1080108	11.0	6790.896039485931
249	85.888	10.388391	100.0	59.2	194.46	27.150805	13.070146	58.684147	-15.2911825	2500000	7.450581e-09	52.0432	-0.011343048	-12.00655	0.6670305	0.015695576	0.11221122	11.0	6817.152771234512
