Epoch	AverageEpRet	StdEpRet	MaxEpRet	MinEpRet	EpLen	AverageVVals	StdVVals	MaxVVals	MinVVals	TotalEnvInteracts	LossPi	LossV	DeltaLossPi	DeltaLossV	Entropy	KL	ClipFrac	StopIter	Time
0	93.770004	5.2831583	100.0	74.8	162.7	31.69317	14.687689	63.603924	-15.092268	10000	8.071463e-09	23.87523	0.0021872467	-4.167902	0.34364435	0.01684961	0.07180718	1.0	31.57270908355713
1	93.09	7.121837	100.0	58.0	162.96666	31.46946	15.071236	60.556038	-5.6935196	20000	-3.290673e-08	25.070435	-0.008329105	-5.4253373	0.3424699	0.015233378	0.094209425	10.0	59.16759133338928
2	91.38573	7.1009912	100.0	70.0	173.05357	30.175484	15.561926	63.965584	-3.2676444	30000	-1.3969839e-08	28.566278	-0.0076332293	-5.4398	0.34636816	0.015617207	0.07190719	14.0	88.0559811592102
3	92.512276	7.3569655	100.0	65.2	170.57895	29.15399	15.569279	63.905434	-37.78703	40000	-8.692344e-09	28.264402	-0.0069436617	-7.568937	0.34518528	0.0154237235	0.08530853	9.0	117.95802330970764
4	91.89152	6.9383063	100.0	74.8	165.71187	30.794844	15.017934	62.126556	-4.2532244	50000	-9.934108e-09	23.54082	-0.0073352116	-5.4152436	0.351673	0.015775995	0.05430543	10.0	145.8778166770935
5	92.50508	6.6779027	100.0	76.6	166.22034	30.188179	15.425248	63.718803	-14.056278	60000	1.2417634e-08	26.623678	-0.005774293	-5.6072564	0.35115445	0.015365445	0.07240724	6.0	176.0206377506256
6	93.41017	5.910224	100.0	72.0	165.91525	31.089773	14.87638	61.7238	-3.8413687	70000	2.6077032e-08	28.075644	-0.006422185	-4.037897	0.35173807	0.015624422	0.08420842	7.0	204.6322295665741
7	93.131035	5.9028397	100.0	77.2	169.56897	30.689335	14.994951	63.479275	-0.07044983	80000	3.5700698e-09	25.90274	-0.0069072484	-4.2807355	0.34946486	0.015717933	0.08860886	9.0	234.95616054534912
8	94.0305	4.8483176	100.0	82.0	164.79662	30.86845	14.888292	62.97221	-15.6237	90000	-2.4835268e-08	25.229357	-0.0077689923	-3.6745892	0.34255493	0.015097457	0.07570757	12.0	263.44890666007996
9	92.886215	6.301517	100.0	72.4	169.7069	30.93956	14.7033825	63.470196	-7.56599	100000	-1.7384687e-08	32.293823	-0.008969147	-5.9101415	0.34177375	0.015723001	0.08070807	14.0	295.9667749404907
10	93.38276	5.3579826	100.0	80.0	167.77586	30.636961	14.982038	61.86747	0.5336534	110000	-4.967054e-09	24.046188	-0.007372963	-3.9834163	0.34092727	0.015282149	0.06880689	7.0	322.9077157974243
11	93.66441	4.8338413	100.0	82.0	166.64407	31.05356	15.013939	62.811703	-0.287117	120000	7.450581e-09	24.477127	-0.005298205	-3.75041	0.34102145	0.015244718	0.059705973	10.0	351.7632532119751
12	94.09508	4.3325086	100.0	81.4	160.37704	31.785664	14.820688	63.29333	-1.3905998	130000	-4.718701e-08	22.704636	-0.0077019706	-2.5735245	0.32898107	0.015145488	0.07990799	12.0	382.3538603782654
13	91.83729	16.807281	100.0	-30.0	168.52542	30.7008	15.305513	63.337257	-29.060282	140000	-2.4835268e-08	54.653748	-0.008700182	-16.861076	0.33395758	0.015643755	0.08540854	15.0	411.3205955028534
14	93.90848	4.87419	100.0	79.6	164.47458	31.487835	14.63129	58.642365	-8.031091	150000	-2.4835268e-08	26.860498	-0.012397106	-4.5367856	0.3326604	0.015012011	0.09360936	49.0	442.9317479133606
15	93.837944	5.1212144	100.0	80.0	168.53448	31.39347	14.740513	63.808388	-15.488666	160000	3.585592e-08	24.395714	-0.006779846	-3.0374413	0.33564854	0.015073811	0.08420842	8.0	470.3326246738434
16	93.057144	7.054554	100.0	60.4	174.57143	30.38239	15.088943	63.197887	-30.374092	170000	9.313226e-09	29.138313	-0.009276466	-5.6244965	0.33508888	0.016034206	0.084908485	13.0	496.8780291080475
17	92.72281	6.4945602	100.0	68.0	171.77193	30.418594	14.668365	63.25379	-20.335365	180000	1.5211603e-08	31.131332	-0.0068652052	-5.251556	0.3230061	0.015020792	0.080008	11.0	526.112952709198
18	93.9695	4.9365892	100.0	82.0	167.98305	30.604006	15.028454	63.519466	-3.6261933	190000	-5.8983765e-09	20.369055	-0.006537365	-3.46838	0.3212122	0.015485332	0.06250625	13.0	555.2933261394501
19	93.5	4.875307	100.0	84.4	166.82759	31.41199	14.798776	63.844166	-0.9873183	200000	-9.934108e-09	22.76993	-0.0065114065	-3.0265667	0.31977817	0.015374695	0.08330833	13.0	582.209805727005
20	93.16896	5.631292	100.0	78.0	169.32759	31.056496	14.721471	63.52771	-18.009672	210000	1.1175871e-08	20.539783	-0.009540947	-2.65036	0.32346115	0.0150605	0.087508745	21.0	613.2494602203369
21	92.57545	6.407788	100.0	70.0	171.2807	30.270103	14.921423	63.086395	-5.998068	220000	-2.483527e-09	28.040545	-0.0071528633	-5.334723	0.3165883	0.01680255	0.07460746	9.0	643.1051392555237
22	93.83729	4.727055	100.0	84.0	167.66101	30.480997	14.829624	63.838776	-3.6378329	230000	-2.5688982e-08	21.266764	-0.006437449	-4.8960853	0.308431	0.015539448	0.057005703	10.0	672.2310404777527
23	93.38033	5.5739098	100.0	77.2	161.37704	31.77307	14.465463	63.88849	-4.8008394	240000	1.3659398e-08	21.622068	-0.0065746047	-3.6589782	0.31704018	0.015574501	0.073207326	12.0	702.39320063591
24	94.026665	4.652521	100.0	82.0	164.8	31.121819	15.359953	63.367905	-22.217161	250000	1.800557e-08	23.720098	-0.0074854568	-3.2803204	0.3097699	0.015363306	0.07760776	13.0	732.1035199165344
25	92.95593	5.9688535	100.0	74.0	166.20338	31.431341	14.984258	63.979015	-2.5656018	260000	-3.0423205e-08	21.233778	-0.0048836754	-3.8549106	0.317601	0.015002432	0.05260526	7.0	761.8792927265167
26	93.05085	6.0167665	100.0	65.8	165.45763	30.85903	15.16137	63.888855	-11.020155	270000	1.8626451e-09	27.694921	-0.0053677564	-4.3296814	0.31562415	0.017911624	0.057505745	6.0	791.7398796081543
27	93.30345	5.6880083	100.0	76.0	169.53448	30.676268	14.938838	62.033894	-3.8501716	280000	2.483527e-09	31.761389	-0.0067570973	-5.546622	0.31384668	0.015398313	0.080208026	11.0	820.417952299118
28	93.293335	5.8599734	100.0	75.4	165.08333	30.859602	14.974167	63.34964	-8.111504	290000	3.228585e-08	26.126694	-0.007756104	-4.668732	0.3160958	0.015571419	0.075107515	11.0	851.9684710502625
29	93.14238	5.703409	100.0	76.0	165.45763	30.861904	15.069421	63.3876	-10.635126	300000	-1.3659398e-08	25.839998	-0.008266029	-4.6754913	0.31193697	0.015052403	0.063806385	12.0	879.8355867862701
30	93.54577	5.3516135	100.0	76.0	165.25424	31.263224	14.880573	63.098454	-1.8646978	310000	-2.2351742e-08	26.89237	-0.0077486984	-4.5036507	0.31297284	0.01533319	0.080408044	11.0	912.2917358875275
31	92.80999	5.537078	100.0	76.6	162.31667	31.66172	14.962783	64.11761	-13.158487	320000	2.483527e-09	24.935738	-0.008711143	-3.7407665	0.31148303	0.015242573	0.0790079	16.0	941.348237991333
32	93.95	4.528668	100.0	82.6	162.5	31.339392	15.107322	63.597584	-3.8617847	330000	-1.2417635e-09	19.587132	-0.009121676	-2.4142296	0.3118964	0.015068994	0.08080808	19.0	971.1392066478729
33	93.840004	4.787317	100.0	77.2	162.28334	31.24806	15.288726	62.92297	-3.36269	340000	-1.6142925e-08	25.432829	-0.008228962	-4.5094113	0.31186545	0.015858255	0.0840084	13.0	998.8963627815247
34	93.57049	5.0168023	100.0	77.8	162.93443	31.812271	14.622967	63.639614	-3.8586805	350000	2.2351742e-08	24.269754	-0.007978868	-3.5668495	0.31811383	0.015670262	0.08720872	12.0	1029.4890413284302
35	91.134476	10.056625	100.0	43.6	168.58621	29.911726	16.150352	63.933796	-29.022833	360000	-3.973643e-08	38.71281	-0.0100586	-12.067886	0.32431558	0.016136825	0.08680868	11.0	1057.3166382312775
36	92.76897	5.368208	100.0	77.8	166.96552	29.428986	15.466427	60.124443	-21.831217	370000	1.9247333e-08	31.813318	-0.009631244	-6.8664207	0.32861897	0.0151851	0.09430943	15.0	1087.0026791095734
37	92.89825	5.9842043	100.0	73.6	169.63158	30.052034	14.7404375	61.521935	-10.244888	380000	1.9868216e-08	33.48559	-0.0067739733	-10.12641	0.32718492	0.015009284	0.06830683	7.0	1115.9110679626465
38	93.44591	5.4082384	100.0	75.4	161.72131	31.336641	14.969543	63.057365	-3.748276	390000	-4.967054e-09	25.60794	-0.0061245835	-3.8967006	0.32632282	0.015271291	0.070707075	9.0	1145.138484954834
39	93.829994	4.3983064	100.0	82.0	163.25	31.724655	14.539211	63.29909	-0.79030716	400000	2.2196522e-08	22.689627	-0.008039666	-3.8477128	0.3273324	0.015737876	0.07050705	18.0	1174.1167013645172
40	93.88525	4.555157	100.0	82.6	160.03279	31.643438	15.096569	63.511036	-3.3105445	410000	2.3593506e-08	28.007116	-0.007440044	-5.759538	0.32436803	0.01599603	0.07770777	9.0	1202.589703798294
41	93.63607	5.3997583	100.0	74.0	162.45901	31.80957	14.7296715	63.597935	-17.007622	420000	-9.002785e-09	27.712013	-0.0068629324	-4.257422	0.3255701	0.01503935	0.06570657	10.0	1232.3365862369537
42	93.68197	4.9341073	100.0	77.8	159.70493	32.02749	14.671745	62.905804	-3.2310214	430000	-5.8362883e-08	19.528141	-0.006533516	-2.7892563	0.32149118	0.015574922	0.06960696	10.0	1261.569927930832
43	92.53571	6.8755374	100.0	64.6	173.14285	30.32042	15.442073	62.59817	-3.8446724	440000	9.934108e-09	30.104681	-0.009127741	-6.279859	0.32793212	0.01565097	0.08030803	11.0	1290.5016732215881
44	93.20339	5.442518	100.0	80.8	164.76271	30.28283	15.131821	63.317814	-8.916173	450000	3.228585e-08	26.949036	-0.006498065	-6.058952	0.32614103	0.01582876	0.076807685	9.0	1320.0123512744904
45	92.85763	5.9490547	100.0	76.0	165.54237	30.617111	15.198057	62.386856	-3.285515	460000	-3.8494665e-08	27.67144	-0.009278315	-4.0637383	0.326068	0.015592654	0.07310731	17.0	1348.7663123607635
46	93.420006	4.951458	100.0	80.0	162.78334	31.10332	15.312319	62.601562	-5.639886	470000	2.6542693e-08	21.564133	-0.008041277	-3.0235913	0.31899646	0.015063544	0.07480748	20.0	1375.9470784664154
47	92.95593	7.3307405	100.0	49.6	165.61017	30.654146	15.467212	62.880287	-18.529837	480000	1.8626451e-09	23.308653	-0.009803676	-4.717075	0.32025132	0.01525711	0.076207615	16.0	1405.645994901657
48	93.69153	5.2703614	100.0	80.0	164.50847	31.166832	15.280397	60.810055	-4.8980107	490000	3.5079818e-08	22.604822	-0.0068260706	-3.235387	0.3190101	0.016201094	0.069906995	14.0	1434.694489955902
49	92.34737	9.052946	100.0	37.6	167.92982	30.222357	15.977173	62.52413	-36.07321	500000	9.701277e-09	28.657309	-0.007802985	-6.925328	0.3189394	0.015334662	0.07540754	9.0	1462.38099193573
50	93.55593	4.82972	100.0	80.8	163.77966	30.927063	15.251312	60.316284	-4.4348755	510000	-6.9849193e-09	22.719458	-0.005529883	-3.6848605	0.32285395	0.01703767	0.08960896	9.0	1491.7300832271576
51	93.37332	5.171907	100.0	78.4	164.1	31.082918	15.230186	63.124393	-6.3155246	520000	-2.4835268e-08	21.390518	-0.0068404377	-3.0336177	0.33533683	0.015479125	0.07350735	10.0	1521.652586221695
52	93.62034	4.751549	100.0	82.0	165.55933	31.183968	15.218875	62.48226	-2.1887333	530000	-1.5522043e-09	20.670944	-0.0068086474	-3.3783247	0.32182172	0.015615811	0.07770777	12.0	1552.1211113929749
53	94.00333	4.3072796	100.0	83.2	161.31667	31.291426	15.307715	63.141983	-4.9085197	540000	1.680261e-08	23.284521	-0.007725831	-3.455536	0.3237451	0.01537178	0.06570657	14.0	1582.1460785865784
54	93.3661	4.7444744	100.0	80.0	167.76271	31.160202	15.314922	64.03063	0.26039612	550000	-1.1796753e-08	28.511305	-0.00848946	-4.7337976	0.3228035	0.015515812	0.07670767	11.0	1612.4817185401917
55	92.67368	8.079572	100.0	47.8	167.94737	30.410456	15.223556	63.971905	-24.586708	560000	3.228585e-08	33.05685	-0.0072033503	-7.8976707	0.3235887	0.015287976	0.08750876	9.0	1640.031405210495
56	93.56334	4.879275	100.0	80.2	164.36667	30.869051	15.144839	62.941418	-11.853124	570000	2.3593506e-08	21.409582	-0.005954688	-4.3898864	0.3195308	0.01526742	0.065606564	9.0	1669.1812562942505
57	93.35334	5.7790847	100.0	72.4	163.26666	31.469677	15.073355	62.02869	-11.215578	580000	3.7252903e-09	25.219833	-0.007638522	-3.175452	0.31537554	0.016083745	0.085608564	11.0	1698.1922590732574
58	93.30848	5.2924404	100.0	79.6	165.42372	31.348465	14.989795	62.341778	-3.0105453	590000	-1.6142925e-08	27.542547	-0.007093131	-5.727955	0.31430665	0.015317696	0.06970697	12.0	1726.5178577899933
59	92.79322	6.178142	100.0	73.6	167.18645	30.841389	15.171168	63.48744	-13.444073	600000	-6.519258e-08	29.07514	-0.0074832155	-4.1408935	0.31601992	0.016196627	0.057905793	9.0	1755.0854873657227
60	94.56774	4.297215	100.0	83.8	156.58064	31.734056	14.869158	62.675514	-1.2734092	610000	-8.692344e-09	22.536728	-0.005160971	-4.4246507	0.30194557	0.015615701	0.06210621	7.0	1785.4657573699951
61	92.84745	5.7093844	100.0	74.8	164.0	31.784853	15.240525	62.63048	-1.97233	620000	-1.4804148e-08	29.622477	-0.009277607	-4.8661866	0.3175709	0.015669437	0.08460846	15.0	1816.0599029064178
62	93.276665	5.028199	100.0	78.0	164.18333	30.942472	14.708547	62.18628	-2.4906006	630000	-2.9802322e-08	28.856047	-0.0072263815	-5.1283345	0.32287884	0.015101947	0.060206022	12.0	1844.8618104457855
63	93.957375	4.6713796	100.0	78.0	161.18033	31.776522	14.493039	63.329723	-3.0925422	640000	9.57516e-09	28.109667	-0.010304778	-4.6639137	0.32270917	0.015060327	0.07550755	22.0	1877.9178185462952
64	93.13999	7.04124	100.0	58.6	163.46666	31.387552	15.143418	63.319298	-22.90681	650000	1.4901161e-08	29.3104	-0.007540135	-4.126969	0.30882955	0.015344103	0.07120713	12.0	1906.4559469223022
65	93.98033	4.755904	100.0	81.4	160.18033	31.227993	15.101743	61.203335	-2.6860137	660000	8.071463e-09	24.823242	-0.0052120886	-4.2522063	0.31252185	0.016800806	0.06480648	8.0	1935.678874015808
66	94.00328	4.9714584	100.0	78.4	161.4918	31.804817	15.028109	62.731922	-18.704117	670000	1.21071935e-08	24.25194	-0.005426102	-4.6165977	0.31052762	0.015820399	0.07310731	9.0	1964.8934607505798
67	93.37	5.215212	100.0	80.2	162.16667	31.73326	15.175993	62.85354	-12.051502	680000	2.4835268e-08	24.616526	-0.004255444	-5.14554	0.31461897	0.0154130785	0.054505453	6.0	1991.380396604538
68	93.38333	5.447604	100.0	78.4	163.6	31.365583	15.117624	62.59409	-16.964113	690000	4.967054e-09	30.179407	-0.00739233	-5.7192535	0.30622748	0.015549667	0.07300731	11.0	2021.0577030181885
69	92.776665	7.380614	100.0	50.2	164.95	31.05981	15.221416	62.16434	-2.9095306	700000	4.8428774e-08	30.028809	-0.008463866	-5.152025	0.31033328	0.016524998	0.07180718	11.0	2051.571363925934
70	94.0459	4.460595	100.0	83.2	159.44263	31.446594	14.931655	62.35266	-8.19347	710000	8.381903e-09	21.99534	-0.0045368164	-3.7545328	0.30122963	0.016804272	0.06630663	7.0	2081.5685951709747
71	95.01613	3.9974668	100.0	80.2	156.85484	32.34892	15.177154	63.66548	-0.48724604	720000	-2.2351742e-08	19.775314	-0.0041406886	-3.1800282	0.30406335	0.015610091	0.05290529	8.0	2110.786084651947
72	94.11475	4.973037	100.0	80.2	161.01639	32.28823	15.126198	64.00712	-1.8050448	730000	1.2417635e-09	26.230738	-0.005125738	-4.0002656	0.3073759	0.015107814	0.055405542	7.0	2139.9024839401245
73	93.88525	5.745699	100.0	73.0	159.98361	31.941853	15.049337	63.468388	-15.6421585	740000	9.313226e-09	28.714119	-0.008589593	-4.9976506	0.30327666	0.015265976	0.07040704	23.0	2168.32870721817
74	93.904915	4.959192	100.0	80.2	160.54099	31.994165	14.731387	63.450565	-0.09245694	750000	-2.2351742e-08	22.803202	-0.008758454	-3.6993892	0.29774487	0.01520132	0.06880688	21.0	2195.7796697616577
75	94.098366	4.8746414	100.0	75.4	162.37704	31.383535	15.36038	63.63933	-8.079151	760000	7.450581e-09	25.94323	-0.007461538	-4.200882	0.30504283	0.015017006	0.08210821	11.0	2225.6885421276093
76	93.84918	5.398076	100.0	73.6	159.68852	32.17787	14.762345	62.96488	-7.791407	770000	-1.6142925e-08	24.34643	-0.0067495345	-3.8183434	0.30758592	0.015944881	0.08070807	10.0	2252.8957176208496
77	94.55082	4.0672474	100.0	83.8	157.80328	32.340168	14.905582	62.0289	-1.894015	780000	8.692344e-09	20.169638	-0.006034954	-2.3061593	0.30777416	0.01655137	0.07950795	11.0	2282.506511449814
78	93.973335	5.024668	100.0	78.0	163.5	32.168877	14.99791	64.32584	-0.20625126	790000	1.8626451e-08	30.774092	-0.006669907	-6.005203	0.30939186	0.015575861	0.06520652	13.0	2311.3440446853638
79	91.81639	16.44888	100.0	-30.0	161.2295	31.202633	15.528064	64.2391	-11.501747	800000	7.450581e-09	58.310913	-0.0045452355	-19.947517	0.31288704	0.01592983	0.043904394	6.0	2339.823233604431
80	93.69334	6.280071	100.0	62.2	161.33333	31.335882	14.978339	58.972374	-10.393328	810000	-3.8494665e-08	23.454302	-0.005325731	-3.8819802	0.3114993	0.015320177	0.061906192	9.0	2367.733681678772
81	93.87667	6.1493735	100.0	65.2	162.81667	31.389353	15.76046	63.035866	-44.767433	820000	6.208817e-09	26.416143	-0.0072856876	-6.4563923	0.31011382	0.016438054	0.089908995	13.0	2396.802984714508
82	93.14386	5.8598547	100.0	78.0	170.57895	30.869606	15.098119	61.886223	-18.51356	830000	-7.450581e-09	29.461649	-0.012484298	-5.932345	0.30409572	0.015165471	0.09370937	37.0	2425.8757638931274
83	93.20678	5.9252944	100.0	70.0	165.11864	30.73761	15.33151	64.52958	-4.772521	840000	5.9371814e-09	33.043636	-0.011852934	-5.2546597	0.30928552	0.015129435	0.07970797	38.0	2454.940648317337
84	93.41053	5.4894376	100.0	77.8	167.91228	30.788666	15.05471	64.01292	-6.356271	850000	1.7384687e-08	28.18102	-0.010792729	-3.7574074	0.32363322	0.015067853	0.088208824	31.0	2486.3308725357056
85	92.90666	5.785207	100.0	77.8	165.58333	30.808565	15.444767	64.352684	-4.6426086	860000	1.4280279e-08	31.9906	-0.0062761363	-4.650476	0.3195941	0.015589585	0.06270627	9.0	2514.34285736084
86	93.96334	4.5910773	100.0	79.6	162.45	31.39416	14.762061	62.781216	-4.410986	870000	-3.7252903e-09	22.525946	-0.0066172355	-2.8206513	0.31549808	0.015689304	0.07360736	14.0	2542.7642493247986
87	94.136665	5.113315	100.0	73.0	163.23334	31.662683	14.918796	63.439243	-1.5204443	880000	1.2417635e-09	26.575369	-0.0073181144	-2.8535473	0.3150377	0.015355942	0.087408744	13.0	2571.055590867996
88	94.16721	4.7760577	100.0	82.6	160.57378	32.0291	14.610107	63.582302	-20.49699	890000	-1.7384687e-08	22.241432	-0.012009588	-3.9651043	0.31650293	0.015384845	0.08410841	31.0	2598.342380285263
89	93.87333	5.014375	100.0	82.0	162.73334	31.128338	15.466988	63.58728	-26.135765	900000	-1.3038516e-08	27.633596	-0.010186273	-4.512531	0.31593618	0.01573549	0.07680768	16.0	2629.291568994522
90	93.19661	6.0212607	100.0	76.0	167.23729	30.879633	15.301115	62.888893	-0.4534632	910000	0.0	29.776117	-0.0110428035	-4.568503	0.31141227	0.015104729	0.08870888	36.0	2658.773116827011
91	94.61967	4.515577	100.0	74.0	160.45901	31.294104	14.977282	64.12207	-6.9456882	920000	2.483527e-09	27.018671	-0.006337173	-4.4691167	0.314846	0.015374442	0.06040604	13.0	2686.0033967494965
92	93.19323	5.7495723	100.0	80.2	167.08475	31.569939	14.743403	63.790546	-1.3074253	930000	-3.663202e-08	29.169886	-0.006757365	-7.5777287	0.31251732	0.015895693	0.06580658	12.0	2716.2342371940613
93	93.93793	4.7860727	100.0	80.8	164.81035	29.770884	16.200748	62.722565	-27.220009	940000	-3.7252903e-09	25.465034	-0.004349007	-5.490486	0.31078777	0.01614066	0.05790579	6.0	2746.243339776993
94	93.18033	5.915992	100.0	78.4	163.4754	31.13382	15.427651	60.230614	-6.6823044	950000	2.902622e-08	27.804941	-0.0060970257	-5.763988	0.31770507	0.016495725	0.08820882	6.0	2776.0704085826874
95	93.65424	4.9680786	100.0	78.4	164.22034	31.556578	14.556877	62.948807	-17.615696	960000	-2.7318796e-08	26.471329	-0.007583054	-5.489019	0.3058659	0.015209079	0.07870787	14.0	2804.7320063114166
96	93.813126	5.629066	100.0	76.0	160.14754	31.643917	15.139361	64.204285	-0.7504008	970000	2.4835268e-08	26.76021	-0.0074156844	-4.2960243	0.30776134	0.015140648	0.083208315	13.0	2835.8307688236237
97	93.78333	5.1893854	100.0	78.0	161.8	31.680267	15.009374	63.1477	-16.93328	980000	8.940697e-08	25.636564	-0.0053173285	-3.374211	0.30366948	0.01502622	0.050505053	7.0	2864.9851825237274
98	93.76721	4.591108	100.0	82.0	161.04918	31.754732	14.747989	62.660866	-0.13249815	990000	-2.3593506e-08	22.876383	-0.006902303	-2.8183525	0.30593565	0.01535926	0.08180818	12.0	2895.557949781418
99	93.87796	4.6200767	100.0	82.6	165.98305	31.350168	15.241584	62.742764	0.26429486	1000000	9.934108e-09	27.127153	-0.008369437	-5.1030107	0.3058908	0.015757078	0.082908295	17.0	2923.7333188056946
100	93.01428	5.9213724	100.0	74.0	173.23215	30.747223	14.664682	63.26207	-0.9251281	1010000	-3.228585e-08	28.812803	-0.009679914	-6.845678	0.31741992	0.01502904	0.07490749	17.0	2954.322786092758
101	93.666664	5.3124595	100.0	77.2	164.51666	30.722565	15.00479	62.858524	-1.9478315	1020000	1.7384687e-08	29.543314	-0.00699772	-5.6606956	0.32992455	0.015770357	0.0770077	9.0	2980.9521386623383
102	94.27742	4.8060923	100.0	80.2	158.54839	31.881079	14.562561	63.63145	-0.928198	1030000	-4.0357313e-09	21.660223	-0.0062329457	-2.7540333	0.3188664	0.015667154	0.083708376	10.0	3012.253436088562
103	93.2	5.935587	100.0	76.0	164.52542	31.658302	14.854638	63.282322	-7.3418093	1040000	-1.9868216e-08	25.684332	-0.0075985645	-4.0130715	0.31515744	0.016168542	0.07750776	12.0	3041.214822769165
104	93.61	5.456302	100.0	75.4	161.88333	31.512405	14.706821	62.118534	-19.070812	1050000	2.20413e-08	29.343271	-0.00672918	-6.696827	0.32101977	0.015047431	0.07830783	10.0	3068.900691986084
105	93.42334	5.149898	100.0	78.4	161.55	31.606228	15.148147	63.24382	0.25110102	1060000	-7.450581e-09	28.983393	-0.008545757	-5.161907	0.32710302	0.015076135	0.097809784	15.0	3096.7764086723328
106	95.02295	3.3714519	100.0	88.0	160.4918	31.944996	14.548786	64.08519	-1.2731735	1070000	-9.313226e-09	22.546118	-0.005891476	-4.5625663	0.32944408	0.015629428	0.07280728	14.0	3126.1508741378784
107	93.311874	7.439088	100.0	54.0	163.55933	31.923595	15.286801	63.806225	-12.121784	1080000	3.4769375e-08	33.248695	-0.00561725	-8.248792	0.34302965	0.01506522	0.09560957	6.0	3154.021632671356
108	94.36066	4.4943414	100.0	77.2	161.63934	31.349953	15.108611	63.879368	-5.556102	1090000	2.483527e-09	25.484613	-0.0104879765	-5.5144997	0.34908113	0.01513033	0.08890889	24.0	3181.864014863968
109	93.31864	8.603517	100.0	35.8	165.98305	31.3041	15.618916	63.47016	-17.35517	1100000	1.9868216e-08	33.36675	-0.010487775	-8.488111	0.33482826	0.015505846	0.06780678	15.0	3210.6090953350067
110	93.81334	4.783007	100.0	80.2	161.88333	31.913893	14.896019	62.728554	-10.182665	1110000	5.3395826e-08	28.208847	-0.007158702	-5.108318	0.3374658	0.015434531	0.08890889	9.0	3242.740356683731
111	93.996666	4.6546736	100.0	80.0	162.3	31.49759	15.200764	63.246696	-5.3568873	1120000	3.4148496e-08	26.602583	-0.009080605	-3.517915	0.3373619	0.015335855	0.08150815	18.0	3272.053475856781
112	93.90509	4.9376254	100.0	77.8	166.33899	31.266117	15.162632	63.87374	-7.1801753	1130000	1.2417635e-09	22.695099	-0.007626531	-2.2699795	0.34018102	0.015416503	0.088108815	12.0	3299.527012825012
113	93.74915	4.5930815	100.0	79.0	167.54237	31.0733	15.293702	63.43835	-9.099947	1140000	-4.0978193e-08	22.875275	-0.0093585765	-2.687896	0.34448734	0.0150345	0.07780778	24.0	3328.2802991867065
114	93.79017	4.959961	100.0	80.8	161.78688	31.38507	14.745346	62.571827	-2.4691944	1150000	-1.2417634e-08	21.957153	-0.008428273	-2.9640667	0.35047045	0.015050411	0.0810081	11.0	3357.963283777237
115	94.04069	4.9423494	100.0	78.0	165.8983	31.473423	14.998012	63.390175	-1.5506145	1160000	-3.7252903e-08	23.521032	-0.00923115	-2.7229073	0.34852824	0.015156564	0.078707874	17.0	3385.4805369377136
116	93.19661	7.0836635	100.0	51.4	167.13559	30.757835	15.418836	63.25752	-3.808559	1170000	1.4901161e-08	34.979843	-0.0091501	-7.2879405	0.35198984	0.015941646	0.08090809	14.0	3415.126987218857
117	92.85424	7.2158804	100.0	58.0	166.47458	30.804182	15.126869	64.301735	-1.2056491	1180000	3.7252903e-09	28.092964	-0.0075279325	-4.3168507	0.34175816	0.01598627	0.080408044	10.0	3444.332083463669
118	93.14915	5.9709573	100.0	68.0	166.18645	30.656729	14.687397	62.74203	-19.622663	1190000	2.8560558e-08	31.432089	-0.008369236	-4.728191	0.35209557	0.015175547	0.085608564	11.0	3469.987841129303
119	93.36272	6.3390613	100.0	71.2	167.30508	30.64796	15.18278	63.458458	-7.9481483	1200000	5.5879354e-09	31.551111	-0.009684547	-5.618714	0.35234305	0.015205192	0.085508555	17.0	3501.3313312530518
120	93.45518	4.8041353	100.0	82.0	170.67241	30.620283	15.281711	63.288723	-8.042459	1210000	-4.656613e-09	25.657461	-0.007138291	-4.1748395	0.34623095	0.016966023	0.08190819	9.0	3528.6812601089478
121	92.92542	7.410748	100.0	52.0	167.37288	30.861773	14.53407	62.90311	-17.247463	1220000	7.450581e-09	29.310678	-0.012588044	-4.883978	0.3540034	0.015250231	0.108110815	38.0	3558.1494812965393
122	91.81035	14.397242	100.0	-10.0	167.6207	30.53392	15.066886	63.979	-23.21842	1230000	7.450581e-09	72.12302	-0.008896773	-22.87397	0.35697308	0.015868055	0.08340833	15.0	3588.474534511566
123	93.62414	5.447186	100.0	70.6	169.18965	29.971302	15.192364	61.672855	-32.350502	1240000	-3.1044085e-08	30.06041	-0.008363914	-7.2627873	0.3511306	0.015135847	0.08250824	12.0	3615.88964343071
124	94.316666	4.4556017	100.0	82.0	163.8	31.160872	14.574667	63.66804	-5.010957	1250000	-1.1175871e-08	27.750137	-0.00648894	-3.6888523	0.35384274	0.015362784	0.07930793	11.0	3646.419000864029
125	94.25	4.145942	100.0	82.6	163.5	31.686914	14.5089655	62.948524	-3.7778	1260000	1.7384687e-08	23.343971	-0.007307943	-4.3534966	0.35395303	0.015672209	0.08220822	11.0	3674.649298429489
126	94.24918	5.2442822	100.0	67.0	159.57378	31.855202	14.803245	63.595425	-2.9902318	1270000	-2.3283064e-08	24.960276	-0.0065763667	-3.029637	0.3469545	0.015063751	0.09940994	12.0	3703.467960357666
127	93.7695	5.432584	100.0	76.0	166.52542	31.5193	15.034415	62.760025	-9.400351	1280000	-8.304293e-09	30.165247	-0.010492742	-4.2201176	0.34631073	0.015575747	0.097709775	24.0	3732.853086948395
128	94.57	4.9896994	100.0	73.6	159.21666	32.174507	14.112492	62.961067	-5.656333	1290000	4.967054e-09	23.8248	-0.009071201	-3.010847	0.3429818	0.016020479	0.08420843	15.0	3762.0383625030518
129	94.4	4.9935956	100.0	81.4	161.43333	32.12452	15.003948	63.35459	-20.763248	1300000	1.7384687e-08	23.486715	-0.0065301345	-3.0722466	0.3459667	0.01515915	0.061606158	9.0	3789.8107578754425
130	94.66557	4.9512672	100.0	80.0	160.86885	32.137142	14.829991	63.504234	-2.2640371	1310000	2.4835268e-08	23.772879	-0.005945659	-3.2171104	0.344059	0.016293885	0.09840984	9.0	3819.2960987091064
131	94.11525	5.3745413	100.0	75.4	166.42372	31.719826	14.891504	62.94145	-32.36929	1320000	-1.2417635e-09	26.94181	-0.007930419	-3.9131043	0.3464065	0.015884327	0.07960796	16.0	3848.096382856369
132	94.53872	4.533686	100.0	80.2	159.2742	31.791767	14.653435	63.938217	-9.47311	1330000	6.829699e-08	22.830484	-0.010430188	-3.141641	0.35280132	0.015059358	0.092409246	28.0	3877.5483927726746
133	94.90164	3.9343166	100.0	83.8	159.78688	32.27662	14.873574	63.10632	-12.838476	1340000	6.61239e-08	21.164457	-0.00875717	-1.9184679	0.33660498	0.015223767	0.09680968	30.0	3905.395522594452
134	93.2	5.9227242	100.0	70.0	163.2	32.037903	15.117285	63.393654	-13.506783	1350000	5.0912302e-08	30.386908	-0.007541871	-5.6539555	0.33815488	0.015216188	0.07880788	10.0	3935.0919811725616
135	94.416664	4.55343	100.0	73.6	164.28334	31.270096	14.844723	66.46982	-6.534122	1360000	1.4901161e-08	33.163467	-0.005877316	-6.433636	0.34067193	0.015325904	0.07410741	9.0	3964.3100826740265
136	94.7	5.0438743	100.0	68.2	163.13333	31.667944	14.373467	64.47972	-1.602433	1370000	-4.967054e-09	27.3287	-0.006491464	-4.361496	0.33621725	0.015061212	0.08350835	10.0	3992.961442708969
137	94.41333	4.92177	100.0	82.0	163.01666	32.248775	14.536901	63.699604	0.5869045	1380000	-1.6142925e-08	25.217417	-0.00956612	-2.6599712	0.335544	0.015081205	0.07970797	25.0	4023.59512758255
138	92.348274	7.059995	100.0	68.0	168.6207	31.410347	15.098629	63.503895	-4.347773	1390000	5.5879354e-09	40.829403	-0.0066342186	-10.578231	0.3296591	0.015158765	0.0710071	9.0	4053.7053830623627
139	94.39655	5.2025843	100.0	70.0	167.32759	30.24039	15.4923725	63.64841	-7.629983	1400000	-5.153318e-08	31.195116	-0.005862323	-5.5998044	0.33471307	0.015244618	0.07270727	11.0	4083.1332683563232
140	94.057625	6.8132524	100.0	55.6	165.05084	31.372587	15.357706	64.02686	-38.44764	1410000	-2.9802322e-08	33.714817	-0.007664332	-7.2179427	0.34019375	0.015775105	0.08210821	10.0	4110.311824560165
141	93.293106	7.660037	100.0	47.8	167.15517	30.552776	15.85379	63.273376	-28.303692	1420000	1.8626451e-09	33.573032	-0.0071969167	-7.6527047	0.3278606	0.015502912	0.061406136	7.0	4138.823451519012
142	93.74385	4.676294	100.0	80.8	170.3158	30.78887	14.642005	60.407635	-17.467781	1430000	3.4769375e-08	25.648193	-0.00751946	-4.2732186	0.33386645	0.015223497	0.08040804	12.0	4167.48717880249
143	93.88421	5.1727962	100.0	70.0	171.9649	30.166922	15.095805	62.5063	-3.9621317	1440000	-7.450581e-09	29.175028	-0.013736148	-3.6720333	0.33455464	0.01399828	0.087508745	79.0	4200.305157423019
144	93.88475	5.8908954	100.0	70.0	167.86441	30.605675	14.966714	63.89761	-0.16902888	1450000	2.12652e-08	29.515192	-0.009625938	-3.5367038	0.34349206	0.015594132	0.083108306	12.0	4230.540066719055
145	94.38304	5.127035	100.0	78.0	165.71187	30.978392	14.998532	64.11915	-13.41707	1460000	-1.0554989e-08	28.54706	-0.0068200096	-4.613852	0.33572868	0.015503596	0.082008205	11.0	4258.463198900223
146	94.21379	5.4380345	100.0	76.0	169.15517	31.251957	14.849075	62.27278	0.32366478	1470000	1.8626451e-08	30.261545	-0.00881754	-4.205225	0.33254758	0.015387786	0.077807784	15.0	4288.889037132263
147	95.21334	4.057728	100.0	78.0	162.46666	31.358414	15.13741	63.845837	1.7463377	1480000	-2.483527e-09	18.980211	-0.0068442808	-2.5759695	0.3415543	0.016147738	0.08520851	15.0	4319.821885347366
148	94.32666	5.2812834	100.0	70.0	161.43333	32.362415	14.870272	63.744133	-9.02451	1490000	7.450581e-09	27.462057	-0.0073358607	-4.026377	0.3349217	0.015342963	0.08350835	13.0	4349.031594753265
149	91.71228	15.931565	100.0	-20.0	172.1228	30.2026	16.18063	63.346027	-18.902283	1500000	-2.2351742e-08	47.108353	-0.007981715	-20.37201	0.33337757	0.015327983	0.10351035	12.0	4377.44482088089
150	93.705086	6.20381	100.0	69.4	162.84746	30.926994	15.240305	62.616188	-11.630083	1510000	4.967054e-09	27.420912	-0.013337743	-4.6338296	0.35241666	0.01531262	0.10111012	34.0	4407.091062068939
151	94.920006	3.8124707	100.0	85.6	160.33333	31.778812	14.961317	62.77275	-6.0759983	1520000	-1.4280279e-08	22.126822	-0.009596313	-3.5290935	0.3465843	0.01517646	0.07850785	14.0	4433.771711349487
152	95.13	3.985277	100.0	82.0	163.93333	32.04271	14.992447	62.857407	-2.179038	1530000	1.1175871e-08	25.744154	-0.0072675687	-3.2115822	0.35441366	0.015512508	0.0861086	12.0	4460.736038446426
153	94.473335	4.9113426	100.0	76.6	162.7	32.171024	14.629763	63.709663	-14.82433	1540000	-1.4901161e-08	25.885096	-0.0101533355	-3.73762	0.3703123	0.0154909	0.084708475	21.0	4490.199804782867
154	94.53666	4.595866	100.0	80.0	164.5	31.955761	15.013408	63.32251	-0.2525941	1550000	2.483527e-09	24.593391	-0.0068597165	-3.8901596	0.3559754	0.0151981935	0.080208026	12.0	4517.061127662659
155	95.02295	4.328495	100.0	76.0	158.5082	32.122337	14.9692545	63.261887	-4.046672	1560000	-4.1288633e-08	23.198935	-0.005812835	-3.8766785	0.35681418	0.015195638	0.06530654	9.0	4547.429022073746
156	94.26333	4.598332	100.0	80.0	163.53334	32.161076	15.175791	63.17848	-25.134527	1570000	-3.228585e-08	27.566187	-0.007482697	-4.6327014	0.35730878	0.015352234	0.0940094	8.0	4576.143990039825
157	93.9695	5.02007	100.0	79.6	162.23729	31.567429	15.153345	63.25225	-1.6598976	1580000	-1.2417634e-08	23.845003	-0.006955842	-3.7015324	0.33940625	0.015435443	0.09520952	11.0	4606.479252099991
158	95.52333	3.2827003	100.0	86.0	161.73334	31.886358	14.877186	63.605442	-0.24540985	1590000	-2.0178655e-08	22.867989	-0.012629025	-4.0620694	0.33362973	0.015106413	0.09030903	66.0	4637.304364204407
159	94.2678	5.0736423	100.0	81.4	165.69492	32.27253	15.077726	64.285835	-11.9970255	1600000	1.27280755e-08	23.650797	-0.007215095	-4.222854	0.35319486	0.015809333	0.07420742	9.0	4663.587812900543
160	93.898315	6.418551	100.0	61.0	165.9661	31.18284	15.545835	63.104076	-17.363657	1610000	-1.8626451e-08	26.550812	-0.012401613	-3.7627475	0.34706792	0.015020122	0.09470948	50.0	4694.22718834877
161	94.913795	4.209859	100.0	80.2	164.72414	30.55403	15.639954	62.518818	-26.358074	1620000	4.40826e-08	29.696726	-0.007283388	-4.511631	0.34410223	0.016030401	0.085708566	10.0	4724.523196697235
162	93.50169	8.633429	100.0	43.6	165.18645	31.303713	14.937847	63.153786	-5.9056497	1630000	6.953875e-08	39.43304	-0.007985967	-8.4715605	0.34759143	0.015979998	0.088408835	9.0	4750.77120757103
163	94.822945	4.176609	100.0	76.6	161.5246	31.337458	15.388688	64.29935	-6.0579243	1640000	-8.81652e-08	30.136057	-0.008858233	-6.8319316	0.35793686	0.015298851	0.08540854	11.0	4779.873576879501
164	94.57	4.4600186	100.0	84.0	162.96666	32.486008	14.632991	64.57728	-5.8391547	1650000	-4.4703484e-08	25.27226	-0.0069428594	-4.160772	0.35062596	0.015651999	0.07830784	9.0	4807.599968671799
165	93.71071	5.45788	100.0	76.0	173.875	30.489458	15.773143	63.757694	-38.394535	1660000	-3.973643e-08	37.354656	-0.006579291	-13.523303	0.35360852	0.017951222	0.06010601	5.0	4834.92230629921
166	94.67242	4.671808	100.0	76.6	167.72414	30.763418	15.383912	63.09103	-9.401701	1670000	4.967054e-09	28.447226	-0.007044206	-4.6380277	0.35338464	0.016491346	0.09490949	9.0	4862.6651265621185
167	94.07586	5.0775814	100.0	77.2	169.34483	30.927958	15.351253	63.173153	-5.568641	1680000	-1.6298145e-08	29.699219	-0.0070066922	-6.052166	0.3318282	0.016460653	0.07910791	8.0	4889.907109260559
168	94.64666	4.3132925	100.0	78.4	161.93333	31.595392	14.939348	63.0354	-4.2768908	1690000	3.9115548e-08	24.909243	-0.004815828	-6.1927037	0.32562405	0.015748275	0.06510651	7.0	4920.037001132965
169	93.36207	6.1892514	100.0	70.0	167.06897	31.090073	15.649617	63.798946	-2.3587055	1700000	-5.4637592e-08	26.428537	-0.008867093	-5.028244	0.3187642	0.015703076	0.0739074	14.0	4948.504743099213
170	95.065575	4.4935975	100.0	78.0	161.45901	31.190138	15.095533	63.33055	-2.01262	1710000	4.284084e-08	23.619371	-0.007562075	-4.381764	0.31974053	0.015124454	0.078707874	12.0	4979.572683095932
171	94.083336	4.6908836	100.0	82.0	163.01666	32.15423	15.22257	63.722183	-3.6225548	1720000	-1.3659398e-08	22.261787	-0.005901812	-3.2546577	0.3225055	0.015762554	0.06780678	9.0	5005.714205265045
172	94.37666	4.859093	100.0	81.4	162.65	31.663572	15.294559	63.564754	-7.550482	1730000	1.4901161e-08	23.040527	-0.0058176946	-3.251171	0.3331486	0.015304233	0.08710871	10.0	5033.172896623611
173	93.09824	8.734214	100.0	42.4	172.92982	29.92892	16.13107	62.8413	-35.2745	1740000	-1.1175871e-08	35.796913	-0.0060694846	-7.0930424	0.335686	0.015601362	0.07850785	6.0	5059.861361503601
174	93.8339	4.633284	100.0	81.4	165.15254	31.246038	14.877311	59.864388	-9.432703	1750000	4.346172e-08	29.409689	-0.0068639047	-4.9102645	0.33953798	0.015501362	0.0720072	9.0	5089.505386829376
175	94.38305	4.544214	100.0	81.4	164.94916	31.3786	14.9831505	63.738346	-22.471493	1760000	-3.3527613e-08	26.510956	-0.0077362773	-4.2472177	0.33954546	0.016979633	0.08970898	11.0	5119.109042406082
176	94.95082	4.5030637	100.0	76.6	160.0	32.498238	14.461716	62.934834	-15.375805	1770000	4.967054e-09	24.491043	-0.0064640134	-3.314853	0.3418884	0.015526601	0.07440744	9.0	5147.773781299591
177	94.83607	4.1744747	100.0	78.4	161.04918	32.177204	14.896315	62.722507	-19.750473	1780000	3.1044085e-09	23.971022	-0.009309638	-2.585727	0.3297042	0.015165987	0.09710971	21.0	5176.692138671875
178	94.8164	4.3386626	100.0	78.4	160.45901	32.57984	14.492683	63.538555	-0.26045418	1790000	5.122274e-09	26.493034	-0.0066438112	-4.174642	0.3374754	0.015090552	0.07270727	11.0	5207.035226583481
179	94.00727	4.6887045	100.0	84.0	175.67273	30.55184	15.176141	63.47148	-0.9683269	1800000	-1.4901161e-08	28.954758	-0.00584341	-5.237366	0.33440462	0.01638688	0.08330833	10.0	5235.987596273422
180	94.19661	4.738947	100.0	79.0	164.64407	31.38249	14.504502	63.33262	-3.475886	1810000	3.228585e-08	27.140623	-0.008054803	-4.3867226	0.33759758	0.015233607	0.094409436	13.0	5264.25106716156
181	92.78965	14.359686	100.0	-10.0	167.75862	31.166393	15.464183	64.03113	-22.037569	1820000	1.9868216e-08	70.041695	-0.006602242	-38.588745	0.34614798	0.015937665	0.07590759	8.0	5290.912019729614
182	94.53	4.263304	100.0	84.0	163.15	31.916363	14.679948	62.543125	0.07650137	1830000	1.8626451e-08	26.416101	-0.0070526763	-3.9975865	0.34081218	0.015099924	0.07970797	12.0	5320.204481601715
183	93.444824	6.250743	100.0	71.2	168.67241	31.43078	14.97622	63.218136	-12.533099	1840000	-5.1843625e-08	33.123726	-0.008312235	-6.6060276	0.3463656	0.015310534	0.090809084	11.0	5348.687376022339
184	93.97143	5.216379	100.0	80.0	172.44643	30.59622	14.745342	63.991535	-4.6761117	1850000	9.313226e-09	29.539297	-0.009824005	-5.9208074	0.33575156	0.015169087	0.08710871	21.0	5377.313038825989
185	94.638596	4.5756702	100.0	84.0	170.33333	30.984247	14.898282	63.19907	-17.43177	1860000	-3.4924597e-10	22.749052	-0.0074598077	-3.873792	0.3493178	0.015455506	0.07980799	12.0	5404.138065814972
186	94.4	4.68188	100.0	84.0	166.59322	31.527813	14.685975	63.644825	-6.008017	1870000	3.7252903e-09	25.18714	-0.007840776	-2.8470776	0.33741757	0.0150495125	0.077107705	14.0	5431.415014028549
187	93.75172	5.2855444	100.0	82.0	168.63792	31.549074	14.697633	63.64328	-5.592452	1880000	-1.6142925e-08	29.842527	-0.008854643	-4.4702134	0.33382192	0.01543918	0.086508654	12.0	5460.525918960571
188	94.650856	4.7309427	100.0	80.0	165.22034	31.462896	14.904345	63.710747	-16.16376	1890000	-3.3527613e-08	22.603317	-0.005972344	-2.6990042	0.33175132	0.01741487	0.085508555	9.0	5489.314283132553
189	93.89474	5.2010937	100.0	80.0	170.2807	31.253138	15.093196	64.155365	-3.8886452	1900000	-2.7318796e-08	26.73189	-0.005418925	-3.241378	0.3352557	0.015142761	0.07040704	9.0	5516.527863740921
190	93.94138	5.7095213	100.0	74.8	166.98276	30.90046	14.859358	63.506557	-3.5331292	1910000	1.4901161e-08	24.00738	-0.0068585933	-2.394969	0.3309236	0.015340011	0.092009194	12.0	5546.460218667984
191	94.128815	4.6967373	100.0	82.0	165.91525	31.529394	14.934988	63.43841	-3.6847754	1920000	1.6763806e-08	26.41558	-0.009564368	-2.3723419	0.3332326	0.015169099	0.096009605	25.0	5573.378123998642
192	94.23729	4.7349367	100.0	82.0	165.42372	31.502522	14.7541485	63.72297	-3.3973985	1930000	-2.483527e-09	25.293005	-0.0077359886	-3.9196198	0.33309022	0.015683817	0.06530654	11.0	5601.683394670486
193	94.993645	4.547732	100.0	80.2	157.79366	31.974329	14.873238	63.546047	-8.232626	1940000	4.284084e-08	21.075888	-0.0069010896	-2.9591587	0.33147475	0.01685361	0.072507255	8.0	5631.027225494385
194	94.59334	4.473472	100.0	81.4	162.85	32.289886	14.887592	64.05967	-5.9775667	1950000	2.483527e-09	23.437689	-0.007263756	-3.7222984	0.32303178	0.015831234	0.087508745	12.0	5659.383327245712
195	93.537704	13.886214	100.0	-10.0	160.65573	31.86432	15.2166815	64.17375	-21.235424	1960000	-2.2351742e-08	58.833782	-0.010350446	-16.39445	0.32600057	0.015250242	0.09370937	36.0	5690.150685310364
196	94.96999	4.796502	100.0	78.0	163.81667	31.252417	15.31714	61.91833	-8.006201	1970000	1.2417635e-09	24.624804	-0.007245218	-5.3333354	0.3416617	0.015610572	0.07870787	11.0	5719.05459189415
197	94.9	4.6508064	100.0	82.0	163.81667	31.888384	15.16159	64.119675	-3.1342778	1980000	-4.346172e-09	25.460241	-0.0077266074	-2.510645	0.33398208	0.015238886	0.08190819	13.0	5747.888768911362
198	94.901695	4.2474914	100.0	82.0	165.37288	31.811403	14.976903	64.45877	-7.3461294	1990000	2.2895014e-08	25.33927	-0.0070472434	-2.3365524	0.32761338	0.015792245	0.073407345	16.0	5775.998954534531
199	94.39016	4.675352	100.0	82.0	163.21312	31.96898	14.7723875	64.725204	-2.8910189	2000000	-8.529363e-08	23.72537	-0.007967207	-3.165437	0.33090758	0.015076943	0.097209714	17.0	5804.415871620178
200	93.9356	5.8426185	100.0	71.8	165.33899	31.479204	15.149207	64.21959	-3.5497124	2010000	9.934108e-09	27.887491	-0.0067463354	-3.3878632	0.33160537	0.015205662	0.06830683	12.0	5832.4271068573
201	94.59661	4.4932327	100.0	82.0	165.52542	31.314445	15.044657	64.55224	-1.3266517	2020000	3.616636e-08	26.050314	-0.008971862	-4.1048427	0.33006057	0.015860321	0.09620962	26.0	5862.032856225967
202	94.38667	4.373536	100.0	82.0	161.95	31.975775	14.469176	64.13093	-10.411609	2030000	-2.561137e-08	21.0362	-0.00617679	-2.418541	0.3162909	0.015198674	0.061506152	16.0	5890.359776735306
203	94.39672	5.9203997	100.0	62.2	160.60655	31.939812	14.966122	63.619076	-40.89938	2040000	-3.228585e-08	24.924225	-0.007372582	-4.871858	0.3160584	0.015680367	0.09130913	14.0	5918.57427573204
204	94.63	4.74564	100.0	78.0	163.26666	31.79472	15.092152	63.24085	-10.547843	2050000	-7.326404e-08	23.907906	-0.009722617	-3.6264083	0.32016593	0.015041183	0.08710871	21.0	5947.728632450104
205	94.47458	4.5589023	100.0	82.0	165.42372	31.236814	15.659043	64.059395	-2.264138	2060000	4.035731e-08	23.709406	-0.0073547307	-3.0150948	0.31692848	0.015263985	0.07240724	14.0	5976.601389884949
206	95.19666	4.1455984	100.0	82.0	159.76666	32.29537	14.774133	63.87814	-0.9450171	2070000	1.2417634e-08	23.97097	-0.006813629	-3.3497696	0.3133097	0.015881168	0.08420842	13.0	6003.571860790253
207	94.94427	3.9831002	100.0	86.0	159.72131	32.62436	14.721864	64.37831	-0.44146585	2080000	-6.146729e-08	22.18399	-0.006039625	-3.4106941	0.32099771	0.015163106	0.052405242	9.0	6030.893387079239
208	94.93666	3.6207714	100.0	84.0	161.31667	31.908562	15.207296	64.0533	-21.213255	2090000	-1.3659398e-07	22.984186	-0.0076307817	-2.957597	0.31513488	0.015345958	0.06790679	19.0	6059.51017165184
209	94.760666	3.9594364	100.0	84.0	159.67213	32.403908	14.760993	63.925255	-6.6195636	2100000	2.4835268e-08	23.101656	-0.0057066916	-2.7891629	0.31628633	0.015165664	0.07540754	9.0	6087.0490572452545
210	92.56611	15.4385	100.0	-20.0	163.59322	31.761374	15.456487	64.1924	-35.202644	2110000	3.7252903e-09	50.78032	-0.0050554425	-18.003914	0.3085537	0.016108155	0.07370737	9.0	6113.779173135757
211	95.19355	4.4637556	100.0	80.0	158.25807	31.745584	15.106477	60.446804	-10.156019	2120000	-1.9247333e-08	23.291056	-0.006050419	-3.952851	0.31712326	0.015287176	0.07210721	13.0	6144.104380130768
212	94.81639	4.087934	100.0	86.8	159.96721	32.51626	15.161091	64.45799	-19.174295	2130000	4.2219956e-08	22.340963	-0.007851936	-2.6345959	0.32048836	0.01545475	0.06870687	17.0	6174.217092752457
213	94.83607	4.7084866	100.0	80.8	159.7377	32.448437	14.930924	63.609657	-17.19285	2140000	-6.829699e-08	22.886026	-0.0066532195	-3.1254551	0.32168093	0.0153302355	0.08190819	12.0	6201.146232843399
214	94.94515	4.785889	100.0	82.0	157.09677	32.651073	14.75752	62.81769	-13.752117	2150000	-4.725007e-08	21.900537	-0.0046528378	-3.4398882	0.31646952	0.016511127	0.09230923	11.0	6228.814970970154
215	93.93449	5.6097684	100.0	76.0	169.48276	31.714212	14.998943	62.60615	-14.413377	2160000	-9.934108e-09	31.1736	-0.010996695	-6.857271	0.32545313	0.015136511	0.091709174	24.0	6256.958365917206
216	93.922035	5.4474397	100.0	70.0	166.15254	30.974909	15.023311	64.58923	-6.4706926	2170000	7.0780516e-08	32.19318	-0.0058713243	-6.4625707	0.32388577	0.015702369	0.074307434	7.0	6285.718144893646
217	94.240685	4.5451827	100.0	82.0	163.84746	31.57352	14.781447	63.738293	-25.008451	2180000	-6.208817e-08	29.999136	-0.0059344894	-4.4390397	0.31541482	0.015296509	0.06800679	9.0	6313.856804847717
218	94.20667	4.7089934	100.0	80.8	163.7	31.781313	14.579493	63.65693	-20.342163	2190000	1.1175871e-08	27.939459	-0.008240417	-4.4649663	0.32384083	0.015088814	0.082208216	13.0	6343.421361923218
219	93.58965	6.550643	100.0	65.8	166.32759	31.240046	14.94639	63.211124	-0.38654804	2200000	-3.1044085e-08	34.017544	-0.00828497	-6.9079185	0.327477	0.015524082	0.07040704	9.0	6371.646590709686
220	95.13226	4.330379	100.0	78.0	159.3871	31.831772	14.887696	65.402084	-18.499304	2210000	4.0978193e-08	24.233221	-0.0065793856	-5.368036	0.3189741	0.017945094	0.08880889	10.0	6402.073411941528
221	94.09153	4.9791865	100.0	79.6	166.27118	32.035366	14.9674425	64.105194	-48.300056	2220000	-1.7384687e-08	28.428268	-0.0063566105	-5.6125355	0.3172232	0.015879251	0.07190719	10.0	6429.413799524307
222	94.41966	4.6339736	100.0	76.0	160.95082	31.820944	14.590029	63.561546	-6.7627573	2230000	1.9868216e-08	24.701515	-0.0076554604	-3.5427372	0.3235272	0.015025008	0.090609066	18.0	6456.599962949753
223	94.63	4.2241883	100.0	82.0	161.35	32.118046	14.7913885	64.0845	-0.9102135	2240000	-7.450581e-09	24.025213	-0.007565456	-2.5105965	0.31218207	0.016538583	0.07750776	13.0	6484.497427225113
224	93.73793	5.4609847	100.0	73.6	165.58621	31.42174	15.141631	64.44944	-8.51605	2250000	-2.2351742e-08	32.705715	-0.009362386	-5.214605	0.32052097	0.016145831	0.08100811	19.0	6513.277807474136
225	94.56394	4.001886	100.0	86.0	159.5246	31.902868	14.659592	64.08378	-2.0697746	2260000	-5.0912302e-08	25.351652	-0.012095164	-4.17239	0.3136215	0.015582205	0.09830984	62.0	6542.4012060165405
226	94.25574	5.0811296	100.0	81.4	158.45901	31.91587	15.231702	64.27179	-8.336986	2270000	-2.4835268e-08	23.120384	-0.007892323	-3.2887459	0.32874462	0.01575876	0.082908295	11.0	6571.517385959625
227	94.32334	4.2663164	100.0	84.0	161.81667	32.18607	14.924182	63.419132	-19.60751	2280000	1.7384687e-08	20.275526	-0.00912191	-2.7529151	0.33259597	0.016428089	0.08260826	17.0	6600.307640075684
228	94.8	4.2042837	100.0	84.0	162.75	31.605896	15.065013	63.864338	-4.5230045	2290000	-5.9604645e-08	26.164206	-0.0074223154	-4.445793	0.33276144	0.01660952	0.08060806	9.0	6630.0969932079315
229	92.56066	14.765481	100.0	-10.0	159.7377	32.321407	14.997975	63.24684	-35.267082	2300000	1.5211603e-08	68.91686	-0.005983727	-24.20093	0.32174864	0.015748575	0.07620762	11.0	6657.149807929993
230	94.83667	4.4237976	100.0	82.0	162.11667	31.739435	14.860713	62.489456	-11.6515875	2310000	-4.967054e-09	30.06539	-0.009236762	-7.093273	0.3116833	0.015293427	0.081908196	17.0	6683.096784114838
231	94.74426	5.8338895	100.0	62.2	160.81967	31.828415	14.916566	63.68893	-45.97834	2320000	-6.208817e-08	25.606344	-0.007131279	-4.0594063	0.31370145	0.015354839	0.0780078	15.0	6711.382169961929
232	94.616135	5.8818803	100.0	62.8	160.67741	31.952818	15.587187	62.875034	-51.72341	2330000	1.6453365e-08	27.590843	-0.009559531	-6.2521534	0.31199998	0.015044282	0.07690769	19.0	6741.683487415314
233	94.49333	5.2175937	100.0	69.4	162.2	32.120644	14.957176	62.860775	-4.0337124	2340000	-1.2417635e-09	25.131708	-0.0079476135	-3.570853	0.32480133	0.016158747	0.08960897	9.0	6771.083663225174
234	94.540985	5.287702	100.0	69.4	160.4754	32.08636	14.885172	64.356064	-34.82386	2350000	7.202228e-08	27.510597	-0.0068229586	-3.9524803	0.31282637	0.016365146	0.06550655	8.0	6797.454826831818
235	93.933334	7.5925107	100.0	58.6	161.65	32.032684	14.897966	62.205288	-34.237553	2360000	-1.6142925e-08	28.688995	-0.0077084415	-5.127318	0.31533605	0.015033134	0.07230723	11.0	6827.025202512741
236	94.76393	6.03786	100.0	58.6	161.5246	32.04026	14.849839	63.515285	-28.058735	2370000	-7.574757e-08	27.578413	-0.0055096857	-3.9243317	0.3122623	0.015378951	0.07860786	10.0	6855.449194431305
237	94.65423	4.465586	100.0	82.6	165.05084	31.810051	15.25562	62.9243	-21.33175	2380000	-3.7252903e-09	28.679321	-0.007736685	-6.548577	0.32591477	0.015096612	0.083008304	20.0	6882.941094875336
238	94.79672	4.296776	100.0	78.0	161.2623	32.13745	14.465015	63.47562	-7.5115623	2390000	-4.967054e-09	24.79304	-0.008193071	-2.6716442	0.32168388	0.015203956	0.06630663	19.0	6914.162771701813
239	95.34426	4.1952558	100.0	77.2	158.06557	32.310055	14.831074	64.30125	-7.1508327	2400000	-6.3329935e-08	21.781662	-0.006479354	-2.6920452	0.32633135	0.015283022	0.07360736	8.0	6942.000562906265
240	94.583336	4.603809	100.0	80.0	162.2	32.338608	15.006175	64.46951	-2.5300117	2410000	1.9868216e-08	21.186567	-0.0090359105	-3.3002903	0.31667784	0.015244621	0.07590759	33.0	6971.594370365143
241	95.03	4.3806887	100.0	82.0	163.16667	31.757668	15.426789	64.2696	-6.367125	2420000	2.7474016e-08	25.881544	-0.007673209	-4.1125145	0.32107314	0.015621199	0.06970697	13.0	7001.21511054039
242	93.9931	5.865735	100.0	72.4	167.3793	31.578485	15.077303	64.5127	-7.868643	2430000	-8.6302556e-08	27.390905	-0.0075425277	-3.5063865	0.32309127	0.015531167	0.068906896	12.0	7028.2604722976685
243	92.09492	14.539128	100.0	-10.0	164.88136	31.051758	15.182346	64.35416	-46.041843	2440000	-6.208817e-08	41.73881	-0.0058192722	-11.324256	0.31498206	0.015288282	0.06710672	9.0	7057.627871751785
244	95.18386	4.9413724	100.0	72.0	157.19354	31.994524	14.688771	61.22194	-16.379795	2450000	-7.605801e-09	27.264702	-0.006736212	-4.4877467	0.31234875	0.015660303	0.07580758	11.0	7086.554722547531
245	94.77	4.1735396	100.0	85.6	162.98334	32.33108	14.950294	63.96499	-0.684441	2460000	7.761021e-09	24.768877	-0.0065536126	-3.0723164	0.31084087	0.015009918	0.06350635	9.0	7113.747636795044
246	94.22951	4.567287	100.0	82.0	161.54099	32.34998	14.460982	64.432304	-9.430668	2470000	-1.7074248e-08	24.023611	-0.0076777446	-2.9725056	0.311484	0.015112065	0.0710071	15.0	7142.692535877228
247	94.420006	5.192135	100.0	78.0	163.2	31.276953	15.13176	63.467617	-18.41687	2480000	-1.47459405e-08	25.810415	-0.006752295	-3.7668717	0.31762192	0.0152955465	0.07080708	13.0	7172.369665384293
248	95.42903	3.4819067	100.0	84.0	158.08064	32.65931	14.222856	63.145054	-12.15104	2490000	-5.029142e-08	24.915148	-0.006684883	-2.4297924	0.3123345	0.015014113	0.075007506	18.0	7203.367861032486
249	95.11147	4.2098284	100.0	82.0	159.4918	32.52773	14.671689	64.27192	-1.7282714	2500000	1.800557e-08	27.390295	-0.0072754775	-3.5497272	0.31459734	0.015302628	0.0690069	12.0	7232.104125261307
