Epoch	AverageEpRet	StdEpRet	MaxEpRet	MinEpRet	EpLen	AverageVVals	StdVVals	MaxVVals	MinVVals	TotalEnvInteracts	LossPi	LossV	DeltaLossPi	DeltaLossV	Entropy	KL	ClipFrac	StopIter	Time
0	-24.638596	47.24266	84.7	-86.666664	489.5263	-4.773409	10.2473	26.625032	-40.12908	10000	-6.2088173e-10	137.4777	-0.02024974	-54.360382	1.3211151	0.01572965	0.123212315	10.0	22.880799293518066
1	-18.427084	39.151417	49.6	-73.333336	556.3125	-5.5572996	11.681538	24.065746	-43.34708	20000	-1.2417635e-09	146.83827	-0.016303679	-60.38902	1.3080367	0.015443993	0.113411345	13.0	43.795639991760254
2	-23.796667	42.85814	69.4	-93.333336	485.8	-5.6299796	9.67612	20.649706	-39.578575	30000	-8.692344e-09	126.45437	-0.028324828	-51.8647	1.2977079	0.015099645	0.14771478	32.0	66.13726687431335
3	-22.436842	51.204308	78.4	-93.333336	518.3158	-5.0875883	9.380322	24.17767	-45.43559	40000	-9.313226e-10	180.74593	-0.019010428	-74.03744	1.2527698	0.015189864	0.13021302	16.0	87.75961208343506
4	-16.97037	46.490116	82.9	-66.666664	503.5	-4.717508	11.889171	26.726868	-45.998413	50000	0.0	147.57854	-0.029932862	-61.24457	1.2967463	0.0151464315	0.17501752	38.0	109.99981045722961
5	-13.598039	47.85982	91.0	-66.666664	534.94116	-5.321247	11.185558	23.09924	-55.38143	60000	-1.1175871e-08	112.464	-0.025012443	-34.46509	1.2808493	0.015380214	0.15071507	24.0	131.62595748901367
6	-20.598148	47.795544	87.4	-73.333336	526.05554	-4.4881625	10.550915	26.462452	-51.17013	70000	-4.967054e-09	131.36055	-0.02697228	-44.761826	1.2805575	0.0151525065	0.15931593	33.0	154.06806468963623
7	-22.95614	45.846466	82.0	-86.666664	480.21054	-6.3009787	11.400339	24.9106	-55.551685	80000	-2.483527e-09	135.066	-0.019740583	-51.50856	1.2625536	0.015319888	0.13321333	16.0	175.63749241828918
8	-9.645832	49.713852	83.8	-73.333336	573.625	-4.751629	11.387508	23.58336	-55.904964	90000	-8.381903e-09	119.133385	-0.016482422	-61.368443	1.3074536	0.01552909	0.14671467	10.0	197.35082626342773
9	-16.72941	48.45928	68.5	-86.666664	543.17645	-3.2781389	9.974163	24.504187	-44.538265	100000	-1.8626451e-09	111.54452	-0.015302596	-37.3392	1.2794263	0.016153889	0.110011004	10.0	218.7374770641327
10	-22.068335	46.549583	81.1	-80.0	475.85	-4.873543	10.559014	23.940903	-47.70171	110000	2.483527e-09	133.26834	-0.024087956	-56.6208	1.30387	0.015127867	0.15071507	22.0	242.4612419605255
11	-14.949019	46.782345	76.6	-66.666664	565.17645	-6.05021	11.670105	25.26706	-38.781647	120000	-1.1796753e-08	124.79696	-0.019718947	-42.033504	1.2638494	0.01502575	0.14471447	16.0	265.981951713562
12	-23.99111	46.333466	86.5	-80.0	591.93335	-4.218933	10.965128	24.510267	-56.23119	130000	-7.450581e-09	124.51291	-0.012013331	-50.337147	1.2860676	0.016160225	0.10711071	8.0	287.4244945049286
13	-18.864815	50.67414	88.3	-93.333336	524.8333	-5.4231334	11.647647	22.753399	-54.385593	140000	1.7384687e-08	115.23111	-0.014955469	-55.356613	1.3059951	0.01505399	0.1209121	11.0	311.219003200531
14	-25.018335	47.083786	73.9	-93.333336	474.5	-4.776486	10.847494	28.655544	-41.871128	150000	-7.450581e-09	156.99251	-0.017089846	-54.260082	1.2774903	0.015665708	0.13391338	13.0	333.0469243526459
15	-10.7722225	47.84759	87.4	-73.333336	498.1111	-5.766431	10.482096	23.199892	-47.69682	160000	6.208817e-09	161.93379	-0.018986482	-67.30891	1.2943454	0.0150378235	0.14261426	14.0	354.9561815261841
16	-19.675438	49.813614	84.7	-80.0	506.6316	-3.8449605	11.586732	24.495275	-53.947224	170000	-8.692344e-09	151.14038	-0.021505142	-62.029205	1.2608579	0.015271193	0.14051406	19.0	377.21788001060486
17	-15.214815	42.676044	58.0	-80.0	509.44446	-5.0107512	10.746579	23.287529	-45.511738	180000	5.355105e-09	160.33813	-0.014943118	-81.80559	1.2826291	0.01560805	0.12701268	12.0	399.77225637435913
18	-17.372221	49.262558	78.4	-73.333336	516.2222	-5.2763286	9.994092	18.06968	-42.385094	190000	-7.450581e-09	139.70044	-0.017786099	-47.571274	1.2446519	0.015215576	0.12981297	16.0	422.4995138645172
19	-12.025926	53.50608	83.8	-93.333336	499.8889	-4.27442	10.320132	19.661486	-34.364964	200000	-8.692344e-09	137.21944	-0.015047837	-46.58315	1.2546723	0.015024369	0.12581259	9.0	443.6581394672394
20	-22.575924	45.263927	76.6	-86.666664	501.8889	-4.7304435	10.111039	19.744337	-49.159267	210000	-1.6142925e-08	161.65465	-0.018092396	-60.85316	1.2492257	0.015798898	0.12541254	14.0	464.50438022613525
21	-15.570833	50.364025	81.1	-73.333336	581.125	-5.7448483	11.24078	19.92133	-47.27566	220000	-1.8626451e-08	121.333626	-0.01468432	-45.612873	1.2209262	0.015139516	0.12251225	13.0	487.27139616012573
22	-19.712963	48.46598	80.2	-73.333336	513.2778	-4.99622	11.151555	23.113634	-55.5267	230000	2.483527e-09	118.39545	-0.021376342	-46.15094	1.2658345	0.015037629	0.14171417	20.0	509.42327666282654
23	-17.41579	48.969265	89.2	-93.333336	501.89474	-6.014822	10.633622	23.758768	-43.34045	240000	1.4901161e-08	116.26003	-0.021458775	-44.24577	1.2797674	0.015496876	0.13431345	18.0	531.9853963851929
24	-25.405264	51.605362	79.3	-93.333336	471.8421	-4.3181596	10.77913	24.89594	-58.713184	250000	2.4835268e-08	126.209404	-0.020856643	-37.18603	1.2235565	0.015275667	0.14431444	17.0	555.6322135925293
25	-16.822222	47.9846	85.6	-73.333336	524.7778	-5.288998	10.701874	24.171211	-44.68986	260000	1.2417634e-08	120.99699	-0.020718502	-45.6738	1.2697825	0.015065392	0.13261326	17.0	580.3916702270508
26	-19.591228	45.118282	70.3	-86.666664	499.42105	-4.1631064	9.979711	26.185577	-42.72522	270000	-7.1401396e-09	139.22734	-0.018181767	-57.009754	1.2940208	0.015561582	0.14161415	15.0	604.5962054729462
27	-17.851852	48.51247	75.7	-80.0	527.7778	-5.5163736	10.894164	27.402166	-58.420258	280000	4.967054e-09	115.54261	-0.019593617	-38.773216	1.2844844	0.015398658	0.13061307	16.0	627.649843454361
28	-7.810416	42.58099	64.0	-73.333336	578.5625	-4.841216	11.572219	22.694258	-46.070908	290000	-1.0554989e-08	124.23288	-0.027598025	-47.049786	1.245879	0.015131521	0.15321533	38.0	651.2738654613495
29	-18.120369	51.0087	76.6	-73.333336	514.2778	-3.4572973	11.041323	24.829737	-46.822716	300000	-6.9849193e-09	116.72605	-0.020616358	-41.68089	1.2772487	0.015206046	0.13411342	18.0	674.3325531482697
30	-13.028888	44.874603	90.1	-60.0	599.4	-3.8387933	10.44843	25.671804	-46.477753	310000	-1.2417634e-08	109.51592	-0.017904071	-34.83425	1.2814294	0.015023984	0.13841385	18.0	696.4665670394897
31	-28.251852	44.585175	69.4	-93.333336	507.27777	-3.4005032	10.994597	26.26639	-43.154613	320000	-1.5832484e-08	166.25645	-0.017468909	-71.59358	1.2824583	0.015186135	0.12621261	13.0	719.537045955658
32	-12.427084	43.458275	82.9	-60.0	591.75	-5.6228194	11.101394	25.735598	-53.593014	330000	1.3407164e-08	120.98169	-0.019091902	-55.112946	1.2779387	0.015124575	0.13341333	16.0	743.2200918197632
33	-12.166667	46.147083	83.8	-60.0	524.44446	-3.9375732	9.928693	27.110716	-44.276733	340000	1.8626451e-09	138.07033	-0.020999297	-51.665558	1.2825731	0.0153593905	0.13581358	18.0	767.9543783664703
34	-7.7431374	45.233757	70.0	-73.333336	553.2941	-3.7507434	10.234262	26.324621	-53.55808	350000	1.2417634e-08	119.563805	-0.02965696	-44.657482	1.2770339	0.015136047	0.16981697	40.0	791.7303404808044
35	-11.696297	45.34225	82.9	-53.333332	527.6667	-3.1297653	10.0015745	20.93729	-40.780228	360000	0.0	91.40725	-0.017017523	-26.587057	1.2694288	0.015002683	0.10921093	12.0	813.9709186553955
36	-18.707018	50.77045	72.1	-93.333336	507.21054	-3.7068222	9.702019	23.531548	-36.643517	370000	-1.9868216e-08	134.8478	-0.014247779	-38.270336	1.2578435	0.015516466	0.1269127	11.0	837.5850057601929
37	-22.566666	51.4363	80.2	-66.666664	474.2	-4.571318	10.252177	23.967693	-40.954674	380000	2.2351742e-08	150.87578	-0.024322664	-58.86363	1.2843351	0.015120872	0.15381537	24.0	862.0990967750549
38	0.049019758	51.976376	87.4	-66.666664	544.35297	-5.5291634	10.441385	26.138601	-48.11785	390000	8.692344e-09	115.44167	-0.019463899	-39.091816	1.2486515	0.015206265	0.1339134	17.0	884.4462349414825
39	-6.6764703	46.53845	70.3	-66.666664	531.0	-3.0856054	10.906623	25.152063	-44.627846	400000	4.967054e-09	128.00017	-0.017068923	-45.43329	1.2124754	0.015406363	0.15581559	15.0	908.397068977356
40	-9.666667	47.97835	83.8	-66.666664	538.8333	-2.7197874	11.107609	24.832186	-53.666363	410000	-1.4901161e-08	113.59851	-0.014873263	-32.59732	1.2521564	0.016046025	0.13561356	10.0	933.1663060188293
41	-6.0229173	51.213467	90.1	-73.333336	577.1875	-3.1395395	9.495604	23.411554	-50.176205	420000	1.3348957e-08	100.90902	-0.017239546	-33.014236	1.2336165	0.015581363	0.13061304	14.0	956.3846895694733
42	-10.820002	47.175858	88.3	-80.0	575.8	-2.0720277	9.718764	26.719975	-49.66949	430000	9.313226e-09	131.88116	-0.014647431	-38.957954	1.2360163	0.015421692	0.12871288	13.0	979.1435785293579
43	-4.4645824	46.1788	80.2	-53.333332	595.4375	-4.0321417	9.334	24.41031	-47.119232	440000	-7.450581e-09	90.943565	-0.015721874	-31.363428	1.2149758	0.015230638	0.10491049	14.0	1003.6073975563049
44	3.8125005	45.593037	86.5	-66.666664	571.75	-2.9341805	9.968238	23.795559	-51.30093	450000	-2.483527e-09	107.08955	-0.01831443	-33.394344	1.2030156	0.015209787	0.12491249	19.0	1026.7003693580627
45	-15.490196	46.970974	76.6	-73.333336	555.0	-1.4616811	10.9361315	26.028807	-51.108448	460000	8.071463e-09	104.56504	-0.020460181	-41.10379	1.2495021	0.01504879	0.13051306	20.0	1050.857460975647
46	-10.22619	38.827126	75.7	-66.666664	666.7143	-3.164446	9.38333	23.263504	-42.59646	470000	-7.450581e-09	106.32385	-0.016496837	-34.22934	1.2097431	0.015724389	0.12621263	17.0	1075.3535346984863
47	6.0888896	37.974308	68.5	-40.0	625.06665	-1.4774122	9.9415455	23.700264	-48.56171	480000	7.450581e-09	77.25406	-0.01853805	-23.141548	1.2114487	0.015247139	0.13111311	19.0	1098.624900341034
48	-17.990194	43.314377	81.1	-80.0	554.7059	-1.7175562	9.2334795	22.323662	-49.378967	490000	-3.7252903e-09	129.54489	-0.02106323	-51.79651	1.208108	0.0152249625	0.14371437	21.0	1124.5001378059387
49	-16.503704	47.787075	75.7	-80.0	517.3889	-4.864999	9.829512	21.093784	-49.147736	500000	2.483527e-09	109.66158	-0.017640833	-36.2439	1.1797243	0.015057218	0.10991099	16.0	1147.5578010082245
50	-2.4062498	50.045708	82.0	-60.0	580.25	-3.8882954	10.54685	23.315155	-47.347565	510000	3.228585e-08	120.00655	-0.01788225	-42.509018	1.1614232	0.015353781	0.12241224	18.0	1169.736453294754
51	-14.717646	44.894173	86.5	-66.666664	563.7059	-1.6778568	11.479918	26.706388	-57.05196	520000	1.565786e-08	123.06686	-0.018559096	-36.624428	1.1603585	0.015565217	0.12741274	15.0	1194.4034526348114
52	-7.566666	46.31168	70.3	-73.333336	621.7143	-2.2873857	10.641455	24.689547	-44.36993	530000	1.2417635e-09	77.41825	-0.017006764	-23.306543	1.1450648	0.015158241	0.13921392	15.0	1215.3439288139343
53	-1.8999999	54.009754	86.5	-73.333336	487.72223	-3.4717855	11.058817	24.001074	-44.892338	540000	-9.934108e-09	151.28773	-0.016612755	-52.9054	1.1825647	0.015137084	0.10671067	13.0	1239.6900992393494
54	2.1200001	46.407642	85.6	-53.333332	596.5333	-1.3908042	10.113926	23.077589	-54.637226	550000	1.7384687e-08	107.884056	-0.019315844	-42.382763	1.1010752	0.015498228	0.1459146	22.0	1264.235506772995
55	-9.211111	42.786144	82.9	-66.666664	617.5333	-1.9034474	10.360858	25.118881	-53.27045	560000	4.967054e-09	95.11344	-0.017552165	-29.793388	1.1219773	0.015051792	0.12951295	16.0	1287.7201838493347
56	-6.345614	49.017162	87.4	-80.0	490.1579	-3.3564334	9.882272	23.979017	-42.016136	570000	8.692344e-09	122.26416	-0.020914862	-44.940815	1.1139985	0.015387058	0.12981299	21.0	1311.996593952179
57	-14.798245	49.106667	81.1	-93.333336	482.6316	-2.815058	11.068349	23.726631	-59.53461	580000	1.3659398e-08	180.85437	-0.017937325	-63.467102	1.1240114	0.0153527735	0.11131113	14.0	1335.7096848487854
58	-4.392157	46.970043	89.2	-60.0	553.17645	-3.7320516	10.990297	24.013605	-61.300236	590000	2.134281e-09	131.49309	-0.019143622	-37.518394	1.1029977	0.01502574	0.13451345	17.0	1359.6392755508423
59	2.1666667	46.76604	80.2	-73.333336	550.05884	-3.1522572	10.4658375	24.369978	-55.68968	600000	-1.4280279e-08	109.160576	-0.030502146	-32.743	1.110773	0.015112222	0.17341734	53.0	1385.8519229888916
60	-7.144444	49.761246	92.8	-66.666664	510.1111	-2.4365816	11.209186	24.082872	-63.1764	610000	1.2417635e-09	128.23537	-0.020042636	-50.26471	1.0761453	0.015035463	0.12581259	19.0	1409.270052909851
61	1.9020832	47.06708	81.1	-53.333332	587.625	-2.4090376	11.353748	24.714188	-58.256474	620000	1.3659398e-08	113.52035	-0.017825209	-48.422382	1.0653695	0.015301012	0.12251225	17.0	1432.3583762645721
62	-13.181481	46.74657	80.2	-73.333336	524.05554	-3.0945156	10.706143	25.330242	-52.935577	630000	2.483527e-09	132.75716	-0.015566689	-55.33269	1.0705568	0.015172052	0.11091109	12.0	1457.1336390972137
63	3.7733338	47.52464	83.8	-53.333332	595.06665	-3.4752424	9.710643	23.9336	-47.796303	640000	7.450581e-09	121.70852	-0.014400933	-46.00326	1.0391494	0.0151794	0.11461147	12.0	1480.056957244873
64	-2.7862744	49.145542	92.8	-73.333336	542.17645	-2.0677648	10.587228	25.451263	-50.11134	650000	1.7384687e-08	81.23857	-0.012531471	-23.475973	1.0579	0.015365942	0.097709775	11.0	1505.0185532569885
65	-2.315686	50.31911	89.2	-66.666664	572.05884	-2.6194818	9.838112	26.20995	-46.948353	660000	1.2417635e-09	110.540375	-0.025202563	-30.442709	1.0611421	0.015113291	0.15371537	36.0	1532.2571649551392
66	-2.4854164	35.059746	55.9	-53.333332	565.0625	-2.293369	10.914771	25.068235	-44.797173	670000	9.934108e-09	100.24502	-0.022158109	-43.789	1.0487083	0.015122801	0.13191319	25.0	1554.857899904251
67	-4.4687495	48.699924	85.6	-80.0	574.8125	-1.8104392	9.675098	22.512165	-40.193928	680000	1.6142925e-08	135.9376	-0.01702372	-57.597378	1.0547804	0.015537241	0.10991099	15.0	1579.5055797100067
68	-6.9851856	50.309563	89.2	-73.333336	548.7778	-3.0740008	10.5555935	23.007746	-37.456196	690000	-1.4901161e-08	137.52419	-0.026786745	-47.902775	1.0639914	0.01511433	0.14031403	40.0	1604.9624798297882
69	20.155556	40.231457	84.7	-33.333332	630.4	-2.3488262	9.377065	22.857754	-44.123013	700000	-1.6142925e-08	94.134705	-0.023476684	-34.8764	1.0575198	0.015168537	0.14731474	35.0	1630.231959104538
70	-2.1357143	41.918186	89.2	-46.666668	641.3571	0.7317039	8.863219	23.722013	-41.765873	710000	-8.692344e-09	108.59524	-0.01731267	-33.463104	1.0499183	0.015084925	0.12241224	16.0	1652.5556621551514
71	10.657778	48.22596	89.2	-40.0	616.93335	-2.5337458	10.815963	23.584265	-57.744568	720000	1.8626451e-09	122.3375	-0.015563021	-31.003317	1.0257123	0.01528164	0.123012304	19.0	1677.3005681037903
72	12.717777	42.87931	73.0	-46.666668	588.8	-0.40304092	9.207193	24.718653	-43.44169	730000	2.8560558e-08	125.513	-0.02095248	-37.59435	1.0211169	0.015176718	0.1290129	26.0	1699.530386209488
73	11.102223	41.14372	88.3	-40.0	611.4667	-0.6543512	9.266314	23.458357	-48.39464	740000	-6.519258e-09	97.87406	-0.015502344	-23.44359	1.006383	0.015306178	0.108410835	14.0	1723.612270116806
74	8.652083	48.039738	80.2	-53.333332	581.0625	-1.6026415	9.22341	23.70651	-52.65863	750000	2.4835268e-08	87.631386	-0.02149053	-25.730112	0.98554534	0.015152723	0.13791378	28.0	1747.0070366859436
75	17.290476	38.189552	77.5	-40.0	647.7857	-0.27114293	9.962944	25.142479	-47.85906	760000	-1.9868216e-08	67.309364	-0.015253351	-22.174139	0.99075705	0.015491161	0.1180118	13.0	1770.347808599472
76	6.733334	40.338985	82.9	-33.333332	620.0	-0.7713152	10.86219	24.92426	-51.319145	770000	-4.0357313e-09	118.054115	-0.018548233	-38.93854	0.9856723	0.015012029	0.13161315	22.0	1794.2016456127167
77	-7.3518515	51.976547	87.4	-73.333336	517.44446	-2.8812377	10.326043	25.878265	-45.91184	780000	7.450581e-09	123.37847	-0.031826343	-42.8044	1.0178021	0.015159936	0.16751675	60.0	1820.4714646339417
78	-3.1311111	46.557503	73.9	-66.666664	622.06665	-2.7734275	11.150957	26.936077	-52.636475	790000	4.967054e-09	128.59526	-0.0162537	-51.035282	0.95905906	0.015119664	0.118611865	18.0	1844.426283121109
79	13.531112	46.334026	95.5	-40.0	625.6	-3.5704644	10.179024	23.604252	-43.3255	800000	4.967054e-09	140.75981	-0.014343361	-41.82477	0.9791115	0.015442006	0.11971197	13.0	1870.8213453292847
80	11.907142	41.447605	86.5	-46.666668	672.2857	0.07669819	10.697364	26.89995	-55.570007	810000	-1.1175871e-08	86.35949	-0.018732335	-21.157999	0.95808697	0.015185545	0.12011201	21.0	1894.6826589107513
81	22.382223	43.913868	82.0	-53.333332	652.4	-0.3062409	11.225232	26.338642	-55.329983	820000	-1.3969839e-09	95.38379	-0.015008756	-31.449743	0.98599356	0.015138544	0.12461246	16.0	1920.6974084377289
82	21.97778	46.39606	84.7	-46.666668	590.5333	-0.007259863	9.498766	23.860846	-47.975994	830000	0.0	102.848724	-0.019096075	-18.622757	0.98901397	0.015181555	0.13301331	26.0	1943.0976049900055
83	12.615385	40.2138	70.3	-60.0	724.38464	1.8944551	8.931726	24.408815	-51.471962	840000	4.967054e-09	94.96186	-0.013153732	-31.644129	0.9592164	0.015379717	0.10561056	14.0	1965.8392033576965
84	-7.131372	48.56501	88.3	-80.0	549.7647	0.17951219	10.570641	27.407478	-59.512577	850000	1.3659398e-08	124.63758	-0.01796628	-56.51884	0.9931051	0.015242159	0.11381138	19.0	1989.4257953166962
85	-0.9044436	44.728527	88.3	-66.666664	621.4667	-1.9280307	11.144417	28.571386	-52.808918	860000	-2.483527e-09	93.54914	-0.022252604	-32.114914	0.9815967	0.015027004	0.13151316	25.0	2012.1698217391968
86	-2.9941177	48.842834	72.1	-66.666664	570.35297	-1.2016733	11.342293	27.228634	-53.943634	870000	1.2572855e-08	125.372246	-0.012736454	-32.658306	0.99580544	0.015535272	0.12031203	11.0	2037.4437363147736
87	-4.416666	54.779552	82.9	-86.666664	527.8889	-3.1864593	10.203536	21.990644	-53.463833	880000	-9.934108e-09	131.9991	-0.013733752	-37.108494	1.0074784	0.0153672015	0.09360936	11.0	2060.421735525131
88	-8.749999	53.23629	91.9	-66.666664	534.0	-3.2247386	11.58225	22.628698	-54.021732	890000	9.934108e-09	116.285706	-0.020044811	-42.46047	1.016459	0.015181877	0.13851386	17.0	2085.910233259201
89	15.446668	50.06122	96.4	-53.333332	598.73334	-2.7189746	10.695539	27.128866	-56.310436	900000	-4.967054e-09	102.44345	-0.014212832	-29.575546	0.98281103	0.015116758	0.11241124	14.0	2109.1772570610046
90	11.593334	47.33319	79.3	-66.666664	605.3333	-0.78055483	10.880966	27.238152	-56.270653	910000	-1.6919026e-08	94.03937	-0.013352384	-28.575775	0.9634599	0.015080935	0.106410645	13.0	2133.7817549705505
91	2.59375	57.235237	81.1	-86.666664	553.5	-1.7658223	10.451691	26.613024	-42.17355	920000	-2.7318796e-08	106.48489	-0.023078537	-33.94353	1.0033982	0.015176009	0.14941494	27.0	2158.5393948554993
92	5.8888884	54.019363	85.6	-80.0	626.73334	-1.3977962	10.67638	24.371616	-43.703228	930000	2.4835268e-08	130.84343	-0.010994027	-37.909206	0.9881169	0.015360523	0.07480748	9.0	2181.2526121139526
93	1.0666667	50.70966	77.5	-66.666664	560.7059	-1.2704483	10.574606	28.33302	-47.901695	940000	-3.7252903e-09	112.25366	-0.0144819515	-30.047796	0.9988887	0.015538839	0.11861185	11.0	2203.557011127472
94	27.491112	48.67582	84.7	-60.0	628.4667	-1.3984227	9.449686	25.998566	-45.7617	950000	-6.208817e-09	101.106514	-0.016742496	-33.52468	0.99155885	0.015007198	0.13961397	19.0	2228.175614595413
95	5.319607	52.563084	89.2	-73.333336	532.17645	1.1911204	9.342919	29.428375	-39.538857	960000	8.692344e-09	116.77377	-0.015210985	-38.594677	1.0139354	0.015080139	0.1290129	11.0	2251.0744018554688
96	1.9619048	44.061787	92.8	-46.666668	647.7143	-0.11870611	9.214458	26.818087	-38.34669	970000	8.692344e-09	123.51177	-0.014048723	-35.438187	0.9822069	0.01516771	0.12221223	12.0	2275.1538636684418
97	11.975555	52.684658	92.8	-80.0	651.6	-1.4910781	10.239244	28.4508	-43.15363	980000	-1.4901161e-08	112.69465	-0.016360166	-40.099308	0.99009776	0.0151790595	0.11911192	17.0	2300.1467072963715
98	23.079998	48.411736	85.6	-60.0	607.93335	-0.7564663	10.023102	23.653692	-57.2345	990000	1.3659398e-08	86.73307	-0.016102523	-25.00148	0.98713785	0.015273514	0.13831383	21.0	2322.4542989730835
99	-1.4000001	42.343037	86.5	-73.333336	716.1539	1.1080637	11.28945	30.126238	-52.344246	1000000	1.2417634e-08	107.246574	-0.0126309255	-41.350315	0.99657136	0.015538894	0.10631063	11.0	2346.4818935394287
100	-9.486275	50.402294	89.2	-73.333336	572.5294	-0.7258445	10.071155	27.938961	-51.446087	1010000	-1.9868216e-08	120.822945	-0.016473437	-40.168728	1.0099182	0.015221011	0.13881387	17.0	2370.626719236374
101	15.622917	46.96425	77.5	-53.333332	569.5	-3.2178671	9.793312	25.453197	-35.649723	1020000	1.1175871e-08	99.81994	-0.016862655	-41.58495	0.9867416	0.015232642	0.116811685	13.0	2392.822506904602
102	3.8809521	42.818733	88.3	-53.333332	658.0714	0.97392	9.207999	29.086332	-39.874817	1030000	1.7384687e-08	90.494194	-0.019286154	-31.731161	0.9606523	0.015104063	0.12751275	24.0	2417.728005886078
103	1.208334	52.844486	86.5	-66.666664	575.8125	-1.42617	10.385683	27.565777	-47.155582	1040000	4.967054e-09	116.75347	-0.018687228	-43.40982	0.9645172	0.015212218	0.12861286	19.0	2440.09526014328
104	3.804445	40.29461	82.0	-40.0	599.13336	-1.6899247	10.851558	25.282902	-55.51989	1050000	-7.450581e-09	113.09612	-0.015068143	-41.32998	0.9457693	0.0150934085	0.10851085	16.0	2464.8849704265594
105	2.2955563	42.55961	78.4	-60.0	636.6667	-1.8641819	10.269171	24.546774	-55.08013	1060000	1.6142925e-08	93.251015	-0.013253052	-25.488045	0.9481885	0.015239231	0.10091009	13.0	2488.041412115097
106	1.2901964	51.95509	79.3	-73.333336	573.17645	-3.1431448	11.014045	24.047472	-47.759884	1070000	-1.4901161e-08	106.29336	-0.017110886	-46.852936	0.96863365	0.015050866	0.13111311	17.0	2513.7702724933624
107	11.1875	54.30092	95.5	-60.0	553.1875	-1.6733783	10.22908	23.477459	-44.144142	1080000	7.450581e-09	112.91917	-0.016543815	-33.38995	0.949742	0.015559948	0.12371237	16.0	2536.966525554657
108	17.623808	44.800354	78.4	-60.0	662.2143	-0.46075487	11.051854	27.65919	-57.842983	1090000	2.173086e-09	105.836845	-0.012846964	-38.347473	0.943422	0.015620571	0.101510145	12.0	2560.516455411911
109	-1.4354167	44.010647	79.3	-60.0	603.9375	0.30403316	9.575266	25.86591	-47.157547	1100000	2.483527e-09	113.07343	-0.016881617	-47.108753	0.96174836	0.015287076	0.10881088	17.0	2586.427495956421
110	-5.227083	52.490086	85.6	-60.0	574.4375	-2.5561273	9.544516	24.056198	-50.805214	1110000	1.8626451e-08	123.5686	-0.024055218	-32.125942	0.95838356	0.015187074	0.13981397	33.0	2609.404303789139
111	2.7166674	43.70959	83.8	-66.666664	679.8333	-1.4811218	9.635444	25.121023	-53.854156	1120000	-2.483527e-09	115.099815	-0.014240469	-56.24876	0.95899814	0.015820352	0.10321032	12.0	2632.9654927253723
112	11.835715	37.818073	70.0	-60.0	682.8571	0.41027248	10.611793	26.936188	-58.887115	1130000	-6.829699e-09	78.19766	-0.011997982	-26.491896	0.9404552	0.015956588	0.090209015	14.0	2659.0296461582184
113	3.6555567	56.012466	83.8	-80.0	524.94446	-0.73522645	9.212601	23.403267	-56.09382	1140000	0.0	144.36021	-0.019484961	-52.092106	0.94680834	0.015362122	0.11741173	21.0	2682.0707716941833
114	3.7895832	51.203224	91.0	-60.0	601.875	-1.5714929	10.390339	25.155865	-39.1786	1150000	4.967054e-09	97.0436	-0.021564586	-29.90371	0.9203562	0.015165667	0.12471247	27.0	2706.935873746872
115	3.0500002	48.35798	94.6	-53.333332	553.5625	-1.5693383	10.479532	28.638466	-42.11134	1160000	0.0	100.69076	-0.015297036	-36.285614	0.9475796	0.01500086	0.105110504	12.0	2731.0213453769684
116	9.268888	49.31051	84.7	-60.0	617.73334	-0.8771445	9.852146	26.248306	-45.00513	1170000	-8.692344e-09	124.88204	-0.02390509	-44.027912	0.9294493	0.015023415	0.149915	36.0	2754.9111609458923
117	10.346666	49.07507	89.2	-66.666664	629.26666	-0.8310545	9.803831	25.714018	-42.236275	1180000	1.4901161e-08	97.002594	-0.01689987	-30.577784	0.92016286	0.015325625	0.111711174	19.0	2779.6409809589386
118	4.5999994	52.286167	89.2	-80.0	568.8125	-0.3515269	9.669347	25.265087	-39.617165	1190000	-3.1044087e-10	94.25296	-0.01629482	-32.371094	0.9367118	0.015332346	0.123312324	16.0	2803.1906032562256
119	17.854761	37.86786	74.8	-46.666668	646.8571	-0.66608673	10.199915	27.907963	-37.476696	1200000	2.3593506e-08	93.611115	-0.020884447	-30.312912	0.90334255	0.015253049	0.1469147	22.0	2827.1774604320526
120	16.461905	47.644344	87.4	-53.333332	645.3571	1.055851	10.108911	26.26084	-41.058887	1210000	1.0244548e-08	110.823845	-0.01332201	-26.74708	0.93630904	0.015262373	0.123912394	13.0	2853.143275499344
121	4.6333337	52.494354	96.4	-60.0	562.4706	0.099922046	10.022958	25.54604	-40.70915	1220000	9.934108e-09	95.22477	-0.012646501	-28.016161	0.94244987	0.015433799	0.11691169	10.0	2876.140996694565
122	10.145238	40.163246	81.1	-46.666668	649.0	-0.45954016	9.197907	25.179684	-39.811134	1230000	6.829699e-09	96.18402	-0.014991191	-33.84598	0.93979096	0.015081719	0.12571256	17.0	2900.097494840622
123	13.222917	46.481304	89.2	-53.333332	608.25	0.05692392	10.270638	26.061306	-55.50241	1240000	4.967054e-09	115.06659	-0.016953075	-36.649746	0.925155	0.01518248	0.109210916	20.0	2925.4827013015747
124	5.786667	41.643944	80.2	-53.333332	618.0	-0.48345593	10.471812	26.459229	-51.84283	1250000	3.1044085e-09	107.172485	-0.02326261	-37.349705	0.9112534	0.015035835	0.12791279	37.0	2952.019902229309
125	2.4770837	49.107452	91.0	-73.333336	601.5625	-0.82683825	9.352101	24.065836	-55.89919	1260000	9.934108e-09	99.46488	-0.018808918	-31.026718	0.9233858	0.015292476	0.12611261	23.0	2975.1074442863464
126	12.080954	39.48233	88.3	-33.333332	647.0714	-1.297602	9.537787	23.347788	-55.39852	1270000	2.8560558e-08	136.36778	-0.016316224	-43.665787	0.90068054	0.015179099	0.10621062	17.0	3000.1351261138916
127	11.555556	52.30074	85.6	-73.333336	621.3333	-0.26443782	10.7429495	27.405602	-64.69533	1280000	6.208817e-09	83.22251	-0.023966098	-30.88468	0.91684157	0.015174459	0.14051406	45.0	3025.1175060272217
128	11.75	50.398827	94.6	-60.0	662.2143	-0.33525681	9.945116	24.97468	-62.413143	1290000	-7.450581e-09	101.49841	-0.014095585	-32.864223	0.8895779	0.0153857395	0.11321131	18.0	3049.89586687088
129	6.068889	54.902905	87.4	-66.666664	603.4	-0.39179337	9.82274	27.802376	-54.076683	1300000	1.1175871e-08	112.71185	-0.014101499	-40.841885	0.90830916	0.015067461	0.11151115	12.0	3074.0438804626465
130	16.276192	47.672203	92.8	-66.666664	657.5714	-0.59647787	10.830328	28.037178	-56.63845	1310000	-5.5879354e-09	118.83088	-0.009995705	-39.56288	0.9000755	0.015970936	0.10081008	8.0	3098.832154750824
131	16.533335	47.48786	89.2	-66.666664	680.4286	0.5867059	9.564734	30.064684	-41.99717	1320000	0.0	93.296486	-0.0113406405	-21.65834	0.8989389	0.015023459	0.109210916	14.0	3122.966010093689
132	19.52619	45.23242	77.5	-60.0	661.4286	0.99019706	10.477744	29.284954	-49.854652	1330000	1.4901161e-08	85.59204	-0.012735671	-21.367098	0.8932355	0.015617315	0.11051106	15.0	3145.8328759670258
133	11.27381	43.138214	81.1	-66.666664	666.9286	0.9092441	9.947919	26.990595	-45.093502	1340000	-6.2088173e-10	88.60346	-0.013181548	-22.757753	0.89078736	0.015083514	0.11171117	14.0	3169.683569431305
134	24.535555	46.73171	92.8	-60.0	603.5333	-0.203722	9.883801	25.853197	-49.407696	1350000	-1.5522042e-08	111.1697	-0.011773246	-28.63003	0.8780324	0.015399103	0.13751376	12.0	3194.0843765735626
135	-1.971112	48.56507	89.2	-60.0	588.73334	-0.8202139	11.139103	30.562105	-44.291172	1360000	2.483527e-09	131.54219	-0.014831177	-48.20671	0.87696195	0.015468049	0.1141114	14.0	3217.920281648636
136	4.4976196	45.47904	90.1	-53.333332	632.6429	-1.766656	10.484136	29.276184	-51.353966	1370000	-1.9247333e-08	114.00663	-0.018524935	-34.432716	0.88519096	0.015310629	0.110711075	23.0	3240.502323627472
137	9.805883	53.10156	82.0	-93.333336	506.70587	-0.98082936	10.287869	27.495277	-40.121117	1380000	-5.5879354e-09	127.73281	-0.015985204	-52.512165	0.88363004	0.0153785525	0.106410645	14.0	3263.378699541092
138	2.3894737	53.723907	84.7	-93.333336	504.3684	-1.0454215	10.476518	25.344318	-58.134644	1390000	-1.2417635e-09	128.46284	-0.013205315	-42.208782	0.90301436	0.015277837	0.115011506	10.0	3289.115602016449
139	31.04048	41.58402	91.9	-40.0	674.0714	0.1862039	9.656242	29.187815	-42.57193	1400000	1.3038516e-08	85.148094	-0.010040885	-29.405594	0.8676732	0.015151053	0.10431043	8.0	3313.8005027770996
140	24.273335	44.833908	91.0	-46.666668	592.86664	0.84973574	10.675458	29.005455	-54.659657	1410000	1.3659398e-08	109.886055	-0.01754085	-33.839092	0.87322325	0.015035879	0.13181318	19.0	3339.559540271759
141	18.313334	42.001587	91.9	-40.0	607.06665	0.8976918	10.58152	31.709064	-50.59875	1420000	-8.692344e-09	100.63345	-0.015072696	-23.974297	0.8567171	0.0150262965	0.105710566	19.0	3364.329425573349
142	27.515556	38.61863	88.3	-33.333332	602.6667	0.3454591	10.438225	27.079437	-48.44328	1430000	1.7384687e-08	73.64344	-0.017879084	-19.984175	0.8770713	0.015238769	0.1119112	22.0	3391.152265548706
143	14.285416	52.358315	98.2	-60.0	558.6875	0.7845063	10.013592	28.649488	-54.1393	1440000	3.7252903e-09	110.585106	-0.023663037	-32.264378	0.9007556	0.015002377	0.1310131	33.0	3414.8815104961395
144	13.179167	48.989487	86.5	-46.666668	564.3125	-0.62743413	10.780587	27.219116	-54.96174	1450000	-1.4901161e-08	117.65314	-0.013830026	-34.6652	0.8896907	0.015572797	0.107510746	13.0	3437.6867570877075
145	16.197918	55.1374	93.7	-60.0	575.8125	-0.98939854	11.36387	27.31301	-61.573685	1460000	-1.9868216e-08	110.45321	-0.015408183	-37.598324	0.86402273	0.015443799	0.11261126	16.0	3464.2865772247314
146	17.09524	43.925274	89.2	-53.333332	680.2857	0.88862705	10.096403	26.760891	-56.09924	1470000	0.0	107.24941	-0.011325342	-27.393751	0.85350084	0.015115215	0.10311031	11.0	3489.0775158405304
147	12.099999	43.072803	87.4	-46.666668	644.1429	0.9610003	11.20862	29.373835	-53.240376	1480000	-1.6142925e-08	88.814415	-0.022938969	-25.407362	0.91106987	0.015069705	0.14021403	37.0	3514.3832302093506
148	12.142858	36.083115	74.8	-46.666668	659.7143	0.6473492	9.497328	27.6113	-54.87276	1490000	-7.450581e-09	82.802605	-0.011024441	-28.867453	0.89604425	0.015350499	0.08430844	11.0	3537.7334740161896
149	18.747917	48.719242	97.0	-66.666664	601.125	-0.14497243	8.827041	22.834394	-36.378403	1500000	9.934108e-09	143.6258	-0.012090656	-57.283955	0.9071603	0.016152678	0.11841184	11.0	3561.9565455913544
150	12.472222	36.90841	82.0	-46.666668	702.5	0.9330829	9.224417	23.22121	-38.129154	1510000	9.313226e-09	85.46397	-0.010452077	-32.59827	0.87261707	0.016150363	0.11781178	11.0	3586.1631116867065
151	6.177778	43.157795	80.2	-66.666664	611.6667	0.7075978	9.459846	26.282246	-42.65201	1520000	-1.1175871e-08	96.1872	-0.017328095	-25.786627	0.88494134	0.015081282	0.13311331	19.0	3607.1357769966125
152	21.430952	40.09049	84.7	-46.666668	650.3571	-0.4119731	9.908927	25.389444	-37.428127	1530000	2.483527e-09	98.800865	-0.014565825	-28.992188	0.8864131	0.015061311	0.11271127	16.0	3633.0733013153076
153	20.993336	49.31267	85.6	-53.333332	612.6667	1.4433302	10.444057	28.292997	-48.892887	1540000	-1.4901161e-08	100.032074	-0.028177967	-29.849623	0.8849328	0.015003734	0.17081708	67.0	3657.2008135318756
154	24.24	38.828465	75.7	-40.0	604.3333	1.0369635	10.903419	26.256239	-58.17148	1550000	-4.967054e-09	140.78658	-0.01651451	-53.05379	0.8881726	0.015101259	0.105710566	18.0	3682.6922929286957
155	28.460001	43.390804	82.9	-33.333332	579.5333	1.1253408	9.132211	27.286938	-60.716618	1560000	1.2417635e-09	88.09742	-0.02194593	-31.236984	0.8761565	0.015103121	0.12921292	36.0	3707.4407064914703
156	7.7117653	50.915237	82.9	-93.333336	539.8823	1.4709454	10.657355	26.260515	-54.83042	1570000	-1.4901161e-08	139.58717	-0.011939362	-49.030346	0.8920862	0.015189095	0.11621162	9.0	3731.321322441101
157	3.2549026	50.01529	85.6	-80.0	572.0	-0.39463636	11.221114	26.206787	-62.77966	1580000	2.8560558e-08	148.04083	-0.01158833	-67.758446	0.8831441	0.015260856	0.09180918	8.0	3757.2157764434814
158	23.844446	44.455574	83.8	-46.666668	623.0	-1.59127	11.514537	30.235493	-56.85792	1590000	-5.2774944e-09	117.33056	-0.011525211	-40.966465	0.8584855	0.01526982	0.11041104	12.0	3781.1356132030487
159	13.171111	48.85694	94.6	-53.333332	575.86664	0.6077695	10.322553	25.875477	-45.097775	1600000	2.2371145e-08	111.09167	-0.016585266	-34.766006	0.8609578	0.015244789	0.12591259	16.0	3805.3243606090546
160	10.944445	42.098446	87.4	-46.666668	624.8	-0.7712938	9.956277	25.515806	-60.236298	1610000	4.967054e-09	96.72305	-0.019062635	-29.829453	0.89664084	0.015287903	0.11721172	21.0	3830.140334367752
161	10.985416	44.143547	80.2	-46.666668	585.4375	-1.6233793	10.661989	28.085314	-55.449257	1620000	1.9868216e-08	106.670525	-0.013985597	-31.620657	0.8881684	0.01593169	0.10601061	11.0	3856.7645602226257
162	18.709524	40.5739	96.4	-26.666666	663.1429	-0.4654437	9.649542	23.70562	-58.930176	1630000	-1.4901161e-08	96.138855	-0.012615318	-31.671953	0.9053643	0.0155276125	0.10591059	12.0	3883.3153083324432
163	1.9296303	51.292027	91.9	-93.333336	537.2222	0.4648713	10.336526	26.561512	-56.640327	1640000	-4.967054e-09	106.90562	-0.020171173	-37.12082	0.89391094	0.015148941	0.15821582	23.0	3906.3269424438477
164	16.971111	38.45892	91.9	-40.0	640.13336	-0.8989538	9.173678	24.397633	-45.25091	1650000	0.0	95.104004	-0.011548539	-25.918928	0.8827297	0.015514393	0.10151016	10.0	3931.4723653793335
165	2.8428578	38.75827	94.6	-40.0	653.8571	0.44016546	9.780278	26.090757	-53.72473	1660000	2.483527e-09	91.24845	-0.011754592	-31.594042	0.89958173	0.015310648	0.12111211	12.0	3954.5804929733276
166	25.733334	46.1631	91.0	-40.0	622.2	-0.8439324	8.574244	23.577953	-52.46182	1670000	3.7252903e-09	86.312355	-0.015947117	-30.123835	0.8972068	0.016086677	0.12291229	20.0	3980.0447070598602
167	23.54889	40.336075	97.3	-33.333332	602.4	1.3440752	9.159213	25.641766	-42.12432	1680000	-1.4901161e-08	82.05865	-0.014901915	-24.175112	0.8700101	0.0154892355	0.114411436	17.0	4004.176015138626
168	19.102085	44.546997	95.5	-53.333332	609.1875	0.468112	9.328118	23.099854	-43.91664	1690000	-3.7252903e-09	88.78353	-0.011365924	-20.073189	0.8756884	0.015812924	0.11561156	9.0	4029.155180454254
169	14.102223	40.568214	82.9	-33.333332	631.8	1.1827084	9.314766	29.597443	-56.594288	1700000	8.071463e-09	104.15049	-0.014070682	-26.138763	0.906297	0.015102048	0.11331133	13.0	4055.9031176567078
170	23.626667	51.88144	91.0	-53.333332	608.8	0.70888364	9.489028	25.098927	-58.67126	1710000	-1.5832484e-08	100.89811	-0.01563087	-30.333021	0.9203827	0.0150927855	0.12841284	17.0	4078.447212457657
171	20.582222	39.631718	93.7	-33.333332	629.8	1.0512191	9.623464	28.112547	-47.739445	1720000	-7.450581e-09	93.604256	-0.011163101	-27.02482	0.9078724	0.015506182	0.09390938	11.0	4102.972801208496
172	6.8044443	48.045986	82.0	-46.666668	590.4	-0.68287605	9.910973	26.684557	-55.33174	1730000	-7.450581e-09	115.3801	-0.017751101	-31.607971	0.8819943	0.015008565	0.1321132	18.0	4127.616670370102
173	-2.6904755	43.45127	89.2	-60.0	640.0714	-0.2658766	9.80089	25.706045	-52.885197	1740000	1.1175871e-08	110.394104	-0.0132037625	-38.43503	0.8725097	0.0154608935	0.09550956	11.0	4151.176579713821
174	9.197779	42.3067	81.1	-60.0	633.13336	-1.4594336	10.0834675	27.09384	-43.39998	1750000	4.967054e-09	114.50051	-0.017364701	-38.28889	0.894408	0.015217696	0.11321133	23.0	4176.550312757492
175	19.985416	46.7914	79.0	-40.0	572.375	-0.44323438	9.620863	23.511389	-47.424435	1760000	-1.6142925e-08	102.5714	-0.013984659	-39.24531	0.8758476	0.01513281	0.10501051	14.0	4200.119207620621
176	10.871795	49.380096	93.7	-73.333336	708.3077	1.8554533	9.726834	27.712114	-55.935253	1770000	-1.2417634e-08	90.22944	-0.011182096	-28.094017	0.87931615	0.01546333	0.1130113	10.0	4222.634755373001
177	15.352382	46.464184	91.9	-60.0	670.4286	0.92086256	9.843824	29.493006	-53.338943	1780000	-9.934108e-09	77.4664	-0.016871532	-19.72456	0.877887	0.015020062	0.121412136	21.0	4248.9195125103
178	12.752084	40.49523	84.7	-53.333332	611.125	1.1381959	9.243732	29.222239	-51.32071	1790000	2.483527e-09	83.13275	-0.014139148	-22.904953	0.8959568	0.015049395	0.111911185	14.0	4272.706556797028
179	11.871111	45.065567	87.4	-53.333332	627.2	0.63662034	8.899647	24.959663	-39.52568	1800000	5.5879354e-09	108.28739	-0.01787244	-27.12382	0.8921576	0.015664412	0.12081208	23.0	4298.760592699051
180	18.047619	40.196964	87.4	-33.333332	648.1429	-0.5146754	10.306911	28.131857	-50.601868	1810000	1.7384687e-08	118.25886	-0.0149253085	-35.335537	0.86743325	0.015315079	0.11181118	16.0	4321.928408384323
181	14.533334	47.740387	79.0	-60.0	577.125	0.5097999	9.515787	25.15357	-56.139935	1820000	-5.2774944e-09	96.910774	-0.013324848	-27.36081	0.8777701	0.015169986	0.111611165	13.0	4348.1482083797455
182	13.1976185	43.381325	78.4	-46.666668	627.1429	1.2935476	9.637586	27.464565	-48.910275	1830000	-4.0357313e-09	80.675835	-0.013488212	-15.770093	0.8780303	0.015163864	0.11041104	14.0	4371.571269273758
183	21.791111	45.612408	82.0	-46.666668	629.0	0.44596192	8.593596	24.5836	-42.878853	1840000	7.450581e-09	83.94843	-0.019557014	-17.820219	0.8845708	0.015095405	0.12801279	32.0	4399.360970497131
184	19.019999	46.308437	84.7	-46.666668	631.6	0.95907646	8.677107	29.752377	-41.21402	1850000	4.967054e-09	85.62619	-0.013446149	-27.798498	0.8986257	0.015655788	0.098809876	11.0	4425.111583948135
185	25.32	40.191998	91.0	-46.666668	642.0	1.0830023	8.759764	24.466856	-46.06691	1860000	-9.934108e-09	89.15878	-0.012585971	-20.95573	0.8948334	0.015203402	0.11271127	13.0	4451.384872674942
186	16.902224	43.102097	80.2	-46.666668	631.0	0.8258832	10.602847	29.734232	-48.749825	1870000	5.2774944e-09	99.52066	-0.009126683	-25.759344	0.87441	0.015863366	0.10561056	8.0	4475.787760734558
187	26.517778	39.766827	79.3	-40.0	609.2	0.15174171	9.466295	23.133747	-49.520386	1880000	-1.7384687e-08	86.29662	-0.01346267	-24.04098	0.87891775	0.0150464205	0.10961097	13.0	4499.241498470306
188	6.550981	52.4519	87.4	-93.333336	559.64703	1.078931	9.799058	30.137083	-44.744984	1890000	-2.483527e-09	130.76434	-0.014797711	-41.50673	0.8804458	0.015482512	0.10691068	13.0	4525.327681541443
189	12.492857	40.257206	71.2	-53.333332	667.1429	0.52279943	10.157024	25.187366	-56.000282	1900000	4.967054e-09	89.51803	-0.00888797	-24.059027	0.87369967	0.015124768	0.09520952	8.0	4549.492019414902
190	15.795239	42.912487	74.8	-60.0	692.0714	0.31783223	9.259216	23.84262	-44.056328	1910000	2.483527e-09	89.98962	-0.020840952	-24.392282	0.83900666	0.015030394	0.124812484	36.0	4577.698021411896
191	15.22	49.249798	92.8	-40.0	629.86664	0.7943099	10.258112	26.169277	-50.656487	1920000	-1.0244548e-08	96.21906	-0.015095726	-25.161348	0.8671555	0.0151167065	0.13381338	18.0	4601.664843082428
192	19.986668	49.086025	94.6	-40.0	605.06665	1.4254601	10.301527	26.972076	-48.973194	1930000	-1.102065e-08	99.37372	-0.010857149	-24.706274	0.8642983	0.016395181	0.09250925	10.0	4629.361416816711
193	19.02857	48.948586	94.6	-53.333332	674.0	0.7733081	10.547387	27.078356	-44.87662	1940000	2.483527e-09	85.58341	-0.021833954	-24.857864	0.86492044	0.015029919	0.14051406	55.0	4656.012621879578
194	2.7777786	33.78728	64.0	-46.666668	765.75	2.2114494	9.832393	30.533514	-45.311207	1950000	1.4901161e-08	88.46305	-0.010942345	-21.198092	0.8536124	0.015178286	0.105510555	11.0	4678.207845687866
195	15.445238	41.09785	93.7	-60.0	661.8571	1.2520783	10.151788	30.257513	-45.41255	1960000	6.519258e-09	94.37037	-0.012047864	-28.375465	0.8271951	0.01583142	0.101310134	13.0	4702.625907897949
196	16.210258	36.87934	82.0	-33.333332	710.61536	1.0792302	10.2498	28.202894	-50.241596	1970000	-1.6142925e-08	82.10116	-0.011232414	-30.921686	0.81852055	0.015241531	0.11391139	12.0	4725.550275564194
197	21.293335	45.29719	91.9	-33.333332	632.93335	1.5166703	9.482887	29.304535	-50.3369	1980000	-1.7384687e-08	74.02303	-0.01940642	-22.944677	0.85662365	0.01512451	0.12541254	28.0	4751.135820388794
198	27.50238	45.5135	90.1	-33.333332	645.2857	1.8680941	9.091527	25.93254	-40.860348	1990000	-1.7384687e-08	93.641426	-0.014788036	-30.030073	0.8440308	0.015030638	0.10171017	16.0	4775.8306357860565
199	15.082052	41.811653	82.9	-40.0	682.46155	2.8053865	9.670358	26.314707	-50.219963	2000000	9.934108e-09	112.642876	-0.016987389	-28.74758	0.82991385	0.015166382	0.12681268	24.0	4799.656286001205
200	25.57111	44.235878	90.1	-46.666668	623.6667	0.85384196	9.94464	27.24603	-48.054	2010000	-1.3038516e-08	85.431274	-0.018336222	-19.464256	0.8257738	0.015000068	0.12681268	25.0	4825.473320484161
201	22.160418	50.281948	86.5	-66.666664	598.5625	1.0666167	10.037033	28.976645	-49.39735	2020000	6.829699e-09	97.75878	-0.010780752	-25.612831	0.8321633	0.015212891	0.09140915	11.0	4850.842076778412
202	27.731112	45.66737	91.0	-33.333332	634.13336	0.58602417	10.553685	25.857016	-52.519985	2030000	-2.7939677e-09	81.93798	-0.013543266	-20.335804	0.8357207	0.015097753	0.11281129	18.0	4876.827846050262
203	8.14359	38.49659	89.2	-53.333332	731.46155	2.1398435	8.730374	25.393768	-42.882484	2040000	5.5879354e-09	90.21329	-0.015126404	-38.140232	0.8380945	0.015322958	0.12241224	19.0	4899.803512573242
204	12.862501	49.594982	90.1	-53.333332	600.4375	1.1019853	9.627811	27.864498	-38.02805	2050000	-1.4901161e-08	90.05325	-0.013612269	-28.847097	0.83430153	0.01562217	0.10321032	12.0	4927.455940723419
205	16.457142	48.938152	100.0	-46.666668	657.3571	0.2070209	9.514123	24.068333	-42.663464	2060000	-6.208817e-09	81.51946	-0.013693911	-22.110449	0.8285823	0.015980579	0.120412044	15.0	4951.322516918182
206	24.958975	34.85813	82.0	-20.0	736.1539	1.2386537	9.9711895	28.023575	-37.95781	2070000	6.208817e-09	89.207954	-0.012720755	-25.572306	0.8121784	0.015273162	0.0990099	15.0	4976.5886471271515
207	20.931248	46.56525	95.5	-46.666668	601.0	1.8351334	10.40337	29.469358	-46.2125	2080000	3.1044087e-10	77.67453	-0.012887211	-20.039186	0.78994554	0.01593942	0.11041105	13.0	5002.779547214508
208	15.59375	41.545715	86.5	-40.0	596.25	0.7726528	10.08383	29.767544	-49.71265	2090000	1.9868216e-08	101.243065	-0.015640967	-25.436615	0.80169314	0.015114362	0.11981198	19.0	5027.098246097565
209	-0.5311112	50.22174	93.7	-66.666664	614.3333	0.6182157	11.148671	29.012657	-45.267708	2100000	9.934108e-09	126.1957	-0.020094259	-41.26182	0.82183266	0.015248261	0.13151316	29.0	5051.4271647930145
210	13.331249	51.7107	93.7	-60.0	586.25	-0.53764004	10.294203	27.659723	-46.496918	2110000	1.27280755e-08	116.9343	-0.019131945	-30.666788	0.82621735	0.015200491	0.12471247	22.0	5077.159288883209
211	28.321428	36.38484	82.9	-33.333332	681.7143	0.5034564	9.875386	28.040388	-52.751217	2120000	2.0178657e-09	100.16088	-0.018085668	-40.17956	0.8070016	0.015270078	0.123912394	29.0	5102.12747836113
212	24.752085	48.007584	96.4	-40.0	590.25	1.7876946	10.207719	29.837217	-51.92061	2130000	-2.483527e-09	72.53379	-0.017210143	-20.28522	0.805306	0.015287608	0.11891189	20.0	5127.381521940231
213	6.9666667	38.699966	89.2	-66.666664	704.53845	2.5155797	10.801071	28.87098	-49.94178	2140000	-2.483527e-09	87.17896	-0.017192716	-30.134476	0.8244507	0.015192489	0.11381138	25.0	5152.543551445007
214	26.404444	50.96124	89.2	-46.666668	603.13336	0.41732952	9.963172	30.081549	-49.037407	2150000	9.934108e-09	103.22219	-0.02075026	-25.7481	0.81054455	0.015062976	0.11821183	36.0	5177.5133509635925
215	13.597619	47.189594	91.9	-53.333332	680.2857	1.7868761	10.505574	27.682589	-50.93614	2160000	-1.3659398e-08	74.613976	-0.013869211	-23.21234	0.8011191	0.015028075	0.101510145	14.0	5203.85689330101
216	16.585714	39.451794	91.0	-33.333332	656.7143	0.9130767	9.69587	27.50275	-53.374287	2170000	1.8626451e-09	107.27032	-0.011515476	-33.78962	0.80977803	0.015276893	0.09980998	12.0	5227.049872636795
217	21.46875	51.79018	91.9	-53.333332	570.9375	0.75498265	10.809106	31.798117	-53.102245	2180000	2.483527e-09	107.797585	-0.014904869	-37.67593	0.8242573	0.015110612	0.09840984	14.0	5252.624237060547
218	20.337776	48.57643	89.2	-46.666668	618.0	1.0295417	10.569883	24.55412	-49.953335	2190000	-8.692344e-09	117.70514	-0.011410943	-34.6646	0.79595214	0.015331939	0.09810981	11.0	5277.003219127655
219	24.153332	47.01328	88.3	-40.0	617.13336	0.23207118	10.747292	25.844555	-54.51947	2200000	-9.313226e-09	96.331726	-0.009261348	-30.401886	0.80680066	0.015855784	0.094109416	9.0	5301.364159345627
220	23.104443	44.334625	81.1	-60.0	606.5333	0.9371926	9.6445	26.482815	-59.335373	2210000	9.002785e-09	98.82386	-0.017371653	-28.899897	0.7816052	0.015040175	0.108210824	30.0	5326.350447893143
221	21.13778	54.88772	90.1	-46.666668	591.2	0.736669	9.452278	28.983196	-54.994812	2220000	4.346172e-09	88.800255	-0.014667849	-22.072863	0.7975583	0.015145864	0.10601061	15.0	5351.177415847778
222	19.090475	44.282482	97.3	-40.0	666.0714	0.8524412	10.172521	29.97597	-44.26478	2230000	4.656613e-09	81.08401	-0.018926986	-24.260544	0.80495405	0.015228274	0.12251225	29.0	5376.249201536179
223	18.710257	41.410168	83.8	-40.0	718.53845	1.555849	10.693389	29.754892	-46.864223	2240000	-1.4901161e-08	65.64323	-0.011648291	-17.44158	0.80433893	0.015403396	0.09240923	12.0	5400.271424293518
224	24.875557	44.885155	79.3	-53.333332	612.93335	1.3690436	10.06091	31.349527	-35.3531	2250000	1.1175871e-08	88.91801	-0.011639868	-27.761057	0.80003166	0.015453513	0.11171117	11.0	5426.564298152924
225	36.36889	43.587383	89.2	-26.666666	628.8	1.2413633	9.760016	25.928843	-52.092815	2260000	4.1909516e-09	75.77539	-0.014552511	-17.150873	0.77366036	0.015173449	0.09730973	20.0	5450.7991099357605
226	29.355555	44.625885	85.6	-40.0	614.8	2.755449	9.70071	30.578308	-38.28953	2270000	4.967054e-09	84.136345	-0.017756185	-17.575012	0.7663215	0.015084098	0.12601261	26.0	5476.083301305771
227	26.835554	50.012707	96.4	-46.666668	609.93335	1.4531857	9.791034	30.806767	-47.982822	2280000	1.5522043e-09	92.30591	-0.022214925	-26.535955	0.7541055	0.015124165	0.12331233	48.0	5502.086425304413
228	11.268889	46.132782	88.3	-46.666668	640.3333	2.3850968	10.206119	28.72949	-49.52031	2290000	2.483527e-09	106.869514	-0.013630898	-33.109028	0.7973966	0.01583499	0.099709965	13.0	5527.329634904861
229	22.075	48.88379	93.7	-53.333332	590.375	0.14136466	10.242862	28.73873	-56.61559	2300000	0.0	109.501686	-0.018714866	-40.14967	0.7955251	0.015105635	0.119411945	26.0	5554.416108369827
230	5.90889	46.88187	77.5	-60.0	629.8	1.4987876	10.898772	29.802845	-51.862198	2310000	-3.7252903e-09	109.8345	-0.017192	-31.770477	0.81242585	0.015333355	0.11291129	18.0	5575.942465305328
231	13.187501	52.12293	91.0	-53.333332	578.9375	-0.55564487	9.943193	25.636814	-47.844273	2320000	2.483527e-09	105.38798	-0.014586416	-27.147577	0.8151203	0.015156244	0.11321133	15.0	5601.96528172493
232	7.482353	51.010178	91.0	-93.333336	554.82355	-0.5549278	10.354307	30.238123	-47.390636	2330000	4.967054e-09	121.06949	-0.014333771	-38.569584	0.77912694	0.015147254	0.13431342	13.0	5627.475153207779
233	24.853334	49.34987	89.2	-40.0	568.06665	-0.020623226	9.524436	25.642147	-50.99126	2340000	-1.2417634e-08	103.54484	-0.016125755	-33.74419	0.7656379	0.015105077	0.11381137	17.0	5652.182201385498
234	19.402224	47.94487	92.8	-53.333332	643.13336	1.7901232	10.06506	28.97664	-48.92032	2350000	0.0	80.58036	-0.015065364	-25.482208	0.76278466	0.015083897	0.09740975	18.0	5679.034244298935
235	22.159525	39.677696	82.0	-33.333332	681.6429	2.135828	10.0569725	28.154493	-54.031628	2360000	9.934108e-09	89.444275	-0.01055563	-26.93516	0.7640071	0.01568959	0.088408835	10.0	5703.054539442062
236	27.617777	41.404533	85.6	-53.333332	622.73334	0.085284084	9.821974	24.313702	-51.105206	2370000	1.8626451e-09	91.05035	-0.012111296	-24.092493	0.76224786	0.015155181	0.11751175	12.0	5727.012535572052
237	15.424443	48.715023	87.4	-53.333332	644.86664	2.1152666	10.210007	29.777803	-61.19725	2380000	6.519258e-09	65.02494	-0.016265674	-15.675309	0.75967073	0.015058889	0.11401141	21.0	5751.7505140304565
238	29.393333	48.181953	92.8	-53.333332	623.2	0.052462958	10.181694	30.24269	-56.684967	2390000	-4.967054e-09	77.30946	-0.011981857	-19.1538	0.7570572	0.015271804	0.11161116	14.0	5777.9102346897125
239	20.948717	42.9941	82.9	-53.333332	698.8461	2.7402687	9.62623	29.552994	-56.708977	2400000	9.934108e-09	61.208935	-0.01429041	-16.395872	0.75589156	0.015363116	0.10741074	17.0	5802.443546295166
240	26.937777	46.102264	86.5	-46.666668	591.4	2.0428972	10.472427	29.934767	-53.960026	2410000	-4.656613e-09	73.80149	-0.010533369	-24.280336	0.74672866	0.015128304	0.08600861	11.0	5828.856513500214
241	34.56889	43.456654	96.4	-40.0	619.4	0.77531576	10.647866	27.268476	-55.60206	2420000	3.7252903e-09	85.75803	-0.013443557	-24.648691	0.7488148	0.015106355	0.097909786	15.0	5851.864838838577
242	24.204762	40.06002	73.9	-40.0	649.2857	2.2687852	9.779528	33.192245	-54.442333	2430000	1.3348957e-08	81.160126	-0.012951997	-27.166933	0.73083633	0.015565917	0.11571157	16.0	5877.662424564362
243	21.255554	48.63096	93.7	-60.0	615.93335	1.9668689	9.42661	25.671686	-54.722546	2440000	6.2088173e-10	79.38128	-0.015232176	-20.530668	0.7588067	0.015238105	0.11131114	17.0	5901.306923627853
244	11.283334	41.78889	83.8	-66.666664	658.7143	2.1070902	9.982122	28.363022	-57.30875	2450000	1.8626451e-09	80.33781	-0.013462615	-25.003555	0.7812853	0.015144606	0.10531053	15.0	5928.446516036987
245	26.420002	45.959076	92.8	-53.333332	615.3333	0.86163217	7.955273	27.159227	-51.939754	2460000	-6.829699e-09	86.47344	-0.01518941	-29.502493	0.747099	0.015147153	0.1250125	15.0	5952.501319885254
246	24.857779	44.398693	90.1	-40.0	615.0	1.7666878	9.672753	26.219069	-59.139893	2470000	-4.967054e-09	90.336845	-0.008906972	-25.5972	0.7677458	0.015623137	0.07270727	8.0	5978.730779886246
247	20.797619	45.255688	90.1	-53.333332	691.5	2.4138176	9.046112	31.23059	-42.00898	2480000	-6.208817e-09	82.01823	-0.01034678	-30.858984	0.7598166	0.016716233	0.11731174	10.0	6005.825274944305
248	23.44889	47.461914	91.0	-60.0	584.6	1.3967971	8.867685	30.762993	-54.239113	2490000	-4.967054e-09	95.6594	-0.010394284	-32.49977	0.75828123	0.015105602	0.09580958	10.0	6029.3211970329285
249	22.266666	42.138153	90.1	-46.666668	671.2143	2.2444065	9.305739	30.247559	-45.718826	2500000	-2.483527e-09	98.13315	-0.012578845	-41.478104	0.75309056	0.015138443	0.1020102	16.0	6054.349971294403
