Epoch	AverageEpRet	StdEpRet	MaxEpRet	MinEpRet	EpLen	AverageVVals	StdVVals	MaxVVals	MinVVals	TotalEnvInteracts	LossPi	LossV	DeltaLossPi	DeltaLossV	Entropy	KL	ClipFrac	StopIter	Time
0	-75.25714	22.29355	-19.6	-100.0	341.2857	-0.11116944	0.18027936	0.6160319	-0.7143716	10000	1.3659398e-08	610.4942	-0.039063726	-181.35448	3.431762	0.010989702	0.21762176	79.0	26.373126745224
1	-73.92667	32.3609	41.8	-100.0	312.26666	-7.4350824	3.765739	8.692164	-9.084693	20000	1.6142925e-08	524.3007	-0.041491922	-163.67038	3.417101	0.012961798	0.23572357	79.0	49.67489051818848
2	-68.965515	34.72203	34.0	-100.0	330.72415	-10.119067	6.6681204	13.965057	-14.854874	30000	0.0	347.52133	-0.04197694	-102.415474	3.403311	0.01224669	0.23982398	79.0	74.51791882514954
3	-76.200005	25.953695	6.4	-100.0	336.82144	-11.47935	8.627849	18.011364	-19.38252	40000	3.7252903e-09	238.90636	-0.040707182	-50.52069	3.393896	0.014772485	0.21582158	79.0	98.46771287918091
4	-70.75	29.274055	18.4	-100.0	344.67856	-14.673438	8.818751	13.251183	-22.97185	50000	-3.1044087e-10	188.24846	-0.042902607	-42.07518	3.3825653	0.014000571	0.22562258	79.0	123.90039920806885
5	-72.889656	30.82165	33.4	-100.0	320.6207	-15.458036	10.174342	10.715774	-25.698257	60000	2.4214387e-08	172.7686	-0.034742083	-34.82716	3.3652437	0.015027307	0.17181718	45.0	146.40507769584656
6	-67.692856	31.156815	13.6	-100.0	337.25	-16.500055	11.5121155	10.774636	-28.611444	70000	3.1044085e-09	179.49298	-0.041067865	-37.040127	3.3543596	0.015025139	0.23552354	65.0	169.01421117782593
7	-70.33794	31.152975	50.2	-100.0	318.9655	-15.600449	11.884973	15.307283	-30.53374	80000	-2.483527e-09	173.73088	-0.043620948	-33.806656	3.3349817	0.015043698	0.21232124	76.0	193.88943552970886
8	-70.69375	33.472374	47.2	-100.0	301.65625	-18.149242	11.880204	10.032675	-32.458824	90000	1.1175871e-08	180.04016	-0.03146288	-36.204967	3.3234556	0.015043848	0.18021803	31.0	216.108984708786
9	-67.47586	34.84893	39.4	-100.0	322.68967	-16.871876	13.386126	14.818958	-34.348602	100000	1.4901161e-08	161.11957	-0.0426995	-31.621515	3.3069458	0.015069102	0.22372238	76.0	238.99759674072266
10	-68.020004	34.213074	30.4	-100.0	309.5	-17.769783	13.559758	16.93854	-35.6135	110000	-4.967054e-09	142.11397	-0.041218817	-22.778717	3.3009598	0.015064701	0.21012102	64.0	264.83283042907715
11	-63.713333	36.736855	55.0	-100.0	316.86667	-17.610535	13.441428	30.171892	-36.889965	120000	-3.7252903e-09	147.05269	-0.04458877	-31.072363	3.29264	0.01507172	0.24282427	71.0	291.33184838294983
12	-65.206665	34.11027	34.0	-100.0	314.6	-16.558947	14.703849	15.401102	-38.124863	130000	-4.967054e-09	143.78972	-0.037475552	-28.927835	3.2747154	0.015037589	0.19881989	43.0	313.5194480419159
13	-58.9	37.97588	67.0	-100.0	313.86667	-18.355648	13.933482	18.123804	-38.98324	140000	2.483527e-09	152.67834	-0.031959515	-32.474148	3.2576382	0.015012835	0.17691769	32.0	337.0069217681885
14	-62.02143	35.843605	43.0	-100.0	332.64285	-16.16163	14.797731	20.152378	-39.319897	150000	2.7551625e-09	154.15704	-0.02360028	-34.87539	3.2379105	0.015271355	0.17891788	17.0	357.55688643455505
15	-56.193554	44.11327	80.8	-100.0	301.0645	-17.34498	12.961503	14.890322	-39.665688	160000	0.0	159.84615	-0.025047345	-43.379505	3.2277467	0.015023731	0.1870187	22.0	379.0068895816803
16	-55.393333	43.686413	67.6	-100.0	308.53333	-14.452603	14.706762	25.488417	-39.54463	170000	-1.6763806e-08	149.8034	-0.036495354	-37.974533	3.2147906	0.015149119	0.20912091	38.0	400.95932269096375
17	-52.52	44.71795	59.2	-100.0	301.8	-15.767182	14.853631	24.380424	-40.2174	180000	4.346172e-09	181.38551	-0.03084745	-42.494087	3.2072563	0.015139528	0.17661767	31.0	422.4183487892151
18	-56.193333	39.58924	67.6	-90.0	312.66666	-14.217978	14.609728	22.86961	-40.791843	190000	6.829699e-09	165.7395	-0.021789046	-38.571148	3.2055712	0.015341318	0.15391539	16.0	444.2117717266083
19	-58.13103	36.081757	63.4	-100.0	319.55173	-14.716811	15.537199	17.546541	-40.877758	200000	-4.967054e-09	189.81795	-0.044486955	-50.806824	3.1837513	0.015060221	0.22932293	64.0	466.7256062030792
20	-51.406666	36.71223	53.2	-100.0	310.03333	-16.097141	13.67596	22.044321	-41.21886	210000	1.2417635e-09	135.12094	-0.033332657	-33.331055	3.1624813	0.015057616	0.18961895	35.0	488.8055987358093
21	-47.34	43.874035	62.2	-100.0	306.3	-15.365099	14.088117	20.6909	-41.507675	220000	7.450581e-09	178.49207	-0.029608727	-45.302807	3.145623	0.015212086	0.18661864	25.0	512.3060085773468
22	-48.186665	44.70955	77.2	-100.0	311.8	-14.544315	13.652462	23.777056	-41.784714	230000	-1.2417635e-09	188.07869	-0.031613447	-45.624928	3.1171017	0.015174054	0.1741174	29.0	534.8283023834229
23	-44.70345	39.571728	52.0	-100.0	326.9655	-13.631404	14.124062	21.828001	-41.56175	240000	1.6142925e-08	162.79176	-0.037623696	-42.6378	3.0913086	0.015043902	0.21612161	43.0	556.6040318012238
24	-48.572414	38.073605	59.2	-100.0	316.72415	-12.357378	12.5165205	17.804274	-40.467834	250000	-2.483527e-09	148.62823	-0.044721927	-42.3016	3.0796435	0.014203438	0.23612362	79.0	579.0931491851807
25	-42.468964	39.89418	65.8	-90.0	331.27585	-15.54825	12.535584	16.944414	-41.6111	260000	1.1175871e-08	176.15208	-0.03635962	-52.51611	3.0435636	0.015171167	0.20432043	38.0	601.0976145267487
26	-42.56429	45.10879	79.0	-90.0	338.85715	-12.664961	12.333389	20.126862	-41.39068	270000	9.934108e-09	156.98921	-0.044152472	-36.677547	3.0072663	0.015033473	0.22512251	64.0	624.6307213306427
27	-35.784	41.88452	59.8	-100.0	381.68	-11.578143	12.926388	21.868689	-40.716343	280000	1.4745941e-09	180.85838	-0.025926555	-63.01604	2.992036	0.015132082	0.17271727	20.0	644.9216365814209
28	-39.53333	44.71871	74.2	-90.0	353.2963	-9.679467	10.618146	16.8999	-40.32282	290000	-1.2417634e-08	178.40822	-0.020077603	-47.295563	2.969429	0.015565642	0.17451744	14.0	665.5031752586365
29	-28.66	44.402676	73.6	-80.0	306.73334	-10.601596	10.609696	23.270437	-36.183678	300000	-1.3193737e-08	224.59245	-0.023060113	-61.98181	2.948332	0.015128235	0.14751475	18.0	688.7434477806091
30	-34.05	46.313637	66.4	-100.0	340.64285	-9.894474	11.200145	23.146759	-37.37169	310000	2.483527e-09	209.60014	-0.044405878	-63.728275	2.920102	0.015070046	0.23462348	68.0	711.0909290313721
31	-36.978573	41.7521	68.8	-100.0	331.92856	-10.189932	11.479817	26.235456	-37.3464	320000	-7.4117756e-09	193.07837	-0.031349	-61.44507	2.9027817	0.015480376	0.17951794	24.0	733.2986931800842
32	-28.222221	43.428146	72.4	-90.0	349.51852	-10.229952	12.0839405	23.460646	-41.26991	330000	-5.5879354e-09	207.01923	-0.032725383	-51.429657	2.8981054	0.015109221	0.20032002	32.0	755.7802317142487
33	-30.492308	43.219055	64.0	-90.0	362.46155	-9.039587	11.101083	26.87546	-38.416714	340000	-2.483527e-09	199.3206	-0.026309967	-58.637054	2.8593829	0.015323587	0.16321631	19.0	776.1644053459167
34	-40.76	35.655823	44.2	-80.0	368.16	-7.601814	10.192246	22.032589	-38.405403	350000	-5.432715e-09	178.34424	-0.023709113	-43.667706	2.8544328	0.015270223	0.1480148	19.0	798.3036003112793
35	-19.938463	39.336174	67.6	-70.0	373.0	-10.617667	9.812939	17.843761	-38.713417	360000	8.692344e-09	191.38411	-0.024883648	-55.900196	2.8494856	0.015388005	0.17071706	18.0	819.5939042568207
36	-24.807407	46.11607	65.2	-100.0	362.62964	-7.056436	9.558031	25.843044	-32.759777	370000	-3.3372392e-09	206.71379	-0.039903436	-60.08896	2.8209162	0.015052434	0.22912292	45.0	841.6688969135284
37	-29.222221	41.75886	58.0	-80.0	349.81482	-7.274444	9.556909	20.681185	-38.904655	380000	1.2417634e-08	172.12215	-0.025556078	-47.51872	2.8230278	0.015507472	0.16671668	18.0	864.5930559635162
38	-34.36923	42.852543	61.6	-90.0	368.57693	-8.534255	10.263545	19.54772	-34.46215	390000	-1.2417635e-09	178.90468	-0.04515827	-43.316456	2.8003647	0.015021585	0.24242425	76.0	887.3638191223145
39	-27.656	46.27779	76.0	-80.0	370.24	-8.97665	9.659524	18.546877	-37.462757	400000	2.173086e-09	162.51653	-0.022062965	-39.78209	2.7835877	0.015017994	0.15231523	16.0	909.5727968215942
40	-18.176	41.281563	67.6	-80.0	362.28	-7.5350156	10.336649	23.349386	-39.466766	410000	-4.346172e-09	151.7909	-0.03047041	-41.61638	2.7572467	0.015188488	0.1969197	27.0	931.9731826782227
41	-20.173914	43.233574	62.2	-80.0	399.34784	-5.580075	10.486117	22.599333	-39.456795	420000	2.483527e-09	150.24309	-0.026912851	-48.364918	2.7605817	0.015453779	0.17521751	18.0	952.8006000518799
42	-29.123077	47.320545	67.0	-100.0	337.80768	-4.513206	9.71118	28.29076	-36.044804	430000	-2.483527e-09	224.1734	-0.040203787	-68.4067	2.7325356	0.015093339	0.2189219	52.0	974.397298336029
43	-24.982607	46.73358	74.2	-100.0	369.9565	-8.002441	10.765222	36.24988	-44.11284	440000	3.7252903e-09	172.02264	-0.038383994	-52.14089	2.7290993	0.015082486	0.21532154	39.0	996.1874418258667
44	-20.585184	51.443344	70.6	-100.0	345.14816	-4.93254	10.787299	24.513992	-39.006374	450000	-9.934108e-09	245.76105	-0.024228735	-65.848625	2.6885288	0.015480752	0.19611962	19.0	1019.104531288147
45	-20.617392	45.90932	71.8	-70.0	390.65216	-5.4857073	10.61772	26.058619	-39.592964	460000	2.483527e-09	190.73914	-0.025568245	-58.289078	2.6830933	0.01505851	0.18081808	19.0	1040.3989453315735
46	-19.763636	43.647	61.0	-90.0	430.5	-6.6341705	9.760662	23.785227	-33.339348	470000	-1.9868216e-08	132.8047	-0.035968438	-43.001556	2.645258	0.015070621	0.20012002	31.0	1063.3212649822235
47	-27.376001	40.52781	56.2	-90.0	371.28	-4.6218367	9.2885685	20.989271	-32.100758	480000	8.692344e-09	163.59734	-0.04473431	-55.937252	2.6076133	0.015032715	0.24592459	68.0	1087.9811627864838
48	-21.391668	48.83214	77.2	-80.0	389.75	-7.9831486	10.448861	20.124249	-39.767426	490000	-7.450581e-09	171.29187	-0.024380455	-44.040543	2.5930834	0.01530373	0.14761476	19.0	1108.9946298599243
49	-16.48182	48.009304	70.0	-90.0	409.54544	-5.6080427	10.237877	26.454641	-38.24476	500000	-2.483527e-09	148.778	-0.02730502	-60.186157	2.6034598	0.015122951	0.17571758	19.0	1132.8628628253937
50	-15.521739	47.949417	66.4	-80.0	412.9565	-5.5912843	9.774281	23.857368	-39.37034	510000	-4.268562e-09	145.01239	-0.025990875	-47.14876	2.5724268	0.015308685	0.20762075	18.0	1154.7924981117249
51	-18.264	46.583458	80.8	-80.0	390.64	-3.9623792	9.433944	23.9441	-34.497234	520000	-4.0357313e-09	157.07193	-0.038029827	-44.005924	2.5564363	0.015087917	0.20972097	41.0	1175.7400500774384
52	-25.25	40.161934	55.0	-70.0	393.58334	-4.712519	9.515482	25.114162	-37.100445	530000	-9.002785e-09	164.88312	-0.03477429	-55.6149	2.538624	0.015092746	0.18821882	32.0	1198.3923387527466
53	-10.181818	40.852013	75.4	-60.0	402.86365	-7.1319304	9.740467	23.158676	-38.247208	540000	-1.2417635e-09	130.72797	-0.034015596	-52.348293	2.5088713	0.015256754	0.19141912	30.0	1221.042908668518
54	-15.353847	48.847523	76.6	-100.0	367.53845	-3.8638835	9.244683	24.399405	-37.0787	550000	3.1044085e-09	194.68488	-0.028329367	-77.39512	2.48797	0.015417062	0.19951995	21.0	1243.776700258255
55	-16.708334	47.3173	70.6	-90.0	395.66666	-5.2579384	11.484947	25.04861	-35.01847	560000	2.483527e-09	189.77934	-0.036067616	-62.35194	2.456006	0.015038322	0.21072108	41.0	1268.0713744163513
56	-9.888	46.92067	65.8	-80.0	380.84	-5.061044	8.8172455	31.195759	-37.650394	570000	9.934108e-09	158.43694	-0.041059237	-52.988873	2.4174547	0.015075673	0.20942093	52.0	1290.9353821277618
57	-10.768001	46.328625	67.6	-80.0	370.64	-2.7862537	9.693418	24.838514	-41.05902	580000	-4.967054e-09	173.63	-0.022078559	-57.727154	2.4230468	0.015058535	0.16241623	16.0	1312.5840940475464
58	-24.625	42.970737	68.2	-90.0	391.75	-3.27635	11.309428	25.711561	-43.071213	590000	-1.2417634e-08	183.59119	-0.026824495	-64.49209	2.4187489	0.015508872	0.17801781	21.0	1333.5810165405273
59	-15.536365	47.08362	69.4	-90.0	407.5	-7.1347466	11.287786	24.416264	-41.8945	600000	-9.934108e-09	147.77	-0.0252842	-61.520844	2.433489	0.015336716	0.1670167	18.0	1354.8435146808624
60	-5.9478254	46.792686	78.0	-80.0	395.82608	-3.7526693	10.168277	23.921684	-32.08229	610000	1.800557e-08	183.09279	-0.02779072	-61.36951	2.429389	0.015348422	0.1842184	18.0	1376.7544248104095
61	-13.572726	43.53612	76.0	-70.0	400.5909	-3.1640024	9.2437315	20.735285	-31.620382	620000	-9.934108e-09	157.67296	-0.02468724	-64.84594	2.4065762	0.015101756	0.18761878	19.0	1398.6724050045013
62	-27.84348	44.742043	71.2	-70.0	392.30435	-4.329403	10.135354	22.867666	-38.02816	630000	1.6142925e-08	155.12543	-0.028792309	-57.513584	2.36854	0.01520756	0.16451645	20.0	1421.0520479679108
63	-23.464	50.038055	75.4	-100.0	393.64	-7.1641545	9.847148	26.282576	-46.252563	640000	5.7431557e-09	172.74815	-0.03037216	-60.52979	2.3279822	0.015173059	0.1671167	27.0	1444.2595448493958
64	-15.0	46.387684	67.6	-80.0	429.90475	-6.913419	10.8933935	28.217825	-40.791737	650000	-9.934108e-09	146.29951	-0.034728095	-61.849823	2.3102455	0.015110957	0.20352036	28.0	1468.1217365264893
65	-14.991666	46.32956	74.2	-80.0	387.375	-3.6052604	9.733409	23.76161	-32.29634	660000	0.0	174.93925	-0.022380898	-49.404613	2.2456753	0.015062633	0.15821582	15.0	1491.2618536949158
66	-13.590909	42.35828	68.2	-80.0	413.04544	-4.2989798	10.6350975	22.627506	-34.18288	670000	-7.916242e-09	134.86594	-0.035822954	-34.19247	2.2490048	0.015046882	0.19591959	38.0	1513.995453119278
67	-16.7	50.458996	82.6	-70.0	375.125	-4.9630933	9.721722	21.689854	-41.271736	680000	1.2417635e-09	174.11426	-0.035050027	-56.86825	2.2500226	0.015032806	0.19261926	35.0	1537.3860249519348
68	-15.18261	43.676716	71.8	-90.0	396.73914	-6.352284	10.736522	26.087769	-40.20395	690000	-3.4769375e-08	161.56126	-0.01973587	-56.053207	2.2559552	0.015085779	0.12431244	13.0	1558.8394067287445
69	-5.419048	46.99629	73.0	-70.0	428.7619	-4.5969453	10.486793	26.916412	-33.851513	700000	-1.0554989e-08	134.62195	-0.041800912	-46.861492	2.25094	0.015237066	0.20952095	46.0	1581.163153886795
70	-18.571428	44.73308	78.0	-70.0	420.14285	-1.790463	9.195478	25.967491	-28.040289	710000	-1.2417634e-08	158.95888	-0.02267848	-38.925007	2.205455	0.015255471	0.1689169	18.0	1603.7980208396912
71	-14.619047	40.471832	61.6	-80.0	441.5238	-4.3406096	9.407887	29.368654	-31.195478	720000	-1.14863115e-08	110.63159	-0.028652808	-36.674435	2.2209635	0.015007493	0.18191819	22.0	1625.3450107574463
72	-7.991304	48.20321	78.4	-70.0	395.13043	-3.4372654	8.8626995	24.024279	-26.441046	730000	0.0	183.07433	-0.028496966	-57.522095	2.1737068	0.0153171485	0.18781878	21.0	1648.6627309322357
73	-17.826086	43.209473	68.2	-90.0	413.30435	-3.5454721	10.787118	25.387638	-37.89973	740000	-1.1175871e-08	145.38141	-0.03435504	-55.64973	2.161278	0.015041347	0.180018	37.0	1672.2837345600128
74	-5.0727267	42.133923	77.8	-60.0	411.63635	-5.0805387	10.398385	26.821762	-32.55165	750000	8.692344e-09	145.41899	-0.022709498	-47.940357	2.1596615	0.015189233	0.15971597	17.0	1694.2453217506409
75	-5.6239996	51.723057	76.0	-70.0	380.72	-2.8227468	9.434846	26.390274	-33.847855	760000	7.450581e-09	201.20764	-0.019141588	-82.485466	2.0895872	0.015345602	0.11651165	14.0	1717.1410636901855
76	-6.9166665	48.234356	78.4	-80.0	395.875	-3.2111132	11.038975	28.560232	-35.774178	770000	7.450581e-09	176.37248	-0.035956156	-65.66311	2.0887728	0.015028774	0.20032005	34.0	1740.699300289154
77	-10.972728	44.74665	72.4	-80.0	414.9091	-2.440881	11.165758	26.248074	-31.54538	780000	-1.5677264e-08	143.82033	-0.025330393	-47.666065	2.1189153	0.01505943	0.19491948	20.0	1763.4004595279694
78	-6.009524	43.3473	69.4	-60.0	434.66666	-3.844356	10.190356	25.305597	-36.843674	790000	-6.829699e-09	150.19572	-0.029085377	-61.129444	2.1171286	0.015125546	0.1569157	26.0	1786.5620286464691
79	2.9181817	42.321182	72.0	-70.0	433.63635	-2.2666268	10.478208	24.10079	-32.639584	800000	-5.5879354e-09	110.98431	-0.030633608	-38.300983	2.1443014	0.015099689	0.15571557	26.0	1809.0061452388763
80	-18.527273	42.057735	71.8	-80.0	415.81818	-1.3810879	9.869433	22.966932	-29.393703	810000	1.1175871e-08	153.68452	-0.02172715	-63.1309	2.0922453	0.015181473	0.14421442	16.0	1832.536096572876
81	-2.0181813	42.015663	80.8	-60.0	416.18182	-4.2515984	8.723409	24.187557	-27.994015	820000	-1.4901161e-08	118.414	-0.027812228	-44.016815	2.099737	0.015314788	0.15881588	24.0	1854.2536759376526
82	-12.090909	44.793415	67.0	-80.0	426.22726	-1.074547	10.1462345	26.843111	-29.32193	830000	6.0535967e-09	137.56879	-0.02086292	-41.46146	2.1374428	0.01555545	0.13041306	17.0	1877.9111218452454
83	1.8	49.83435	81.4	-90.0	387.76	-3.7614336	9.308159	24.452925	-33.51996	840000	4.967054e-09	176.1507	-0.024997761	-53.412983	2.100724	0.015224452	0.159916	23.0	1901.727581501007
84	-9.208333	48.980354	78.0	-80.0	384.91666	-1.0957264	9.9043665	26.543789	-33.618805	850000	-1.3659398e-08	181.24677	-0.025572484	-71.54675	2.0924377	0.015321632	0.15481548	20.0	1924.053862810135
85	-5.037037	50.726284	76.6	-90.0	366.25925	-4.238251	11.468706	24.88507	-35.814716	860000	2.483527e-09	193.18596	-0.026426027	-57.611485	2.047593	0.0150695	0.17841785	26.0	1948.7929611206055
86	0.7000004	42.598667	74.8	-50.0	409.54544	-3.8904285	11.818144	29.586824	-38.132812	870000	-3.7252903e-09	142.75829	-0.025341922	-61.460094	2.0682697	0.015415908	0.17401741	20.0	1970.057623386383
87	0.8909092	42.059772	73.0	-80.0	418.04544	-0.6674308	10.387797	26.532484	-26.416592	880000	6.208817e-09	139.85011	-0.036962803	-51.39633	2.078558	0.015071186	0.19401939	52.0	1994.02423453331
88	-1.6166668	50.231396	70.6	-90.0	401.375	-0.8260205	8.749118	26.27728	-26.041552	890000	9.934108e-09	191.87361	-0.020182092	-56.995026	2.0553505	0.015042037	0.14681469	16.0	2015.9442119598389
89	-2.0916665	50.43854	83.8	-90.0	399.04166	-1.1982039	9.250785	26.244225	-32.257607	900000	1.4280279e-08	159.50136	-0.027296135	-53.08649	2.052573	0.015042019	0.15181519	23.0	2037.2072896957397
90	4.3919997	53.168575	78.4	-90.0	374.84	-1.348018	10.529166	29.394054	-35.358482	910000	4.967054e-09	194.94951	-0.03209479	-64.39957	2.030432	0.01502321	0.1850185	42.0	2059.4748623371124
91	-4.1333337	44.90908	77.2	-90.0	404.70834	-2.0229428	12.665121	30.99177	-34.26413	920000	1.8626451e-09	197.81703	-0.035554167	-62.93037	2.0329149	0.015003584	0.19331934	44.0	2082.174214363098
92	7.566666	43.330345	76.0	-60.0	389.83334	-2.1699488	10.170782	30.839323	-34.72731	930000	-6.208817e-09	196.48326	-0.042040486	-65.10703	1.993743	0.0150584085	0.22532253	73.0	2105.706787586212
93	-4.3916664	49.682373	71.2	-80.0	398.41666	-0.15936008	9.4372015	28.719427	-35.959843	940000	2.483527e-09	163.83879	-0.019924136	-66.094696	2.0173767	0.015675867	0.11111111	13.0	2128.4256138801575
94	0.9923081	53.521828	88.0	-90.0	359.0	-1.0673282	10.455749	25.051607	-34.29226	950000	1.4901161e-08	228.13501	-0.03271131	-66.79831	2.0250337	0.015095015	0.18541853	38.0	2150.9072666168213
95	13.391999	42.241344	76.0	-50.0	391.04	-1.7039175	11.368134	29.782701	-37.742943	960000	4.967054e-09	168.01909	-0.023612345	-54.69823	1.9870573	0.015273717	0.1580158	21.0	2173.6638329029083
96	8.078261	47.00541	81.4	-100.0	396.52173	1.0763601	10.228419	37.47742	-30.123814	970000	4.346172e-09	204.02533	-0.029221272	-75.00729	1.9751717	0.015084962	0.17701769	24.0	2196.649364233017
97	4.9142857	42.706734	74.0	-60.0	416.09525	-0.51045555	10.161315	26.16439	-31.527882	980000	4.967054e-09	145.9374	-0.030958494	-59.377594	2.0294888	0.015038431	0.17301731	27.0	2218.916697740555
98	6.027273	43.082977	80.2	-60.0	407.18182	-0.7064399	8.815522	23.803328	-31.856283	990000	-9.934108e-09	161.80066	-0.02850101	-55.285908	2.0142276	0.015040863	0.16721672	24.0	2240.884606361389
99	-7.8086944	44.583035	69.4	-80.0	410.13043	-0.59031874	10.989764	32.051533	-33.13238	1000000	-2.483527e-09	165.56615	-0.020597694	-64.35374	1.9974073	0.015416256	0.12001201	14.0	2263.0091869831085
100	4.4960003	47.67608	86.8	-70.0	381.52	-2.9130368	10.720939	25.749315	-35.481968	1010000	6.208817e-09	200.40425	-0.028390124	-58.613575	1.9481376	0.015003313	0.1560156	29.0	2285.59654545784
101	-0.109090805	43.088398	74.8	-60.0	411.9091	-0.7434924	10.245156	30.234758	-27.6699	1020000	1.2417635e-09	148.01485	-0.024719156	-42.721455	1.9329034	0.0152206095	0.13891388	22.0	2308.7384469509125
102	11.672	48.43915	74.8	-90.0	389.84	-1.4805907	9.038605	33.607494	-27.051193	1030000	-1.800557e-08	167.3394	-0.02570262	-68.00387	1.8721164	0.015356519	0.14921492	24.0	2331.7796683311462
103	-4.6545453	43.711746	70.0	-70.0	434.95456	0.0008198161	10.483067	31.151434	-30.44559	1040000	1.9868216e-08	144.03886	-0.03261529	-64.670235	1.9345604	0.015060775	0.18861885	32.0	2355.476563692093
104	24.4	43.922897	80.8	-80.0	406.73914	-1.5565873	9.680696	29.903568	-29.193691	1050000	1.086543e-08	165.8816	-0.024858639	-71.3855	1.8680425	0.015011345	0.14001401	21.0	2376.7355806827545
105	22.432	48.31343	88.0	-50.0	382.6	2.8678324	8.823563	30.274422	-31.079592	1060000	-1.4901161e-08	146.14967	-0.03445321	-34.181732	1.8308182	0.015051529	0.17841785	47.0	2401.333405971527
106	6.24	44.41117	80.0	-60.0	384.68	3.2962272	9.482952	32.589775	-23.113989	1070000	5.5879354e-09	193.3022	-0.043416183	-77.80645	1.8196889	0.014008358	0.23232323	79.0	2425.1781401634216
107	15.356523	52.162254	74.2	-70.0	401.82608	-0.7770247	10.524161	31.033972	-31.74224	1080000	-9.934108e-09	178.74646	-0.025896514	-69.56055	1.8005673	0.015255588	0.13471347	22.0	2447.8988041877747
108	7.27619	47.265713	82.0	-70.0	421.09525	1.4859343	11.21257	29.943346	-30.48392	1090000	8.692344e-09	113.090515	-0.0275278	-39.136356	1.8060646	0.015140474	0.15911593	21.0	2470.1815855503082
109	5.4	47.181046	75.4	-70.0	415.27274	-0.6546676	9.473061	26.993345	-26.814842	1100000	6.208817e-09	156.39418	-0.030307516	-49.81341	1.8147815	0.015127272	0.16361636	29.0	2492.7453594207764
110	16.847618	41.275146	86.0	-50.0	440.2857	0.042800423	9.676015	30.9135	-29.072016	1110000	-4.967054e-09	125.496315	-0.032322686	-42.58305	1.8261482	0.015088685	0.16671665	32.0	2515.9166316986084
111	13.686956	46.22974	92.0	-60.0	411.56522	2.0533087	9.638299	28.32315	-26.241007	1120000	-4.967054e-09	198.64	-0.023590138	-63.152744	1.727372	0.015005254	0.15761577	20.0	2538.124292373657
112	13.843479	46.360138	82.6	-70.0	408.34784	-0.15915926	10.130932	29.395962	-41.656063	1130000	-4.967054e-09	176.28944	-0.024514118	-63.777027	1.7641605	0.015183873	0.14981498	21.0	2560.471892595291
113	5.9083333	49.28093	80.8	-60.0	402.16666	1.006282	9.650095	28.200176	-31.640427	1140000	3.7252903e-09	186.48122	-0.031101858	-66.059296	1.7712542	0.015038493	0.1720172	39.0	2583.511245727539
114	32.066666	47.95323	84.0	-50.0	381.79166	0.02206155	10.812021	32.55729	-31.093138	1150000	-1.2417634e-08	171.0039	-0.021046272	-73.91993	1.7392403	0.015720775	0.13061306	16.0	2605.782938718796
115	8.44762	48.1502	80.0	-70.0	450.57144	3.9292207	11.05055	31.8865	-41.75629	1160000	-9.934108e-09	170.8141	-0.028672246	-77.38631	1.7915039	0.01503371	0.17141713	26.0	2628.62354183197
116	8.5	45.425175	82.6	-60.0	406.375	0.22440998	9.555147	28.85268	-31.980946	1170000	2.483527e-09	171.47285	-0.022905959	-67.51822	1.8462373	0.015342961	0.1519152	17.0	2651.7074937820435
117	18.73913	50.34035	86.2	-60.0	415.13043	-0.035699822	9.749506	29.734613	-34.284412	1180000	-9.934108e-09	161.22768	-0.028695099	-48.115116	1.7684506	0.015029143	0.16371638	32.0	2675.7483792304993
118	11.40909	51.506203	85.0	-70.0	412.95456	1.0240767	10.359917	32.50931	-34.3912	1190000	1.2417635e-09	150.32628	-0.025397398	-42.088295	1.8009924	0.015163627	0.16031604	23.0	2697.8864827156067
119	15.818182	45.111214	85.0	-50.0	433.31818	1.4836974	10.127822	33.50231	-30.144714	1200000	-2.483527e-09	171.44006	-0.04173522	-47.4711	1.7983745	0.0151050165	0.21532154	63.0	2722.7948677539825
120	31.225	47.634975	94.0	-50.0	394.20834	2.164353	9.120601	32.87399	-26.191053	1210000	7.450581e-09	157.09004	-0.025507554	-52.297165	1.7339044	0.015091378	0.15221523	20.0	2746.485280752182
121	28.352383	37.932617	74.8	-30.0	443.57144	5.0292926	9.628945	33.577816	-31.037632	1220000	3.4148495e-09	134.31041	-0.028608406	-42.013756	1.7359468	0.015099324	0.17061706	35.0	2769.872699737549
122	12.782609	47.22545	77.8	-50.0	405.34784	3.3716354	9.371867	32.90147	-30.168064	1230000	6.208817e-09	187.88776	-0.027022585	-63.156094	1.7344037	0.015381924	0.16651665	28.0	2792.2068564891815
123	14.248	50.30118	80.8	-80.0	389.92	1.5859858	10.68811	32.370235	-37.371624	1240000	1.3659398e-08	201.5887	-0.025789434	-60.18281	1.725891	0.01503313	0.17241724	29.0	2816.2792394161224
124	10.380952	47.58723	86.2	-70.0	423.7143	-0.37910584	12.34156	35.145363	-40.311745	1250000	4.967054e-09	210.58138	-0.025265189	-93.09722	1.7223026	0.015056831	0.16411643	20.0	2840.2176506519318
125	16.52381	43.63897	94.0	-50.0	435.0	-0.02911108	10.323948	33.11869	-38.60305	1260000	8.692344e-09	167.14864	-0.025798777	-70.331566	1.7303224	0.015474539	0.16441645	23.0	2862.335372209549
126	7.281819	48.44572	80.8	-70.0	420.4091	1.4812996	10.567608	34.304836	-33.01203	1270000	7.450581e-09	167.90395	-0.025273493	-56.48219	1.6799798	0.015203409	0.16141614	25.0	2884.931543111801
127	21.272728	42.785236	88.0	-50.0	436.95456	-0.90978616	11.417489	32.704422	-39.68103	1280000	0.0	166.58568	-0.029964508	-72.26363	1.6879355	0.015118661	0.15861587	28.0	2906.627409219742
128	19.2	46.973736	88.0	-50.0	402.21738	3.0142372	9.468133	34.91126	-28.46317	1290000	1.4901161e-08	153.65	-0.018419167	-52.129505	1.6724606	0.015817227	0.10621062	13.0	2928.707807779312
129	21.165218	44.430214	90.4	-60.0	408.65216	2.7128673	10.323877	37.084217	-24.677635	1300000	-2.4835268e-08	169.49586	-0.03141888	-46.18263	1.6363978	0.015055011	0.18851884	42.0	2952.395224094391
130	29.600002	47.872112	82.0	-70.0	389.73914	2.7140388	10.521577	34.30057	-28.39413	1310000	-7.450581e-09	192.11096	-0.031833474	-57.34578	1.638155	0.015037344	0.17721772	35.0	2975.7703704833984
131	12.581818	44.466656	98.0	-50.0	414.0	3.1702778	10.173826	34.52774	-26.84176	1320000	-2.483527e-09	176.15492	-0.018981805	-67.10038	1.6292219	0.015183625	0.14121412	13.0	2998.5592124462128
132	21.154547	42.648968	76.6	-60.0	416.22726	1.8969939	10.327876	31.476887	-35.861996	1330000	-1.14863115e-08	162.47157	-0.027874721	-62.23613	1.6409777	0.015041008	0.16561656	29.0	3023.163950920105
133	12.7047615	45.05715	91.0	-50.0	433.0476	2.3055594	9.693571	34.112617	-39.13977	1340000	6.208817e-09	160.03465	-0.024330502	-68.774376	1.6173161	0.015452884	0.15171517	20.0	3045.0622158050537
134	20.047619	40.34026	80.8	-40.0	460.90475	0.27007133	10.182001	33.307415	-33.2378	1350000	1.4901161e-08	134.7747	-0.020312333	-43.902496	1.586927	0.015368174	0.1639164	15.0	3070.5834379196167
135	20.49524	41.2053	79.6	-50.0	441.1905	1.3762915	9.348474	31.09352	-34.880634	1360000	1.27280755e-08	115.7691	-0.019444585	-32.891514	1.5783659	0.015120407	0.12911291	15.0	3093.1379754543304
136	15.026087	48.428604	79.6	-70.0	402.13043	2.6427956	9.711671	34.767563	-28.262741	1370000	-9.934108e-09	205.08965	-0.019067394	-78.93366	1.5714997	0.015640916	0.12551256	15.0	3116.685091972351
137	30.918182	39.58134	83.8	-40.0	416.0909	1.3758123	9.689258	30.71375	-33.517666	1380000	0.0	167.98912	-0.020009808	-85.18343	1.5846153	0.015414875	0.13091308	16.0	3140.082602262497
138	20.886957	44.86187	94.0	-70.0	410.6087	3.5053098	9.554156	31.15023	-25.315996	1390000	4.414081e-09	210.87378	-0.023500705	-88.08462	1.5825227	0.015077613	0.14891489	23.0	3163.28036570549
139	20.72174	43.477837	79.6	-50.0	408.0435	2.811391	9.562508	30.40242	-39.341022	1400000	-9.934108e-09	147.49345	-0.032132357	-43.775333	1.5173749	0.0150257945	0.16871686	46.0	3187.0417971611023
140	24.227272	50.577583	94.0	-50.0	407.9091	2.6126518	9.882216	33.54047	-33.672607	1410000	4.967054e-09	189.75555	-0.016818643	-69.5501	1.5562583	0.01514905	0.11871187	12.0	3209.6225666999817
141	33.554546	40.15293	82.0	-50.0	423.45456	3.5040138	10.511918	34.387825	-30.065975	1420000	-1.5522042e-08	137.65977	-0.030001303	-62.599293	1.532976	0.015003935	0.17401741	29.0	3233.212916612625
142	25.852173	48.45298	79.0	-60.0	388.73914	4.9879823	8.470768	27.934265	-27.393734	1430000	-1.2417634e-08	163.68011	-0.029045157	-42.479153	1.559885	0.0151833445	0.17071706	29.0	3255.466054201126
143	29.336365	37.180073	73.6	-40.0	427.54544	3.5591474	8.998404	31.874275	-27.637268	1440000	-1.2417635e-09	133.25233	-0.030436747	-46.616436	1.5484525	0.015072654	0.16761677	33.0	3278.460438489914
144	25.97143	37.537296	91.6	-40.0	442.2381	3.945983	8.248696	32.27364	-34.15893	1450000	6.208817e-09	119.4616	-0.023661867	-42.910175	1.5690025	0.01505104	0.14681469	18.0	3299.7126343250275
145	18.961905	51.32828	88.0	-60.0	423.57144	3.3850346	9.931247	32.689693	-27.655153	1460000	1.2417634e-08	145.69385	-0.023329591	-36.922184	1.5748905	0.015121984	0.14671467	20.0	3322.0101988315582
146	42.381817	40.13119	88.0	-60.0	406.04544	3.3878977	9.203951	33.09389	-28.23918	1470000	8.692344e-09	137.39893	-0.020617865	-41.089714	1.5445627	0.015199371	0.15631562	18.0	3345.3162775039673
147	26.263636	52.101208	100.0	-60.0	411.13635	5.064409	9.819322	35.986786	-28.56792	1480000	-9.701276e-10	179.73535	-0.019817928	-65.31885	1.550159	0.015171469	0.16151614	15.0	3371.004316329956
148	23.243477	48.213364	78.4	-80.0	404.0435	4.062448	10.74091	36.68273	-33.135216	1490000	-4.967054e-09	198.3596	-0.036618132	-68.25197	1.5263902	0.0144867	0.20062007	79.0	3396.4220871925354
149	21.872728	46.4534	84.4	-60.0	424.4091	2.3771508	10.872158	34.93174	-32.138	1500000	-7.450581e-09	135.44772	-0.027203476	-50.186954	1.5456729	0.015185818	0.14851485	28.0	3417.971198797226
150	32.72381	47.14292	100.0	-70.0	424.2857	2.033487	10.856055	31.068146	-30.39164	1510000	-7.761021e-09	152.32832	-0.0216129	-55.85735	1.5087814	0.015323774	0.16541655	16.0	3439.3711264133453
151	14.730434	49.751995	82.0	-80.0	390.65216	5.3166776	9.164731	33.71843	-25.169098	1520000	-8.692344e-09	231.64948	-0.034944404	-93.38752	1.5241979	0.015090208	0.20002	73.0	3462.016263961792
152	28.2	44.832253	90.0	-40.0	423.0	1.273238	10.391332	33.77732	-31.56546	1530000	-2.483527e-09	150.01573	-0.027559394	-53.662903	1.5417079	0.015153731	0.16511652	29.0	3484.9122910499573
153	26.095238	43.977077	83.2	-50.0	443.7619	3.587657	9.71987	32.083683	-32.393105	1540000	2.4835268e-08	152.81212	-0.029974347	-60.735943	1.5146087	0.015035905	0.16731673	33.0	3507.933608531952
154	24.285715	43.495136	76.0	-80.0	438.1905	3.6711512	10.6775465	34.186314	-30.060081	1550000	-1.8626451e-09	152.6258	-0.03411972	-55.1663	1.4842373	0.0151275275	0.18401839	58.0	3530.431849718094
155	30.809088	42.037838	96.0	-60.0	441.86365	2.7514796	8.999548	32.138348	-36.540768	1560000	-3.1044085e-09	113.59493	-0.02084569	-47.33727	1.5374131	0.015541665	0.13441344	15.0	3552.818799972534
156	23.736364	39.737568	76.0	-40.0	423.77274	4.6170044	9.313958	34.074455	-28.181633	1570000	0.0	174.7631	-0.03972367	-69.64017	1.5277802	0.015021779	0.20262027	66.0	3578.1871795654297
157	25.304764	50.21332	89.8	-50.0	420.38095	3.2791095	9.558481	32.8895	-32.403328	1580000	9.934108e-09	163.71082	-0.019447856	-47.760777	1.5103537	0.015038595	0.13251324	16.0	3599.2906403541565
158	28.913044	39.702232	83.8	-40.0	411.91306	4.299254	9.204356	32.93109	-28.726456	1590000	-6.2088173e-10	169.34392	-0.038680267	-59.599895	1.5074797	0.015074504	0.20442045	74.0	3623.0131571292877
159	46.469566	29.311497	83.8	-20.0	413.13043	4.327848	10.12673	34.473118	-38.554363	1600000	9.934108e-09	134.10425	-0.020257017	-51.15518	1.513618	0.015295107	0.13341333	17.0	3645.43510389328
160	41.91818	31.333841	90.0	-30.0	418.4091	7.0576606	9.439158	36.080536	-33.88414	1610000	-1.1796753e-08	113.27303	-0.020088434	-35.40193	1.5173012	0.015064146	0.14081408	15.0	3666.665123462677
161	40.02609	43.33924	90.0	-60.0	413.78262	6.813676	7.5985665	32.06279	-36.816414	1620000	1.4901161e-08	155.20683	-0.020112893	-47.85005	1.5142168	0.015195017	0.15941595	16.0	3690.793938398361
162	31.518183	42.40582	94.0	-40.0	438.0	5.8971853	9.661224	37.718178	-34.627697	1630000	-1.3038516e-08	151.59473	-0.028891535	-54.27125	1.4702543	0.015018582	0.17161715	35.0	3714.5323226451874
163	40.80833	34.642387	86.8	-30.0	400.125	4.7334967	9.392996	37.014603	-37.037823	1640000	2.483527e-09	150.6116	-0.032990076	-51.92775	1.4784225	0.015079543	0.19071907	52.0	3739.6113538742065
164	33.01739	42.7989	84.0	-60.0	425.9565	6.1234636	9.3077345	39.924793	-35.174583	1650000	-9.934108e-09	130.14049	-0.022790378	-38.654713	1.4544715	0.015186962	0.1710171	20.0	3763.160029888153
165	29.921741	42.365314	80.8	-60.0	431.73914	4.955014	9.279995	37.70351	-26.626896	1660000	-7.450581e-09	173.55603	-0.020486956	-72.57017	1.4923025	0.015409519	0.16081609	16.0	3785.516562461853
166	30.657145	43.690914	88.0	-80.0	428.57144	4.40291	9.44513	36.36326	-41.66786	1670000	-2.2351742e-08	157.10495	-0.014472474	-62.947178	1.5089384	0.0150314355	0.14021401	10.0	3807.4082016944885
167	42.172726	40.58066	92.0	-30.0	428.95456	4.0916657	9.016652	31.824194	-27.557219	1680000	-1.2417635e-09	141.87598	-0.026797125	-55.71098	1.4911865	0.015023951	0.150015	29.0	3830.4454941749573
168	47.59131	36.323784	90.0	-30.0	428.91306	6.4224234	9.127685	37.047115	-30.446604	1690000	-1.2417634e-08	137.80202	-0.020492911	-47.51645	1.4601722	0.015627144	0.14711471	16.0	3853.8205909729004
169	21.145454	42.958763	83.2	-40.0	432.0909	6.5755615	9.845148	37.479687	-31.753742	1700000	-5.7431557e-09	169.71986	-0.019071909	-73.43812	1.5036637	0.0154453665	0.14391439	15.0	3877.358307361603
170	43.890907	36.875355	100.0	-50.0	431.45456	2.6998382	10.87305	36.217896	-33.2303	1710000	-1.831601e-08	161.83498	-0.019881384	-91.3176	1.4697245	0.015096761	0.1358136	15.0	3900.459811925888
171	39.354546	37.557323	100.0	-30.0	436.5909	6.806742	8.450226	36.892185	-31.116123	1720000	-1.4901161e-08	156.47478	-0.027451059	-48.98236	1.474887	0.0150050195	0.17161717	26.0	3923.867895126343
172	20.182608	45.449787	86.2	-60.0	408.0435	6.2146316	9.633745	38.22504	-40.17721	1730000	-2.483527e-09	206.83888	-0.023544947	-98.38165	1.4630462	0.015010585	0.1540154	22.0	3946.811002969742
173	40.13333	31.652597	88.0	-30.0	446.0476	2.6615956	9.53743	35.70814	-33.58351	1740000	2.7318796e-08	151.92604	-0.03584552	-60.228424	1.4380288	0.015095728	0.1861186	60.0	3971.058804512024
174	32.739132	39.17197	78.4	-70.0	415.52173	5.3172636	7.7428956	39.19601	-27.643446	1750000	2.0489097e-08	142.3308	-0.016678115	-49.777496	1.4550748	0.015180328	0.15281528	12.0	3992.86421084404
175	34.078262	41.64954	86.2	-40.0	405.21738	4.2522006	9.772189	36.41352	-43.350044	1760000	-1.4901161e-08	141.8578	-0.019033844	-41.09265	1.4257361	0.015218153	0.16111611	15.0	4016.969972372055
176	44.863636	32.957623	98.0	-50.0	405.5	5.463593	10.026233	40.875862	-45.330505	1770000	-4.967054e-09	123.66747	-0.01904113	-38.959126	1.4131106	0.016001888	0.160016	14.0	4038.3897635936737
177	38.773914	39.744064	90.0	-70.0	412.69565	6.9673076	9.457217	36.73004	-24.83068	1780000	4.967054e-09	139.61287	-0.020675011	-56.79804	1.3896927	0.015368401	0.1170117	15.0	4060.8719143867493
178	39.466667	31.153954	80.2	-20.0	448.61905	5.8443327	8.398785	35.010307	-20.043118	1790000	-1.2417635e-09	114.65396	-0.037274573	-39.190937	1.3608904	0.015026432	0.19011903	67.0	4085.6172001361847
179	46.626087	25.1965	85.0	-20.0	415.13043	5.3069577	9.089708	38.638203	-21.669449	1800000	2.483527e-09	111.20034	-0.022220632	-44.254627	1.3648896	0.015170023	0.1429143	17.0	4107.931663274765
180	34.945457	32.38974	78.4	-30.0	439.0909	7.4790463	7.5990443	36.10501	-22.717255	1810000	-1.7384687e-08	103.80304	-0.029716184	-40.351635	1.3485678	0.0150728235	0.16351634	31.0	4131.892085313797
181	48.125	28.734812	81.4	-20.0	388.95834	5.376905	8.667486	39.44489	-22.020607	1820000	-7.450581e-09	124.600746	-0.037156306	-39.36426	1.3531576	0.014266861	0.20572059	79.0	4154.424428224564
182	44.19091	25.499054	94.0	-10.0	426.5	7.3775983	9.429487	42.485317	-25.779682	1830000	-1.2417635e-09	87.55143	-0.020867178	-36.07083	1.342803	0.015134308	0.14051406	16.0	4179.785838842392
183	44.32	34.023003	84.4	-50.0	386.16	7.8991857	8.192416	34.971935	-24.269312	1840000	7.450581e-09	114.970215	-0.02366971	-39.53109	1.3200741	0.015180745	0.15011501	19.0	4202.025501012802
184	35.309093	33.355373	80.8	-50.0	425.86365	6.6685343	8.897417	35.02687	-28.947905	1850000	-1.4901161e-08	136.52283	-0.016711941	-46.281918	1.3312293	0.01511366	0.15911591	12.0	4225.630433320999
185	45.2	36.737564	88.0	-40.0	402.6087	5.993263	8.404152	36.870777	-22.056265	1860000	-1.2417634e-08	126.6662	-0.032176685	-40.94083	1.2831918	0.01514146	0.16291629	49.0	4248.463680028915
186	36.95	34.711967	73.0	-40.0	390.29166	7.849282	9.391263	40.847706	-26.29252	1870000	9.934108e-09	191.21051	-0.028186722	-58.75984	1.2982107	0.015022885	0.170017	43.0	4271.202281475067
187	46.833332	37.828148	100.0	-20.0	395.58334	5.968364	9.402412	38.349384	-30.356785	1880000	1.2417635e-09	162.9364	-0.018269641	-70.50956	1.2630537	0.015112895	0.13041304	16.0	4293.936904430389
188	44.05	35.37665	88.0	-40.0	394.16666	8.377869	9.92614	39.05694	-32.67276	1890000	9.934108e-09	158.94499	-0.03649618	-69.54696	1.2586468	0.014877793	0.20012002	79.0	4317.25394320488
189	48.63479	34.478054	100.0	-20.0	406.52173	7.2326517	9.49104	37.87158	-34.628666	1900000	-4.967054e-09	151.99937	-0.018877601	-55.243244	1.2379446	0.01513837	0.1310131	15.0	4338.91535949707
190	40.89524	29.990576	88.0	-10.0	455.7143	6.6964326	9.520298	37.9469	-27.29472	1910000	-9.934108e-09	114.20518	-0.021693135	-35.813457	1.2561527	0.015116327	0.14251424	19.0	4362.030218362808
191	57.128	24.629795	100.0	-20.0	375.76	6.804605	8.957129	36.6411	-26.894913	1920000	-1.3659398e-08	131.77245	-0.018216653	-58.2516	1.2592278	0.015473518	0.12761275	15.0	4385.109073162079
192	45.98261	36.713127	100.0	-30.0	422.78262	9.689628	7.892475	38.002876	-25.372595	1930000	-4.967054e-09	139.7888	-0.023521772	-52.15143	1.243333	0.015329511	0.14091408	19.0	4408.386107206345
193	36.243477	41.736565	85.0	-50.0	405.0435	7.839879	9.379447	33.982635	-30.382225	1940000	-6.829699e-09	177.69371	-0.025271326	-81.098625	1.2503191	0.0150631415	0.14561456	26.0	4429.8671135902405
194	41.0	38.71778	94.0	-70.0	442.0476	4.8564596	9.675508	40.02986	-26.08948	1950000	9.934108e-09	113.56492	-0.021346143	-42.49684	1.2620174	0.015415114	0.13721372	18.0	4454.790413856506
195	45.121742	31.162394	82.0	-30.0	424.30435	6.449341	9.972495	41.38261	-28.884699	1960000	1.8626451e-09	108.020454	-0.019619064	-41.485683	1.2279744	0.015094587	0.13161315	16.0	4477.72588968277
196	41.366665	39.712116	88.0	-40.0	394.125	6.9589624	9.283988	33.780865	-30.57357	1970000	-2.483527e-09	119.250244	-0.020707298	-37.819763	1.2883289	0.01512599	0.14151414	20.0	4502.002942800522
197	26.763636	36.271484	81.4	-30.0	428.77274	6.5583005	9.685552	38.509083	-30.655813	1980000	0.0	224.26855	-0.023993284	-92.86603	1.2829194	0.01518251	0.15221523	28.0	4523.843803882599
198	53.38261	29.230354	83.2	-40.0	401.65216	4.1722765	11.103373	38.882446	-45.226357	1990000	2.3593506e-08	147.72624	-0.023882097	-68.95478	1.2832311	0.015119731	0.14251424	27.0	4547.197825431824
199	42.61818	36.085552	86.0	-30.0	411.0	7.877566	9.57356	41.091923	-32.166	2000000	-2.483527e-09	123.717445	-0.020668143	-38.247555	1.2594911	0.015462053	0.13311331	16.0	4567.286447763443
200	50.59131	31.57068	100.0	-30.0	411.26086	6.8223433	9.700867	39.128582	-28.594934	2010000	0.0	102.77848	-0.017393114	-42.695232	1.2717808	0.015882844	0.13751376	12.0	4591.190705299377
201	45.945457	28.885492	88.0	-10.0	425.68182	8.712455	8.7418585	38.110176	-25.65888	2020000	-8.692344e-09	102.09963	-0.036199946	-28.648233	1.2522007	0.015049055	0.18541855	66.0	4616.348725795746
202	45.721745	37.061485	88.0	-30.0	408.43478	7.661734	8.123931	39.643044	-30.730331	2030000	2.483527e-09	146.60233	-0.025904275	-40.74391	1.2475102	0.015315498	0.15091509	28.0	4638.385410070419
203	33.79091	37.90402	86.0	-60.0	423.95456	6.8165784	9.061712	39.5912	-39.552937	2040000	6.208817e-09	128.25206	-0.016701423	-42.186623	1.2481415	0.015528879	0.14011401	10.0	4662.178977012634
204	44.06957	42.174072	98.0	-60.0	394.21738	6.054711	9.963885	35.33654	-40.09475	2050000	0.0	141.10558	-0.030388221	-41.702106	1.2755812	0.0150477635	0.1739174	38.0	4685.576114654541
205	43.352383	28.639095	86.2	-30.0	431.8095	6.756929	10.267088	38.626377	-31.422764	2060000	-4.967054e-09	124.81311	-0.035600584	-43.33174	1.280562	0.015118872	0.18921892	63.0	4708.650671958923
206	40.072727	34.680283	96.0	-40.0	437.81818	6.2607245	8.517273	43.559788	-37.823368	2070000	1.8626451e-09	110.459526	-0.023399092	-33.192795	1.3261219	0.015124741	0.1559156	17.0	4730.316822528839
207	45.63478	41.184742	100.0	-30.0	400.43478	6.785147	9.44617	34.007977	-42.302475	2080000	-1.4901161e-08	141.29832	-0.017673627	-35.394	1.3158292	0.0150180245	0.15121512	14.0	4753.547347784042
208	42.072002	41.41922	98.0	-50.0	380.72	7.54748	10.8414135	40.154892	-42.521458	2090000	4.811833e-09	153.02777	-0.036269855	-44.19098	1.3062931	0.0136731155	0.20282029	79.0	4778.418489456177
209	57.03846	30.932335	100.0	-30.0	367.19232	7.182997	9.700355	38.38941	-40.510387	2100000	1.3348957e-08	125.13565	-0.015716452	-49.65608	1.3119615	0.015397519	0.10261026	10.0	4800.7882335186005
210	49.059998	29.042116	96.0	-20.0	450.0	9.733626	9.410443	39.629112	-36.2207	2110000	-2.483527e-09	94.61503	-0.034190435	-35.37242	1.2722538	0.015174356	0.19061905	43.0	4823.627268075943
211	25.73913	46.529892	92.2	-70.0	406.91306	7.561579	8.44932	34.648182	-40.24405	2120000	-1.4901161e-08	239.14409	-0.024790937	-107.765686	1.3241913	0.015014299	0.15261526	24.0	4845.387435436249
212	41.904346	33.992676	88.0	-40.0	413.3913	3.8207457	11.002699	38.414646	-36.354168	2130000	-1.2417635e-09	136.95232	-0.017893406	-64.391815	1.3136909	0.015387733	0.13071306	13.0	4867.951493740082
213	44.68182	34.4952	90.0	-30.0	423.0909	7.209407	8.645041	37.64965	-31.156778	2140000	-1.2417634e-08	135.19946	-0.031860884	-42.300945	1.2961698	0.015019466	0.1771177	47.0	4890.0134472846985
214	40.68696	36.310917	100.0	-50.0	407.26086	6.8283587	9.426137	38.37716	-28.833233	2150000	4.967054e-09	135.23012	-0.018592434	-47.4588	1.324875	0.015401366	0.15671568	13.0	4915.019726753235
215	41.183334	33.43725	84.0	-40.0	400.45834	6.527387	9.915282	34.74893	-41.15541	2160000	7.450581e-09	137.1217	-0.026113613	-39.948017	1.3107945	0.015207742	0.16051605	25.0	4938.166850566864
216	37.3	39.38494	82.0	-50.0	434.63635	6.0173116	8.318834	31.257265	-36.256336	2170000	2.1109978e-08	121.31173	-0.023785977	-35.695164	1.263823	0.015031743	0.13791378	26.0	4961.279825210571
217	46.20909	33.113495	82.0	-50.0	413.63635	5.301395	8.917381	35.15145	-30.071865	2180000	-7.450581e-09	118.67701	-0.01900944	-31.252844	1.333589	0.015019863	0.15081508	13.0	4985.0679631233215
218	29.916666	44.731678	94.0	-80.0	397.0	7.6529818	8.868591	35.244778	-33.18687	2190000	9.934108e-09	192.38495	-0.019510506	-72.21372	1.2990414	0.015103124	0.14431442	16.0	5006.5838098526
219	50.808693	26.151165	86.0	-10.0	414.26086	5.366155	9.814011	33.2365	-40.433266	2200000	-3.1044085e-09	124.83078	-0.02794002	-53.943806	1.3198109	0.015058197	0.15771577	29.0	5029.4762234687805
220	43.04348	38.338764	90.0	-40.0	413.30435	8.954271	7.6328874	35.28748	-33.162533	2210000	-1.4901161e-08	149.4752	-0.021825435	-54.491283	1.2798553	0.015298384	0.13781379	18.0	5052.761221885681
221	47.891663	30.37219	86.2	-20.0	409.375	6.843199	10.43375	33.319588	-41.919674	2220000	-6.208817e-09	88.06879	-0.025496738	-28.265167	1.2854483	0.015066029	0.1581158	29.0	5077.149637699127
222	42.949997	31.87048	86.0	-30.0	396.375	7.706091	9.896176	34.58019	-35.901016	2230000	4.346172e-09	133.05295	-0.026034212	-44.92082	1.3169202	0.015282571	0.14961497	33.0	5100.123838424683
223	48.566666	37.009712	98.0	-30.0	403.66666	6.9208813	8.9521	34.887577	-37.24938	2240000	9.934108e-09	137.25758	-0.030425934	-42.084152	1.33414	0.015087764	0.16771679	43.0	5125.358956336975
224	39.954544	37.91464	86.0	-50.0	409.77274	7.2529693	10.320347	38.698128	-38.710148	2250000	-7.450581e-09	156.73196	-0.02104705	-66.91047	1.3291196	0.015386674	0.14831483	17.0	5147.629106521606
225	45.556522	39.173016	92.0	-40.0	423.91306	6.691458	9.632135	38.319824	-42.91243	2260000	2.483527e-09	135.8126	-0.026140356	-44.887714	1.3001634	0.015311652	0.14601462	24.0	5171.181962966919
226	43.399998	34.366898	81.4	-30.0	425.36365	7.3105927	8.952387	39.110783	-39.140465	2270000	-8.692344e-09	126.42916	-0.032277893	-47.413494	1.3216541	0.015162062	0.18241823	38.0	5194.445866823196
227	41.847622	37.98039	98.0	-50.0	431.42856	6.5274205	9.078978	39.336147	-36.333332	2280000	1.7384687e-08	144.46828	-0.019115748	-35.75714	1.2969791	0.015459222	0.12451246	18.0	5216.1376349925995
228	46.69167	36.163933	90.4	-30.0	395.91666	7.597858	8.116887	36.41265	-41.12562	2290000	-6.208817e-09	115.54966	-0.021517994	-33.49025	1.3031868	0.015077387	0.14431442	20.0	5238.022874593735
229	52.61739	29.944582	96.0	-20.0	408.43478	8.105537	9.609132	39.697884	-44.872948	2300000	0.0	103.7149	-0.019547746	-31.288614	1.321104	0.015303776	0.14621462	17.0	5261.131562709808
230	49.13913	31.002745	84.0	-20.0	401.34784	8.609237	9.742045	37.74987	-43.749134	2310000	-1.5832484e-08	133.28572	-0.018843777	-40.89563	1.2951399	0.015292376	0.12141215	16.0	5284.425689935684
231	48.914288	32.05517	86.8	-20.0	426.8095	8.197724	8.778953	38.906235	-41.27629	2320000	4.967054e-09	113.961494	-0.012941386	-40.02159	1.2989806	0.01518812	0.10601059	8.0	5307.4152290821075
232	28.23636	46.292416	82.0	-70.0	422.5909	6.904652	9.766052	40.140903	-38.981655	2330000	-7.450581e-09	201.6945	-0.021556772	-73.51337	1.2781395	0.015060206	0.13781379	23.0	5330.623007059097
233	42.304348	41.159325	100.0	-40.0	402.52173	4.2505965	10.433054	34.776646	-40.743332	2340000	4.967054e-09	164.30544	-0.02254874	-57.289127	1.2912472	0.015172656	0.14221422	17.0	5355.726896762848
234	49.921738	37.16051	96.0	-50.0	408.52173	6.6458507	9.465459	36.13388	-30.741936	2350000	-1.1175871e-08	140.62761	-0.027019119	-50.202396	1.2886938	0.015050826	0.1529153	32.0	5379.093102455139
235	54.234783	36.58884	98.0	-30.0	402.52173	8.130986	9.356096	35.88034	-33.323063	2360000	4.967054e-09	115.49877	-0.019665672	-39.95193	1.2744707	0.0153028	0.14031404	15.0	5402.7891619205475
236	40.633335	36.924774	87.4	-40.0	402.625	8.298478	9.6094	35.985245	-33.38462	2370000	-1.4901161e-08	171.44234	-0.02680102	-53.77292	1.2749283	0.015287227	0.16651665	32.0	5427.935725688934
237	52.799995	25.17839	86.0	0.4	413.56522	6.053965	10.797673	42.707565	-35.826683	2380000	-1.6763806e-08	99.692024	-0.026840629	-39.548172	1.2553753	0.015106559	0.14911492	31.0	5450.45897603035
238	55.692307	32.72046	100.0	-30.0	380.1154	9.144257	9.158859	36.9822	-28.897615	2390000	-7.450581e-09	124.27645	-0.029644206	-27.188164	1.2454001	0.015183136	0.16621663	43.0	5472.878392934799
239	42.936	42.782715	94.0	-60.0	380.84	9.83911	9.547787	41.767197	-28.992943	2400000	-1.800557e-08	185.58282	-0.020417012	-82.91703	1.2357193	0.015070052	0.13311331	21.0	5494.469090223312
240	46.200005	37.981277	96.0	-30.0	412.91306	8.429361	9.933289	39.775906	-32.811947	2410000	-4.346172e-09	146.56818	-0.03854237	-62.898632	1.2317772	0.015031885	0.20582058	78.0	5517.346359729767
241	42.104347	40.698803	88.0	-40.0	406.43478	7.841348	9.390811	36.604656	-29.849483	2420000	-1.6298145e-08	155.39703	-0.024399884	-50.938442	1.2300295	0.015103333	0.1520152	25.0	5541.969785451889
242	45.264	35.70684	94.0	-40.0	380.96	7.3562965	9.545505	36.851425	-31.013214	2430000	1.6142925e-08	155.78748	-0.025861679	-62.81833	1.2207472	0.015096295	0.16971697	26.0	5565.231742620468
243	35.01905	36.708992	89.2	-20.0	447.7619	6.211229	10.735181	39.943607	-37.70783	2440000	-2.483527e-09	148.79097	-0.024947358	-69.06919	1.2112638	0.015045411	0.1451145	21.0	5587.837457418442
244	43.609093	38.21463	82.0	-30.0	409.5	5.4712954	9.407622	40.54875	-35.19017	2450000	-1.7384687e-08	154.77267	-0.01962777	-56.383488	1.1952903	0.015235619	0.13721372	14.0	5609.925240278244
245	44.391663	31.81124	86.0	-20.0	406.45834	6.6098857	10.292143	38.603443	-37.781406	2460000	-6.829699e-09	120.84673	-0.018163623	-44.545948	1.1969345	0.015019345	0.13461347	16.0	5631.83504986763
246	37.463634	36.44874	89.8	-30.0	423.0909	7.0296845	9.977677	37.509754	-37.780056	2470000	0.0	146.68121	-0.029464036	-48.49116	1.1650573	0.0150254555	0.15881588	39.0	5654.533816337585
247	51.218185	33.52854	98.0	-30.0	422.31818	4.8925195	10.491677	38.195183	-39.495235	2480000	7.450581e-09	134.93344	-0.01889454	-59.743134	1.1464926	0.0150151355	0.11641165	15.0	5677.058607578278
248	44.485714	41.17089	94.0	-40.0	430.09525	7.466645	9.027896	41.968155	-22.932917	2490000	3.7252903e-09	163.90645	-0.03143544	-54.272808	1.115779	0.015011695	0.16981697	44.0	5699.318775177002
249	45.927273	43.87559	100.0	-80.0	405.9091	6.453791	9.483211	39.46567	-28.860334	2500000	1.2417634e-08	200.27702	-0.018639637	-55.111866	1.1090063	0.015599139	0.14191419	16.0	5721.557502269745
