Epoch	AverageEpRet	StdEpRet	MaxEpRet	MinEpRet	EpLen	AverageVVals	StdVVals	MaxVVals	MinVVals	TotalEnvInteracts	LossPi	LossV	DeltaLossPi	DeltaLossV	Entropy	KL	ClipFrac	StopIter	Time
0	-95.2	2.4507456	-88.0	-100.0	150.23077	0.22687781	0.14606905	0.579867	-0.5086549	10000	-9.002785e-08	2152.1174	-0.018808223	-684.9092	3.438071	0.015264955	0.14071406	30.0	31.638843774795532
1	-94.64616	2.651158	-88.0	-100.0	151.0	-8.8508	0.7733243	8.776247	-9.026653	20000	2.173086e-09	1405.6364	-0.018333687	-326.85928	3.427121	0.015146039	0.13751376	38.0	65.63138914108276
2	-94.625	2.5708704	-88.0	-100.0	150.4375	-14.262757	1.2195686	14.197911	-14.38053	30000	-4.4237822e-08	1100.1204	-0.019532653	-238.79881	3.4051437	0.015103015	0.11741173	33.0	96.86441230773926
3	-94.0	2.759149	-88.0	-100.0	156.53226	-18.952375	1.1292382	18.319345	-19.053547	40000	-1.3659398e-08	783.3615	-0.01954181	-164.54698	3.399707	0.015270497	0.13821381	34.0	126.93186736106873
4	-94.451614	3.0778992	-88.0	-100.0	156.79033	-22.944252	1.0823938	19.782877	-23.063433	50000	-2.871578e-08	632.5634	-0.023505969	-116.06744	3.3954747	0.015077814	0.13071306	60.0	161.98305678367615
5	-94.3125	2.4294739	-88.0	-100.0	152.39062	-26.498186	0.4743347	-4.532951	-26.543036	60000	-9.313226e-09	548.12115	-0.023341676	-85.8392	3.380992	0.015098146	0.18301831	40.0	191.85568618774414
6	-94.29508	2.5565362	-88.0	-100.0	159.83606	-29.56759	1.6060097	28.956312	-29.6689	70000	0.0	411.1984	-0.022417942	-53.656727	3.3758285	0.015166361	0.13651365	44.0	225.1695921421051
7	-93.034485	3.1126301	-88.0	-100.0	169.01724	-32.065502	1.1990217	18.779997	-32.178654	80000	1.4901161e-08	287.69138	-0.022208879	-22.177591	3.3653514	0.015113992	0.16611661	42.0	256.201051235199
8	-92.70175	2.91376	-84.0	-96.0	171.92982	-33.53311	2.3130193	24.195312	-33.83785	90000	-7.1401396e-09	280.38464	-0.029834941	-12.660965	3.3559377	0.015000097	0.18591858	71.0	290.3062753677368
9	-92.98245	2.6257243	-88.0	-96.0	170.85965	-34.837048	1.6770322	31.592474	-35.07473	100000	9.934108e-09	264.07138	-0.025812509	-7.3609467	3.3355587	0.01500009	0.1630163	49.0	325.74977922439575
10	-93.052635	2.9523768	-88.0	-100.0	171.5965	-35.41374	3.9798563	35.330307	-36.0717	110000	-7.450581e-09	266.65643	-0.024557352	-11.381165	3.3192482	0.015102938	0.17481749	45.0	357.97349524497986
11	-93.55932	2.5529723	-88.0	-100.0	164.08475	-36.51008	2.903325	26.128662	-37.03131	120000	-4.967054e-09	282.20447	-0.01988505	-12.266582	3.3032186	0.015093313	0.11641165	30.0	388.4876379966736
12	-92.8	2.6859908	-88.0	-100.0	177.98181	-37.075634	2.7155728	-4.4554324	-38.05264	130000	-9.313226e-09	219.73584	-0.023621624	-17.34408	3.295223	0.015064974	0.13041304	37.0	422.33912324905396
13	-92.679245	3.1787837	-88.0	-100.0	178.98112	-36.454483	4.6222253	26.269964	-38.6358	140000	1.1796753e-08	237.44476	-0.023424387	-17.273285	3.2686288	0.015065435	0.1619162	49.0	455.23425245285034
14	-92.30189	3.3735092	-84.0	-100.0	183.69812	-37.179996	4.270479	24.89736	-39.295883	150000	-4.0357313e-09	204.51619	-0.028988851	-17.21673	3.268391	0.015009705	0.1741174	71.0	488.2323091030121
15	-92.38461	3.3521166	-84.0	-100.0	186.28847	-35.472775	6.1284432	32.834644	-39.617077	160000	7.1401396e-09	225.9156	-0.026846675	-39.182407	3.2461894	0.015073463	0.15921593	47.0	520.8968148231506
16	-92.07843	3.3127391	-84.0	-100.0	186.31372	-35.614132	5.213307	15.217462	-40.252617	170000	-8.071463e-09	194.82887	-0.028618976	-20.51098	3.2324486	0.015184286	0.18121813	40.0	553.0906383991241
17	-92.94118	3.5058036	-84.0	-100.0	190.90196	-35.935318	5.790265	0.8378717	-41.06918	180000	1.8626451e-08	197.81664	-0.024629405	-17.551569	3.2168667	0.015076126	0.13491349	41.0	586.1603403091431
18	-91.0	3.4156504	-84.0	-96.0	204.70833	-36.03752	5.0315676	-10.090167	-41.426945	190000	4.967054e-09	157.74677	-0.032941055	-25.376266	3.1933072	0.015040371	0.18971898	77.0	619.8927409648895
19	-90.833336	3.6476784	-84.0	-96.0	205.33333	-34.01387	6.59534	1.3262589	-41.76485	200000	-2.0178657e-09	164.61531	-0.03288057	-17.448286	3.1701014	0.014732496	0.15841584	79.0	655.4059147834778
20	-91.918365	3.7462184	-84.0	-100.0	200.51021	-33.138157	6.8229136	3.0286474	-42.177597	210000	-7.450581e-09	155.79135	-0.032827806	-18.681742	3.1442158	0.014150064	0.16551656	79.0	693.271915435791
21	-90.893616	3.5683837	-80.0	-100.0	204.04256	-34.735157	6.8311286	20.77806	-42.64726	220000	6.208817e-09	139.73705	-0.027677907	-19.422096	3.139918	0.015046313	0.1619162	39.0	725.4756309986115
22	-91.40426	3.1934745	-84.0	-96.0	206.08511	-33.90531	7.0497637	7.193145	-43.04281	230000	1.7384687e-08	129.27736	-0.029066974	-10.098813	3.1123276	0.015054989	0.17651765	51.0	758.1153304576874
23	-89.560974	4.406474	-80.0	-96.0	228.36586	-35.041195	6.8656645	3.7613773	-43.353172	240000	-7.450581e-09	140.71315	-0.028049061	-26.95086	3.0839736	0.015041816	0.1619162	42.0	789.8372406959534
24	-90.72727	3.4926133	-84.0	-96.0	220.11363	-31.07979	6.290337	10.844513	-43.10047	250000	-4.0357313e-09	162.65991	-0.030331418	-26.670183	3.0844917	0.015013576	0.15361536	44.0	823.8703255653381
25	-90.95652	2.6942494	-84.0	-96.0	208.67392	-31.621426	6.587366	5.606137	-43.508705	260000	-3.7252903e-09	149.92963	-0.028389027	-30.50485	3.0779467	0.015107053	0.18791878	37.0	856.0761787891388
26	-90.28571	3.6140316	-84.0	-96.0	226.28572	-34.660053	6.88008	-0.83964026	-43.850716	270000	1.7384687e-08	120.40739	-0.024370812	-24.708437	3.068249	0.01501109	0.1510151	33.0	889.7691152095795
27	-90.577774	3.2828774	-84.0	-96.0	213.64444	-29.880533	7.5227203	30.028812	-43.94826	280000	-8.381903e-09	126.74273	-0.034993377	-32.151943	3.0723076	0.014794105	0.17851786	79.0	926.7210536003113
28	-91.916664	2.7676203	-84.0	-96.0	200.39583	-32.741302	8.518447	15.909821	-44.312004	290000	-6.208817e-09	157.52263	-0.03499502	-27.348969	3.062625	0.014720556	0.17231722	79.0	961.8898975849152
29	-91.74468	2.9061058	-88.0	-100.0	200.82979	-34.72683	7.6733	0.3574811	-44.974247	300000	8.692344e-09	141.25966	-0.034142587	-16.230173	3.042324	0.014782219	0.17831783	79.0	994.8855013847351
30	-90.818184	3.1426156	-84.0	-96.0	219.34091	-35.410957	7.888351	-0.7935606	-45.374393	310000	1.1175871e-08	142.01353	-0.033792477	-25.198446	3.0108798	0.015055212	0.19581957	69.0	1028.3512878417969
31	-91.918365	3.2815921	-84.0	-100.0	200.65306	-32.400806	7.3644805	17.857126	-45.080162	320000	-9.934108e-09	161.95947	-0.027612993	-31.752434	3.0017688	0.015272883	0.19061907	35.0	1062.4551265239716
32	-91.28889	3.6063044	-84.0	-100.0	219.51111	-36.139496	7.1875668	19.605198	-45.36913	330000	-2.483527e-09	141.19696	-0.030427242	-30.889273	2.9930985	0.015068297	0.17131712	48.0	1093.127168416977
33	-90.818184	3.1426156	-84.0	-96.0	220.47728	-32.93517	7.3364115	12.362868	-45.325844	340000	-3.4148495e-09	119.33781	-0.026942797	-17.0814	2.9575465	0.015167269	0.15771577	39.0	1126.5143551826477
34	-91.40426	2.734022	-88.0	-96.0	205.51064	-32.354908	7.785909	0.28460756	-45.374344	350000	7.450581e-09	139.92819	-0.024640901	-27.594095	2.9663658	0.01502717	0.1530153	28.0	1158.6008784770966
35	-91.04348	3.2501273	-84.0	-96.0	211.26086	-35.16388	7.7706356	3.7887063	-45.737434	360000	-1.8626451e-08	155.4547	-0.032043204	-19.995234	2.9561865	0.015046928	0.16531652	61.0	1192.309814453125
36	-90.933334	3.2	-80.0	-96.0	214.35556	-33.428688	7.797748	3.1960716	-45.64432	370000	-1.2417635e-09	126.106995	-0.03242836	-16.222769	2.9399292	0.015051494	0.16881688	67.0	1224.8893373012543
37	-90.51163	3.3436654	-84.0	-96.0	226.06976	-33.969852	7.77148	12.663689	-45.7746	380000	6.2088173e-10	107.05707	-0.027098471	-24.732307	2.9297237	0.015139294	0.17141716	37.0	1259.8746993541718
38	-91.06977	3.9378624	-76.0	-100.0	226.2093	-32.34543	7.943878	6.0459394	-45.887775	390000	0.0	131.63765	-0.028270816	-21.334082	2.9188569	0.015095644	0.16711672	35.0	1293.92245388031
39	-90.608696	2.532212	-84.0	-96.0	212.32608	-30.990597	7.2936983	26.982502	-45.844795	400000	-2.483527e-09	125.03304	-0.026755499	-27.711946	2.8727114	0.015036888	0.18321832	51.0	1331.3472821712494
40	-91.21739	2.7179997	-84.0	-96.0	211.47826	-32.947735	8.329442	-3.9046698	-46.158558	410000	4.967054e-09	118.255196	-0.031656217	-12.103023	2.893348	0.014451042	0.17331733	79.0	1365.925810098648
41	-90.95652	3.7703447	-84.0	-96.0	209.60869	-34.14112	8.679178	2.4135325	-46.389347	420000	6.829699e-09	149.17424	-0.02861241	-19.52374	2.8541129	0.015043189	0.1610161	48.0	1400.53467130661
42	-92.434784	2.9166102	-88.0	-100.0	209.63043	-33.325294	7.306146	-10.573059	-46.089264	430000	-1.7384687e-08	141.0056	-0.027536623	-17.553736	2.8465898	0.015203357	0.17571758	45.0	1431.4067215919495
43	-90.454544	3.100253	-80.0	-96.0	219.40909	-35.572166	7.350965	-6.7149925	-46.347584	440000	-1.3659398e-08	121.195946	-0.021854995	-18.556322	2.8516273	0.015078738	0.15421541	27.0	1463.4096987247467
44	-90.80851	2.9653194	-84.0	-100.0	210.40425	-31.95589	8.463417	18.162888	-46.359085	450000	-7.450581e-09	125.897026	-0.0337125	-23.820078	2.8322887	0.01501475	0.1749175	74.0	1496.6433460712433
45	-91.304344	3.1544967	-84.0	-96.0	214.41304	-33.45712	7.638573	-12.396913	-46.593647	460000	1.1175871e-08	139.15776	-0.030333372	-15.516454	2.8119972	0.015042613	0.18881889	67.0	1530.9515342712402
46	-91.57447	2.886098	-84.0	-100.0	211.91489	-33.604603	7.7795486	-6.566669	-46.8367	470000	8.692344e-09	104.31078	-0.028390104	-10.81397	2.8133094	0.015030447	0.16651665	60.0	1566.0232338905334
47	-91.583336	2.8565228	-84.0	-96.0	206.6875	-34.101982	8.326323	13.004393	-47.119064	480000	-1.4901161e-08	139.21407	-0.023443153	-17.291151	2.7801025	0.015049659	0.14311431	28.0	1598.7344417572021
48	-92.25	3.204814	-84.0	-96.0	199.5	-33.670567	8.440373	11.589161	-47.359962	490000	-9.778887e-09	146.80132	-0.030181361	-16.897234	2.7850113	0.0150687	0.15951596	70.0	1631.545295715332
49	-92.434784	2.5337048	-88.0	-96.0	206.23914	-35.882187	7.616993	-11.916396	-47.840504	500000	-1.1796753e-08	120.206566	-0.028682485	-13.273303	2.7834814	0.015121947	0.20242025	62.0	1666.3094792366028
50	-92.56	2.8855503	-88.0	-96.0	195.46	-34.471222	8.928086	12.309441	-48.076046	510000	-4.967054e-09	138.99403	-0.03049486	-16.392685	2.7644918	0.015042218	0.18821883	79.0	1703.057809829712
51	-91.818184	3.6135647	-84.0	-100.0	220.59091	-37.062107	8.074449	-4.1361556	-48.88735	520000	-2.483527e-09	144.35583	-0.027664742	-23.616388	2.7449808	0.015014847	0.18661867	59.0	1736.609748840332
52	-91.73333	3.8087618	-84.0	-96.0	214.51111	-33.639896	7.291904	-9.5812645	-47.991856	530000	1.2417635e-09	136.03654	-0.031409267	-17.345156	2.7279568	0.015037988	0.18361835	65.0	1769.915617465973
53	-90.92683	3.750709	-84.0	-96.0	235.46341	-33.843475	8.006712	12.305765	-48.596855	540000	-9.934108e-09	113.78104	-0.026434958	-18.865898	2.6751366	0.015082073	0.16051604	37.0	1803.0578854084015
54	-90.0	3.0983868	-80.0	-96.0	240.825	-32.037815	7.7444096	0.13841748	-48.630238	550000	-1.071021e-08	92.54785	-0.033342656	-11.770599	2.6437094	0.0142948	0.1909191	79.0	1838.4627203941345
55	-90.4	3.6660604	-84.0	-96.0	239.475	-30.12269	8.193197	11.822115	-48.943123	560000	8.381903e-09	121.94196	-0.031313088	-13.99554	2.613076	0.0150118135	0.19351935	71.0	1870.6939795017242
56	-89.26316	3.3220494	-80.0	-96.0	257.4737	-31.492977	6.565398	17.804066	-49.19089	570000	-6.829699e-09	93.2988	-0.03137424	-15.151975	2.559653	0.012341212	0.17051704	79.0	1905.3449165821075
57	-90.14634	3.1972623	-84.0	-96.0	235.68292	-28.486383	7.1153827	7.7117295	-48.9501	580000	1.1175871e-08	122.239815	-0.031432297	-24.321424	2.556627	0.015011161	0.18871887	69.0	1936.9357764720917
58	-90.4	3.3226497	-84.0	-96.0	239.725	-30.56292	7.138283	-8.592981	-49.44715	590000	-1.3969839e-08	114.37394	-0.023273176	-9.832428	2.538826	0.015106409	0.15751575	36.0	1969.1207604408264
59	-90.666664	3.4549253	-84.0	-96.0	229.09525	-31.35316	7.6152134	-0.69659865	-49.829426	600000	3.1044085e-09	105.052216	-0.029223436	-10.61513	2.5138273	0.015011057	0.14431442	51.0	2002.179184436798
60	-91.09091	3.2878442	-84.0	-96.0	220.15909	-31.371058	7.989831	-9.452062	-50.29945	610000	4.967054e-09	120.96873	-0.033192117	-16.586775	2.5061257	0.014290075	0.17401738	79.0	2038.2535145282745
61	-91.04762	2.869813	-84.0	-96.0	227.95238	-33.126507	8.106858	-4.2496963	-50.765686	620000	-1.2417634e-08	116.86911	-0.02115908	-11.410683	2.4929798	0.015413647	0.14651465	25.0	2069.5524027347565
62	-92.8	2.993326	-84.0	-100.0	216.26666	-31.724247	8.183812	9.220917	-50.87536	630000	-5.5879354e-09	135.26793	-0.024169862	-26.166868	2.4701478	0.015126891	0.150015	29.0	2103.183822154999
63	-91.72093	3.3848197	-84.0	-96.0	222.65117	-33.921734	7.9353538	-0.54429615	-51.19624	640000	-6.829699e-09	120.538666	-0.02721621	-8.128535	2.4807308	0.012104866	0.15501551	79.0	2139.1150290966034
64	-91.906975	3.0485523	-84.0	-96.0	222.02325	-33.207344	7.832503	-5.734437	-51.3166	650000	-4.346172e-09	125.52714	-0.03397643	-12.227078	2.4175918	0.013816245	0.18711871	79.0	2172.4251470565796
65	-91.70731	3.5766444	-84.0	-96.0	226.60976	-33.318077	7.7965894	3.9275298	-51.40878	660000	-6.208817e-09	136.03886	-0.024126666	-12.66304	2.3784492	0.015014536	0.16331632	42.0	2205.9228196144104
66	-90.7619	3.084597	-84.0	-96.0	229.80952	-32.921093	7.1209774	12.523114	-51.57374	670000	2.483527e-09	102.74943	-0.027617374	-16.74727	2.3648674	0.015118666	0.15011501	55.0	2239.1176664829254
67	-92.46512	3.780912	-84.0	-100.0	223.46512	-31.589277	7.6775975	7.9891214	-51.895775	680000	9.623666e-09	144.01228	-0.028887779	-17.038565	2.337327	0.0135432305	0.1670167	79.0	2272.270500421524
68	-91.31707	3.4104505	-84.0	-96.0	232.58537	-33.006016	7.3064547	-8.345545	-52.392216	690000	1.2417635e-09	121.68197	-0.018920153	-13.22391	2.352987	0.015192079	0.14281428	22.0	2302.921801328659
69	-91.27273	3.2218266	-84.0	-96.0	226.43182	-32.120354	7.896088	-1.7845348	-52.508068	700000	1.9868216e-08	109.704285	-0.025744423	-9.871869	2.3580356	0.01500905	0.16251625	55.0	2339.631050348282
70	-91.441864	2.9357643	-84.0	-96.0	225.1628	-32.305588	7.4655824	1.8752167	-52.414352	710000	-7.450581e-09	138.20525	-0.0291384	-11.95108	2.2763712	0.01291658	0.16131614	79.0	2375.0086374282837
71	-91.333336	3.3712134	-84.0	-96.0	233.14285	-33.308064	7.501613	-4.1216593	-52.598946	720000	-3.1044085e-09	103.21444	-0.028962346	-10.980084	2.2825804	0.01445998	0.18111809	79.0	2409.649467229843
72	-90.666664	3.8784964	-80.0	-96.0	245.07692	-32.02227	7.571713	10.958524	-52.346535	730000	7.450581e-09	115.19479	-0.03089899	-15.8648405	2.2383306	0.015018116	0.18261826	61.0	2444.215989589691
73	-91.02439	3.509484	-84.0	-96.0	241.58537	-30.419964	6.912282	-2.810898	-52.63979	740000	-7.450581e-09	107.77938	-0.029457686	-10.03732	2.2362912	0.0145635605	0.18221824	79.0	2478.2771010398865
74	-91.07692	3.0666497	-84.0	-96.0	250.1282	-31.293304	7.165832	-4.921685	-52.75699	750000	6.2088173e-10	100.1787	-0.030976325	-17.151205	2.2336006	0.012087763	0.17111711	79.0	2514.6598329544067
75	-90.666664	2.9118092	-84.0	-96.0	252.0	-30.089127	7.792501	-1.166373	-52.916187	760000	6.208817e-09	102.029015	-0.027418092	-20.828617	2.233844	0.015151769	0.17771776	55.0	2549.1892335414886
76	-91.4	3.039737	-84.0	-96.0	241.625	-29.617668	7.5536947	-0.6145927	-53.07265	770000	-1.2417635e-09	110.34149	-0.032124303	-15.291896	2.2416346	0.009491661	0.17951794	79.0	2582.4628751277924
77	-90.8	3.7094471	-84.0	-96.0	239.9	-30.682438	7.6692686	14.61898	-53.57905	780000	-1.1175871e-08	110.59199	-0.032354433	-17.948168	2.2531898	0.013686175	0.17421742	79.0	2615.981014728546
78	-91.90476	3.4351788	-84.0	-96.0	233.64285	-31.332212	7.1868153	-6.1194706	-54.098072	790000	5.8983765e-09	93.32662	-0.029136835	-8.004303	2.2606966	0.01436844	0.17551756	79.0	2648.7724356651306
79	-90.52631	3.6036303	-84.0	-96.0	254.94737	-32.775627	8.008982	-3.08218	-54.264168	800000	-1.7074248e-09	82.925705	-0.027966669	-15.95581	2.2631214	0.012596283	0.16641665	79.0	2683.852032184601
80	-91.8	2.9597297	-88.0	-96.0	236.675	-29.310335	8.182472	2.630859	-54.12411	810000	-2.483527e-09	117.41668	-0.025993377	-21.530174	2.2090843	0.015021062	0.14931494	49.0	2717.2613615989685
81	-90.35897	3.4750922	-80.0	-96.0	245.5641	-32.26908	7.2375526	-14.941351	-51.097694	820000	0.0	105.43418	-0.028453356	-7.213806	2.1892884	0.015006027	0.18981898	61.0	2756.0183997154236
82	-91.02439	3.3964674	-84.0	-96.0	236.97562	-30.799694	7.231573	11.365396	-54.33376	830000	-3.7252903e-09	99.39524	-0.028466403	-10.083837	2.1397622	0.015057358	0.1870187	71.0	2797.7069396972656
83	-90.666664	2.767331	-84.0	-96.0	244.53847	-31.863522	7.554361	-7.918665	-54.574	840000	5.820766e-09	86.138985	-0.029043274	-8.331825	2.1050222	0.014696422	0.16451645	79.0	2836.3223674297333
84	-90.9	3.7934153	-84.0	-100.0	241.025	-30.993628	7.9207063	-4.234209	-54.99285	850000	0.0	123.17935	-0.028271288	-13.9945345	2.0906813	0.010648192	0.15181519	79.0	2873.288961648941
85	-91.7	3.0182776	-84.0	-96.0	241.725	-30.84137	6.8602962	-6.315392	-55.032665	860000	6.208817e-09	98.72489	-0.021827027	-11.603696	2.0696	0.015074954	0.14831483	34.0	2904.9959609508514
86	-90.27027	3.5462096	-80.0	-96.0	257.72974	-31.85096	7.54593	-6.075715	-55.106514	870000	1.9868216e-08	90.21499	-0.026806653	-12.762326	2.055129	0.015086114	0.15901591	62.0	2940.3574097156525
87	-90.31579	3.8532643	-84.0	-96.0	249.39473	-29.427164	7.8580503	-5.160937	-54.809086	880000	-2.483527e-09	101.7313	-0.029009202	-8.313179	2.0211337	0.014669557	0.18041806	79.0	2974.7814359664917
88	-90.947365	3.9666197	-80.0	-96.0	252.26315	-30.123701	7.3792458	-4.3554764	-54.02255	890000	-4.656613e-09	112.00091	-0.028094368	-8.752365	2.050471	0.015068483	0.16971697	67.0	3007.1085016727448
89	-91.8	3.3406584	-84.0	-96.0	239.225	-29.949963	7.0119567	-8.770412	-55.49767	900000	0.0	107.00823	-0.029379869	-14.964691	2.0560668	0.013382283	0.17141716	79.0	3043.810193300247
90	-90.5	3.057777	-84.0	-96.0	240.125	-31.497135	7.5443244	-7.9731145	-55.817345	910000	3.7252903e-09	90.82641	-0.029230682	-7.411611	2.064659	0.0151031045	0.16631663	68.0	3076.494785308838
91	-90.15385	3.4901948	-84.0	-96.0	248.35898	-31.40062	7.5990543	-5.147891	-55.487152	920000	4.346172e-09	99.46493	-0.028573021	-10.621081	2.039039	0.015036367	0.15571557	68.0	3110.8262791633606
92	-90.31579	3.961029	-84.0	-96.0	257.71054	-30.879166	7.1427574	-6.629466	-56.257446	930000	-1.3659398e-08	98.80975	-0.028847212	-9.624588	2.010393	0.0145377815	0.17421742	79.0	3145.388590812683
93	-89.1579	3.7733574	-84.0	-96.0	252.39473	-29.159042	7.4388695	-1.4487605	-56.365047	940000	1.3969839e-08	106.78867	-0.030502737	-12.085446	2.0049307	0.013661523	0.18151815	79.0	3181.3198595046997
94	-89.57895	3.3766346	-84.0	-96.0	250.44737	-30.11639	7.1789255	1.9850872	-56.3814	950000	1.3659398e-08	91.52705	-0.025663475	-5.769007	1.9878292	0.015059091	0.16841684	62.0	3212.1492853164673
95	-89.888885	3.462319	-80.0	-96.0	258.72223	-29.618073	7.7828455	-3.56129	-56.83226	960000	-8.692344e-09	81.14297	-0.029109553	-8.114609	2.001437	0.015183896	0.18721871	76.0	3245.4086332321167
96	-88.54054	4.2781315	-84.0	-96.0	263.72974	-29.617266	7.232617	-4.6442146	-55.850418	970000	6.2088173e-10	93.60395	-0.026468465	-12.432228	1.9938217	0.015075088	0.19151914	65.0	3279.1770906448364
97	-87.77143	3.163052	-84.0	-92.0	276.05713	-28.71045	6.8160768	24.530996	-55.951904	980000	3.7252903e-09	71.39599	-0.024212962	-14.055808	2.0002131	0.015076056	0.15041505	44.0	3315.5255768299103
98	-89.888885	3.0530293	-84.0	-96.0	256.25	-26.298138	7.9534216	1.1148465	-55.732265	990000	1.4901161e-08	94.61529	-0.028016962	-20.9868	1.974452	0.015083638	0.16471648	45.0	3348.322016477585
99	-89.57895	3.951226	-80.0	-96.0	257.39474	-29.679277	7.8000135	-9.118905	-55.68064	1000000	7.450581e-09	104.30991	-0.027825603	-8.292026	1.9647088	0.014932357	0.16431643	79.0	3385.135773420334
100	-90.63158	2.4753633	-88.0	-96.0	255.1842	-28.806736	6.795304	-4.483925	-52.9367	1010000	-6.208817e-09	91.38315	-0.026403526	-15.501605	1.9658924	0.015050051	0.16341634	63.0	3416.532989501953
101	-90.10526	3.2750208	-84.0	-96.0	253.71053	-30.249289	8.5373745	-1.6508393	-56.22983	1020000	-1.2417634e-08	94.53757	-0.028089797	-9.259071	1.9593841	0.013799707	0.16371636	79.0	3451.8975632190704
102	-90.210526	3.3962665	-84.0	-96.0	251.42105	-29.78166	7.454755	-7.491896	-46.242996	1030000	0.0	86.92385	-0.020674506	-7.0933228	1.9458662	0.015126026	0.14811482	30.0	3485.161226272583
103	-90.37838	3.5363088	-80.0	-96.0	259.13513	-30.501057	7.4424148	3.9623895	-56.463867	1040000	7.450581e-09	102.16394	-0.024584418	-9.974973	1.9519628	0.01502423	0.15041505	40.0	3519.6792130470276
104	-89.297295	3.4863815	-84.0	-96.0	261.81082	-29.42465	7.2988205	-6.183654	-55.133118	1050000	-4.967054e-09	86.649475	-0.02286444	-6.495819	1.9217362	0.01509812	0.15531553	32.0	3551.363614797592
105	-90.439026	3.2911468	-84.0	-96.0	236.43903	-28.618856	7.2734504	-6.972105	-54.46288	1060000	1.1796753e-08	97.74784	-0.027200038	-14.299926	1.8691406	0.0145884035	0.15121512	79.0	3586.80757188797
106	-91.3	3.083829	-84.0	-96.0	242.45	-31.616558	7.587544	-2.724143	-56.241634	1070000	-3.1820189e-09	82.69074	-0.024586068	-8.495098	1.8371512	0.015019531	0.15161516	47.0	3622.414218902588
107	-90.42105	3.6174397	-80.0	-96.0	254.28947	-31.554474	8.245626	-7.6322613	-56.817554	1080000	-8.071463e-09	95.38791	-0.025572436	-10.786751	1.86803	0.015054801	0.15931593	45.0	3656.667881965637
108	-90.63158	3.7022119	-80.0	-96.0	252.1842	-29.832098	7.1303415	-3.5933394	-56.497948	1090000	-1.2417635e-09	93.10104	-0.026334444	-7.7397614	1.8524381	0.012569576	0.15751575	79.0	3693.6058564186096
109	-90.37838	3.2826436	-84.0	-96.0	253.94595	-30.244911	7.7154446	-4.227535	-57.503914	1100000	9.934108e-09	99.075386	-0.02131734	-6.633845	1.8098677	0.015144999	0.17021702	35.0	3725.9633581638336
110	-90.5946	4.1814227	-84.0	-96.0	252.83784	-29.941816	7.7434583	22.605648	-58.097485	1110000	-4.346172e-09	94.26734	-0.017900597	-10.558128	1.7538017	0.015009356	0.14171417	22.0	3756.334908723831
111	-90.63158	3.9230833	-84.0	-96.0	251.63158	-29.756124	8.053605	-3.426115	-58.67183	1120000	1.7384687e-08	118.62624	-0.023660982	-10.413597	1.726627	0.015073694	0.16881688	42.0	3788.251080274582
112	-89.888885	3.4623191	-84.0	-96.0	263.72223	-30.660612	7.271225	-7.640835	-58.921326	1130000	-6.829699e-09	93.865074	-0.028248921	-10.871961	1.6621838	0.011822085	0.17521752	79.0	3823.386507511139
113	-90.054054	3.0308857	-84.0	-96.0	263.5946	-29.377356	7.773094	-5.045459	-58.251026	1140000	-4.967054e-09	79.920906	-0.023511464	-7.147873	1.6121365	0.015198924	0.13891388	45.0	3859.819761276245
114	-88.888885	3.2810717	-84.0	-96.0	269.0	-28.77338	7.57691	0.7781098	-58.45879	1150000	7.450581e-09	83.60894	-0.025104811	-10.356808	1.5992765	0.012462621	0.14251424	79.0	3893.8485040664673
115	-88.11429	2.7853847	-84.0	-92.0	269.48572	-28.671877	7.7884665	-6.131175	-53.35766	1160000	9.934108e-09	75.58151	-0.02284477	-6.7742248	1.5825181	0.015012632	0.14411442	53.0	3926.2546997070312
116	-89.22222	3.2413228	-84.0	-96.0	271.1389	-27.851578	7.4392667	-6.5775933	-48.78712	1170000	-9.002785e-09	83.099	-0.027084416	-7.0933814	1.5755774	0.013588523	0.1570157	79.0	3962.916137456894
117	-89.89474	3.8647494	-84.0	-96.0	258.60526	-28.643957	7.861749	9.865053	-57.977375	1180000	0.0	83.524704	-0.027721321	-10.026745	1.5827669	0.01196492	0.16031604	79.0	3999.4132854938507
118	-88.8	3.284596	-84.0	-96.0	270.42856	-29.348892	7.7010627	-8.05765	-52.483574	1190000	-1.2417634e-08	81.176636	-0.026560685	-7.379514	1.5790648	0.013627862	0.15581559	79.0	4034.1354427337646
119	-88.91428	2.8821762	-84.0	-96.0	266.4	-28.65353	7.4967394	-5.87768	-49.7906	1200000	1.2417634e-08	72.59292	-0.0277695	-6.398248	1.5686294	0.013044006	0.1581158	79.0	4066.3502485752106
120	-89.51351	3.3981044	-84.0	-96.0	260.27026	-28.792366	7.8931327	-2.3340082	-52.48255	1210000	-1.4280279e-08	85.20996	-0.027672222	-11.979983	1.524979	0.014072299	0.15831584	79.0	4100.86683511734
121	-89.51351	3.268371	-80.0	-96.0	260.78378	-29.217773	8.431681	1.1012888	-52.409958	1220000	6.5968684e-09	99.4104	-0.027808184	-12.652367	1.4926567	0.012888494	0.14571457	79.0	4135.6559727191925
122	-88.94118	3.07687	-80.0	-96.0	277.44116	-29.857212	7.7292747	-9.411444	-55.136925	1230000	6.2088173e-10	74.65066	-0.02737361	-9.9890585	1.4825916	0.011993601	0.15751575	79.0	4170.918703794479
123	-89.02857	3.3593001	-84.0	-96.0	277.3143	-27.703838	7.7283525	-4.889268	-52.541046	1240000	-8.071463e-09	82.45211	-0.023642639	-6.1448007	1.4892015	0.010697291	0.13601358	79.0	4205.709481239319
124	-89.888885	2.579597	-84.0	-96.0	265.02777	-27.910948	7.7106986	-8.119568	-48.785076	1250000	1.2417634e-08	79.67996	-0.018931713	-9.361496	1.4284056	0.015022418	0.14451446	31.0	4239.768279075623
125	-88.888885	3.1426969	-84.0	-96.0	267.69446	-29.30524	8.279317	-4.9312177	-50.20627	1260000	3.1044085e-09	76.303825	-0.024792379	-7.4430985	1.4606348	0.008816473	0.13911392	79.0	4275.037737607956
126	-89.48572	3.1836317	-80.0	-96.0	270.74286	-28.755524	8.168947	-4.161837	-56.95477	1270000	4.967054e-09	80.037346	-0.023236575	-6.6287675	1.4676172	0.0138639435	0.1420142	79.0	4311.28614282608
127	-89.333336	3.5276687	-80.0	-96.0	264.05554	-28.692287	8.09234	-3.640837	-54.716106	1280000	0.0	88.00321	-0.019365339	-13.472505	1.4390725	0.0150425015	0.13051306	27.0	4345.633435726166
128	-89.4054	2.9724817	-84.0	-96.0	266.02704	-28.572859	7.7648664	-5.5032725	-56.179672	1290000	-4.967054e-09	78.061714	-0.026618227	-10.881991	1.4449921	0.01260655	0.15031503	79.0	4380.887009859085
129	-89.6	3.3398035	-84.0	-96.0	265.97144	-29.336288	8.049794	-8.056335	-57.693775	1300000	-3.4148495e-09	98.9672	-0.02543954	-8.453839	1.4437612	0.012378439	0.15711571	79.0	4415.585200548172
130	-88.0	3.7032804	-80.0	-96.0	279.0	-28.783743	7.7490244	-3.1890323	-60.29206	1310000	8.692344e-09	84.93009	-0.023681924	-12.91421	1.4174875	0.015013619	0.13531353	44.0	4449.097061634064
131	-90.22222	3.3259175	-80.0	-96.0	263.02777	-27.319647	7.438552	-8.098064	-58.815178	1320000	-1.2417635e-09	100.4457	-0.02618344	-13.804565	1.4325746	0.015030709	0.15901591	68.0	4486.361452102661
132	-89.0	2.8867512	-84.0	-96.0	267.58334	-29.370634	8.125523	-10.630194	-60.81227	1330000	-1.6142925e-08	63.945026	-0.024303699	-8.138097	1.4185618	0.015042089	0.14461446	48.0	4520.9113256931305
133	-90.28571	2.5809348	-84.0	-96.0	266.8	-28.77763	8.242932	2.4274287	-51.30292	1340000	9.934108e-09	88.42682	-0.022433074	-6.596647	1.3978776	0.012519716	0.12401241	79.0	4554.9963500499725
134	-89.22222	3.375657	-84.0	-96.0	266.0	-28.823105	8.6988	-0.86905015	-51.452477	1350000	-7.450581e-09	81.671455	-0.026895246	-6.9655433	1.3971626	0.014161773	0.15431543	79.0	4589.0800857543945
135	-89.22222	3.2413228	-80.0	-96.0	274.80554	-29.037607	7.883766	-5.831321	-47.859394	1360000	-6.2088173e-10	78.4086	-0.024188459	-5.6413574	1.3662645	0.015006381	0.14631464	70.0	4623.564126968384
136	-88.117645	3.562589	-80.0	-96.0	276.29413	-28.703575	8.056012	-3.1037636	-53.53242	1370000	7.450581e-09	71.991066	-0.02592566	-7.876358	1.3569345	0.013507172	0.15531553	79.0	4656.810730218887
137	-89.02857	3.075114	-80.0	-92.0	271.02856	-27.073753	7.7061467	-3.9164155	-54.265602	1380000	7.450581e-09	80.81623	-0.024676636	-9.463978	1.3900771	0.015185843	0.14731474	54.0	4690.834323167801
138	-88.457146	3.4171238	-80.0	-92.0	279.62857	-28.86249	8.244534	-3.140866	-54.827736	1390000	1.2417635e-09	67.018486	-0.022806793	-7.5727487	1.3619472	0.015040636	0.13831383	53.0	4727.668677330017
139	-88.457146	2.8318884	-84.0	-92.0	277.51428	-27.552946	8.47951	-5.7098455	-52.821045	1400000	-4.967054e-09	73.543526	-0.020984149	-7.0087266	1.3386344	0.015011529	0.13761376	33.0	4763.435264348984
140	-88.82353	3.0338345	-84.0	-96.0	273.55884	-27.95839	8.70588	-4.765111	-52.259274	1410000	0.0	89.54179	-0.026345858	-8.210599	1.3105832	0.014490885	0.15351535	79.0	4796.880753040314
141	-88.47059	3.1829998	-84.0	-96.0	279.61765	-28.859562	8.428569	-1.6884203	-49.892963	1420000	-1.086543e-08	73.527534	-0.024590535	-9.542744	1.2704371	0.015171222	0.15691568	57.0	4831.58568239212
142	-87.15151	3.9089735	-80.0	-96.0	286.33334	-27.894588	7.646845	1.1251392	-58.507183	1430000	-2.483527e-09	78.135254	-0.026140844	-10.46285	1.2704576	0.014406405	0.14951496	79.0	4867.341317176819
143	-88.82353	3.4680948	-80.0	-96.0	280.05884	-26.168905	7.756533	7.432534	-49.838078	1440000	-1.3659398e-08	87.251366	-0.023872852	-11.513841	1.2624346	0.01301391	0.123012304	79.0	4904.150553703308
144	-88.0	2.7852426	-84.0	-92.0	288.39395	-27.897032	8.467465	-6.1779733	-49.559578	1450000	1.4901161e-08	66.06385	-0.024322094	-6.560898	1.2885633	0.015020479	0.13631363	74.0	4936.594281435013
145	-86.625	3.5509682	-80.0	-92.0	296.9375	-27.6059	8.314449	-1.7817322	-50.38978	1460000	5.432715e-09	68.72605	-0.019315748	-9.521153	1.2505827	0.015155534	0.12601261	34.0	4969.506298065186
146	-86.58064	3.1394904	-80.0	-92.0	303.3871	-25.593904	8.07108	-1.7033458	-49.597317	1470000	-1.8626451e-08	59.828175	-0.027149133	-6.2271056	1.2010397	0.013593815	0.15081508	79.0	5005.3843059539795
147	-87.0	3.6055512	-80.0	-96.0	302.15625	-25.711935	8.092752	3.7334616	-47.364723	1480000	-4.967054e-09	76.95466	-0.02632051	-7.7448325	1.2124549	0.014585293	0.14111412	79.0	5040.6983251571655
148	-85.73333	3.9575524	-80.0	-92.0	311.7	-25.796791	7.8003864	-5.5185523	-48.730366	1490000	2.483527e-09	69.134995	-0.018573629	-6.7319145	1.2109951	0.015072797	0.12581258	29.0	5074.458167552948
149	-87.0	4.0	-80.0	-92.0	303.90625	-24.33718	7.5535426	-1.7139583	-47.24215	1500000	7.450581e-09	74.46072	-0.02473577	-8.932994	1.2105377	0.015009987	0.13751376	55.0	5108.009392738342
150	-86.0	2.828427	-80.0	-92.0	295.75	-25.514135	7.635573	1.2055314	-58.435783	1510000	1.1175871e-08	72.664154	-0.02611091	-13.553287	1.2098287	0.015025265	0.13491349	51.0	5140.793878078461
151	-85.2	3.29039	-80.0	-92.0	315.8	-25.783255	7.200548	-5.934101	-49.6544	1520000	3.8805106e-10	58.72756	-0.026789919	-9.893884	1.219154	0.014708712	0.14501451	79.0	5175.767759561539
152	-86.5	4.3301272	-80.0	-96.0	304.40625	-23.958605	7.303248	-2.6740475	-46.44102	1530000	-1.2417635e-09	78.476234	-0.026129017	-7.4561143	1.2289801	0.013283188	0.14261426	79.0	5212.424211502075
153	-86.064514	3.5005574	-80.0	-92.0	307.32257	-25.11047	7.4502263	-8.53482	-45.438534	1540000	1.4901161e-08	62.96617	-0.022501556	-7.2001557	1.2239503	0.015144746	0.13261326	37.0	5246.521946668625
154	-85.67742	3.3349285	-80.0	-92.0	313.09677	-25.198643	8.197357	1.5680692	-51.45791	1550000	3.7252903e-09	70.421	-0.022576183	-10.982842	1.218143	0.015120578	0.13031302	45.0	5279.649756669998
155	-86.06896	2.2580285	-84.0	-92.0	316.9655	-24.542452	7.8199296	-3.0335026	-51.852943	1560000	9.934108e-09	56.58743	-0.025116628	-5.231874	1.2274778	0.013276167	0.15731573	79.0	5314.143820762634
156	-85.2	3.4486713	-80.0	-92.0	320.1	-23.973356	7.8040094	9.660252	-50.267372	1570000	-3.7252903e-09	51.388428	-0.026862537	-9.622342	1.2185562	0.015063803	0.15411542	72.0	5351.795965433121
157	-86.064514	3.6450186	-80.0	-92.0	308.64517	-24.213781	7.8747396	-1.6198208	-51.70822	1580000	-3.7252903e-09	87.487404	-0.028516093	-24.142344	1.2339768	0.013945925	0.17081708	79.0	5385.423864364624
158	-85.80645	3.3448985	-80.0	-92.0	304.7097	-24.58571	8.290246	2.1404352	-47.696957	1590000	4.656613e-09	71.64511	-0.018819405	-14.252467	1.241975	0.015121765	0.12161216	18.0	5417.31827878952
159	-85.333336	2.5991452	-80.0	-88.0	318.76666	-25.077673	7.9083667	-2.813833	-47.972576	1600000	-1.1175871e-08	51.81169	-0.02802383	-8.257997	1.2571654	0.013621014	0.16371638	79.0	5453.803253412247
160	-84.8	4.3081317	-76.0	-92.0	323.66666	-23.964691	7.5497246	6.4559026	-51.212276	1610000	3.7252903e-09	64.42061	-0.028958382	-17.059425	1.2941259	0.015057701	0.15111512	58.0	5489.640666007996
161	-84.965515	3.4289112	-76.0	-92.0	333.10345	-23.249718	7.369892	-1.134778	-47.677265	1620000	1.800557e-08	54.004456	-0.027146265	-8.899714	1.2804142	0.015026269	0.15811582	76.0	5525.664318084717
162	-83.86207	4.133331	-76.0	-92.0	332.7931	-22.816381	7.2759523	-0.44767338	-46.810116	1630000	5.5879354e-09	55.172028	-0.024814881	-8.573895	1.2661732	0.015026487	0.12681268	46.0	5558.787162303925
163	-84.965515	4.413793	-76.0	-92.0	328.72415	-22.535343	7.425306	15.95676	-49.70152	1640000	-4.967054e-09	62.544006	-0.023921862	-11.610939	1.2674892	0.015163931	0.15431543	36.0	5593.165838718414
164	-84.68965	3.1634054	-80.0	-92.0	322.7931	-22.948103	7.3012323	12.585826	-51.50459	1650000	-1.2417634e-08	47.601307	-0.017926058	-6.8254433	1.2365996	0.015009318	0.1180118	21.0	5628.208615064621
165	-84.55173	3.747056	-76.0	-92.0	327.86206	-23.882872	8.177938	15.087371	-48.818977	1660000	-1.1175871e-08	58.019497	-0.027741065	-11.304116	1.2436446	0.01411225	0.1530153	79.0	5664.888583660126
166	-85.066666	3.8551555	-76.0	-96.0	322.26666	-23.157373	8.10988	-0.7958945	-45.87018	1670000	6.208817e-09	60.597713	-0.02780812	-10.64313	1.2557188	0.013218795	0.15021501	79.0	5699.764515399933
167	-85.066666	3.5677567	-80.0	-92.0	319.53333	-23.509995	7.616978	15.953443	-42.982426	1680000	-9.313226e-09	67.180084	-0.02691927	-20.687819	1.2651998	0.0151744485	0.16131613	42.0	5733.227699041367
168	-85.37931	3.3673255	-80.0	-92.0	326.31033	-23.938908	8.539949	12.181943	-52.96317	1690000	1.2417635e-09	55.573612	-0.028384836	-15.163322	1.2520741	0.014054202	0.14271428	79.0	5766.787199258804
169	-85.625	3.585997	-80.0	-92.0	305.9375	-23.980488	8.618817	3.6999977	-50.54529	1700000	-7.450581e-09	72.28417	-0.030153058	-14.954887	1.2632538	0.01503333	0.14661466	76.0	5803.943414211273
170	-86.19355	3.913742	-80.0	-92.0	312.8387	-25.035273	8.010119	16.553747	-54.430286	1710000	1.2417635e-09	81.46253	-0.027096407	-18.656347	1.2945174	0.015072753	0.14281428	45.0	5838.865946292877
171	-84.0	3.8544965	-76.0	-92.0	332.35715	-24.988825	7.512	-2.7109468	-47.242683	1720000	-6.208817e-09	61.145264	-0.025482146	-12.566735	1.2685226	0.015081103	0.14161415	51.0	5872.007991552353
172	-84.413795	3.2111578	-80.0	-92.0	335.9655	-22.787073	7.67479	5.9437647	-53.666393	1730000	6.208817e-09	81.002266	-0.02064259	-17.336538	1.2564589	0.015090243	0.12271228	25.0	5905.541563749313
173	-85.10345	3.6231518	-80.0	-92.0	320.65518	-23.142971	7.6123147	5.1101885	-49.47041	1740000	0.0	65.388985	-0.028989526	-11.668797	1.2764202	0.014466452	0.16431643	79.0	5942.035452127457
174	-85.71429	4.1991253	-76.0	-92.0	334.5357	-23.393288	7.101578	-2.2697582	-45.948956	1750000	7.450581e-09	77.585846	-0.023296913	-12.825067	1.2591764	0.015348718	0.13681369	32.0	5976.858669519424
175	-83.57143	3.9044716	-76.0	-92.0	344.89285	-22.7679	7.61939	7.0329266	-45.35294	1760000	2.4835268e-08	63.550694	-0.013920978	-14.1602745	1.2389191	0.015820505	0.1220122	9.0	6009.920272350311
176	-83.07692	3.561796	-76.0	-88.0	363.8846	-21.843288	6.84417	-2.4685874	-49.37078	1770000	7.450581e-09	49.857693	-0.02685876	-7.846743	1.2563552	0.015096319	0.14881489	49.0	6041.8322558403015
177	-83.23077	4.963774	-76.0	-92.0	358.84616	-20.93203	6.8084574	4.3675866	-43.892426	1780000	7.450581e-09	69.16224	-0.017403316	-14.363262	1.252818	0.0150641985	0.14651465	14.0	6074.860367298126
178	-83.53846	3.7337418	-76.0	-92.0	359.57693	-21.043266	7.110602	9.832463	-43.818127	1790000	5.122274e-09	65.35309	-0.032892033	-19.806993	1.2438148	0.015004034	0.14951496	70.0	6109.577460050583
179	-81.84615	2.9831877	-76.0	-88.0	372.6154	-21.039732	7.56337	5.5220404	-48.019825	1800000	-8.692344e-09	54.802395	-0.021626743	-12.374787	1.2662945	0.015326556	0.13281329	25.0	6142.271896600723
180	-83.703705	4.2059464	-76.0	-92.0	355.25925	-20.041243	7.3603806	-3.2706926	-42.46845	1810000	-6.2088173e-10	83.554726	-0.018836422	-23.22815	1.2280566	0.015547995	0.14881487	15.0	6176.285544872284
181	-82.08	3.4166653	-76.0	-88.0	384.8	-21.39848	7.283281	2.5770292	-44.5244	1820000	-2.483527e-09	60.782104	-0.025094459	-14.198859	1.2602978	0.015146325	0.1530153	42.0	6210.394632101059
182	-82.166664	4.3172784	-76.0	-92.0	389.04166	-19.616661	7.1391788	14.013639	-42.34373	1830000	4.967054e-09	64.84112	-0.015250958	-16.217848	1.2333719	0.015476675	0.13771378	11.0	6244.103672027588
183	-83.2	4.2332025	-76.0	-92.0	368.04	-20.10879	7.4857545	11.887627	-46.93925	1840000	0.0	68.67774	-0.027835729	-18.047285	1.1751661	0.015026669	0.15261526	35.0	6277.781657934189
184	-82.72	3.704268	-76.0	-92.0	373.28	-20.837723	6.8535676	-5.24631	-41.754414	1850000	-7.450581e-09	56.266327	-0.030637726	-9.996507	1.173183	0.014972647	0.15641564	79.0	6314.605706453323
185	-83.23077	3.5116038	-76.0	-92.0	366.65384	-19.891655	6.910495	-1.4785064	-45.498917	1860000	-7.450581e-09	57.55534	-0.02489534	-10.884652	1.1613512	0.015002693	0.1340134	41.0	6350.121394634247
186	-82.15385	3.5484807	-76.0	-92.0	372.73077	-20.737026	7.2114534	5.587591	-45.267067	1870000	1.0554989e-08	64.26759	-0.03106954	-11.22923	1.1569191	0.011214331	0.15621562	79.0	6385.922824144363
187	-81.28	4.0350466	-76.0	-92.0	380.92	-20.239185	6.893621	0.27551317	-44.587875	1880000	0.0	69.217766	-0.033920538	-17.337366	1.0986648	0.014111613	0.15021501	79.0	6421.363805770874
188	-80.347824	2.6144862	-76.0	-84.0	403.73914	-19.289812	6.5604053	4.8376637	-43.5022	1890000	-2.483527e-09	49.862026	-0.032429993	-13.62582	1.1393127	0.014809795	0.15171517	79.0	6458.717715740204
189	-80.86957	2.878773	-76.0	-84.0	401.3913	-19.199348	6.92246	3.5729578	-42.18894	1900000	-9.934108e-09	43.907215	-0.029335013	-9.976558	1.1168681	0.015097228	0.15261526	78.0	6493.1277384758
190	-83.84615	3.9193041	-76.0	-92.0	350.84616	-18.113739	6.5051417	-3.8303823	-41.174904	1910000	-4.967054e-09	79.06339	-0.020432485	-22.717743	1.1017555	0.01517889	0.13931394	23.0	6527.310529947281
191	-80.57143	4.1469603	-72.0	-88.0	422.66666	-21.769682	7.509104	11.813332	-48.459145	1920000	-2.9802322e-08	66.93354	-0.026953263	-28.224813	1.1368378	0.015024118	0.15131514	44.0	6561.408088207245
192	-81.833336	4.615794	-76.0	-96.0	387.5	-17.802053	5.9421825	-0.9719859	-41.69149	1930000	-4.967054e-09	73.56985	-0.030396992	-17.951471	1.0994883	0.014739915	0.14711471	79.0	6597.724177837372
193	-80.521736	3.9658277	-72.0	-88.0	410.91306	-19.780012	6.8062406	-5.7761183	-44.162712	1940000	-9.934108e-09	51.2175	-0.028377475	-12.640641	1.1170629	0.015067227	0.15251525	53.0	6633.354884386063
194	-82.08696	3.8888137	-76.0	-92.0	402.86957	-17.794992	6.1296754	-1.232791	-38.897293	1950000	4.967054e-09	58.632812	-0.028816855	-9.695068	1.1237879	0.0150738135	0.15661566	55.0	6667.663574695587
195	-82.666664	3.7712362	-76.0	-92.0	398.375	-19.02514	6.158595	2.6330175	-43.39392	1960000	-1.4901161e-08	63.13277	-0.030095324	-12.174676	1.185884	0.014454283	0.15891589	79.0	6703.326658010483
196	-81.73913	3.8810284	-76.0	-88.0	414.0	-19.388006	6.180966	-3.4220896	-41.59406	1970000	9.4684465e-09	64.12284	-0.023242936	-9.99157	1.1974494	0.01525306	0.14171417	30.0	6736.924998283386
197	-81.73913	4.0563145	-76.0	-88.0	406.69565	-18.890594	6.7857113	-6.08549	-45.484375	1980000	-2.483527e-09	62.15904	-0.02359734	-10.910355	1.1941768	0.015247981	0.1620162	25.0	6772.17804312706
198	-81.91304	4.231487	-76.0	-92.0	406.78262	-18.605158	5.960234	-1.9891057	-43.256752	1990000	-4.967054e-09	55.038662	-0.02666524	-10.753564	1.1474829	0.015046229	0.14371437	43.0	6805.571939229965
199	-81.391304	4.1883807	-72.0	-92.0	410.65216	-18.277485	6.2618446	0.8623858	-39.287067	2000000	2.173086e-09	53.62611	-0.028805686	-8.173106	1.1511407	0.0151745295	0.14981498	50.0	6840.421785593033
200	-83.166664	4.4690294	-76.0	-92.0	399.625	-18.14425	6.115809	2.10777	-39.118195	2010000	0.0	73.24575	-0.030784374	-10.532849	1.1557014	0.01501431	0.15371537	77.0	6879.876803636551
201	-80.0	3.2659864	-76.0	-84.0	431.85715	-19.448973	6.204986	-8.014495	-41.32447	2020000	1.7384687e-08	49.460438	-0.027269302	-12.572783	1.1128831	0.015062794	0.1449145	41.0	6911.946474790573
202	-80.90909	4.165978	-72.0	-88.0	417.36365	-17.139734	6.855161	-1.7188632	-39.41355	2030000	4.0357313e-09	67.45533	-0.031016037	-10.082232	1.1185641	0.015230902	0.1671167	72.0	6947.850045442581
203	-80.90909	3.8008263	-76.0	-88.0	425.31818	-18.135565	6.8720345	24.534025	-41.691093	2040000	1.7384687e-08	56.888927	-0.02578932	-10.038288	1.1272167	0.015255112	0.15171517	40.0	6984.001008033752
204	-82.166664	3.2617311	-76.0	-92.0	412.54166	-18.051441	6.7385297	-2.2871141	-40.932667	2050000	9.934108e-09	64.347466	-0.022159085	-13.486627	1.1890221	0.015246979	0.15261526	23.0	7018.870950460434
205	-79.04762	3.884967	-72.0	-88.0	445.0	-18.835617	7.3480606	-0.5999837	-43.770767	2060000	7.683411e-09	56.388424	-0.025694996	-15.546918	1.115397	0.0150397075	0.13951395	41.0	7054.216227769852
206	-83.04762	3.8849673	-76.0	-92.0	419.2857	-16.698887	6.4272947	26.386478	-39.808605	2070000	-7.450581e-09	64.26635	-0.018766487	-16.290789	1.1403464	0.015466138	0.13951395	17.0	7083.409662246704
207	-79.42857	3.0948718	-72.0	-84.0	454.5238	-18.188318	6.253547	-0.1879499	-39.869377	2080000	3.7252903e-09	53.63554	-0.026708031	-9.78093	1.115893	0.015413429	0.14721473	52.0	7118.617941379547
208	-82.08696	3.308921	-76.0	-88.0	405.17392	-16.476532	6.5577087	11.1012335	-39.528904	2090000	-2.483527e-09	72.688835	-0.02888532	-15.981376	1.178067	0.015216462	0.14861487	49.0	7152.805880308151
209	-84.64	4.3347893	-72.0	-92.0	390.08	-18.636456	6.78845	17.34524	-43.386875	2100000	2.483527e-09	96.57249	-0.03283015	-16.41584	1.1420366	0.015021595	0.16621663	76.0	7187.411591768265
210	-79.818184	4.895604	-72.0	-92.0	443.68182	-20.37442	6.4671907	-6.240915	-47.903526	2110000	-2.483527e-09	80.10537	-0.020241192	-26.0923	1.1122619	0.015231426	0.14721473	21.0	7221.7715673446655
211	-80.36364	6.812725	-64.0	-92.0	424.31818	-16.394405	5.9663863	33.452263	-38.012455	2120000	4.967054e-09	91.397316	-0.02804242	-15.868173	1.0670382	0.015017964	0.1350135	57.0	7255.39803647995
212	-81.565216	5.499613	-72.0	-92.0	408.08694	-17.537018	6.6229234	-0.7337879	-43.754192	2130000	-3.4730572e-09	83.86852	-0.027224606	-9.743183	1.0887071	0.015015925	0.13841385	71.0	7289.019487380981
213	-80.190475	4.8562093	-72.0	-92.0	432.7619	-18.334595	6.244248	-2.289336	-45.359825	2140000	2.483527e-09	62.160778	-0.018482445	-11.647785	1.043949	0.015011211	0.11781178	18.0	7321.2983231544495
214	-79.652176	4.992244	-72.0	-92.0	412.56522	-17.588034	6.436649	4.8317	-42.162827	2150000	2.483527e-09	61.4917	-0.030788774	-7.2469254	1.0160199	0.010252271	0.15281528	79.0	7356.391178369522
215	-80.181816	3.903802	-76.0	-88.0	432.0909	-17.804207	6.422336	-1.4532459	-39.00147	2160000	-2.483527e-09	63.20993	-0.02517417	-9.178487	1.044113	0.015055917	0.12571257	40.0	7388.243125677109
216	-80.57143	2.8380315	-76.0	-84.0	447.8095	-17.586756	6.3465753	-0.9913829	-40.07488	2170000	-6.2088173e-10	58.143154	-0.02684623	-11.320483	1.0614473	0.015038042	0.14121412	54.0	7422.057352542877
217	-80.57143	3.3319728	-76.0	-84.0	433.7143	-17.086834	6.4221563	6.0389833	-39.300858	2180000	-2.2351742e-08	55.101368	-0.030624479	-8.349025	1.0284262	0.014177916	0.15951596	79.0	7458.526516199112
218	-78.4	6.1188235	-68.0	-92.0	469.0	-17.964924	6.2480564	3.5779266	-37.786434	2190000	1.2417634e-08	79.70288	-0.026106074	-16.451826	1.0697612	0.01502535	0.14661466	44.0	7492.685515165329
219	-79.42857	3.7616036	-72.0	-84.0	447.14285	-15.771962	5.2999787	-2.159728	-41.483063	2200000	-4.346172e-09	59.82047	-0.01962597	-8.670289	1.0337979	0.015204568	0.1260126	17.0	7527.590531587601
220	-79.04762	4.603065	-68.0	-88.0	457.61905	-16.448137	5.51908	-5.998246	-44.88722	2210000	-9.934108e-09	68.60199	-0.025362507	-10.727639	1.0313793	0.015026723	0.14181419	52.0	7563.636266469955
221	-77.47369	4.534876	-68.0	-88.0	477.42105	-16.834814	6.375488	6.3917913	-41.45954	2220000	-1.7384687e-08	47.526398	-0.024510829	-7.9409156	0.99551564	0.015097525	0.1319132	51.0	7595.599735498428
222	-80.0	5.026247	-68.0	-88.0	477.78946	-15.117172	5.931629	8.327324	-38.02578	2230000	0.0	65.40678	-0.023414731	-14.195075	1.0980037	0.015125734	0.13731372	34.0	7629.802983045578
223	-78.2	6.9828362	-60.0	-88.0	474.95	-15.674533	6.273085	6.4480395	-36.9999	2240000	4.967054e-09	63.52592	-0.030845886	-12.612033	1.046041	0.012901538	0.14731473	79.0	7663.231154203415
224	-78.4	4.4542117	-68.0	-88.0	447.25	-16.559	6.67808	16.41646	-38.19384	2250000	0.0	66.61639	-0.018691128	-11.380836	1.0397905	0.015137083	0.122312225	19.0	7694.565573692322
225	-80.36364	5.1038795	-72.0	-88.0	447.5909	-17.228333	6.5849843	-0.8400633	-45.99144	2260000	5.2774944e-09	77.49093	-0.03104865	-8.544297	1.0550486	0.015072542	0.15241523	76.0	7730.450250148773
226	-81.565216	4.5284233	-72.0	-92.0	398.0435	-16.66855	6.248562	2.3915224	-39.1752	2270000	7.450581e-09	85.57009	-0.022319997	-21.188507	0.98543197	0.015258211	0.13681369	27.0	7764.429522275925
227	-79.2	5.74108	-68.0	-88.0	456.05	-19.43424	6.595376	-6.8925877	-47.047905	2280000	-3.7252903e-09	80.116615	-0.016395027	-19.3625	1.0435089	0.015568025	0.14061405	14.0	7797.856903553009
228	-80.0	5.5136194	-72.0	-92.0	454.65	-17.03174	6.3016357	-4.576975	-37.375755	2290000	-4.967054e-09	71.24609	-0.027851949	-8.009589	1.0490471	0.014168377	0.15261526	79.0	7832.769520998001
229	-77.68421	7.602303	-48.0	-88.0	498.6842	-16.264755	5.771656	2.9038525	-46.25331	2300000	0.0	66.09643	-0.019885378	-10.550721	1.0269624	0.01502023	0.119411945	30.0	7864.541792869568
230	-82.28571	4.3768096	-76.0	-88.0	429.7619	-15.217637	6.1148763	-4.667391	-39.07937	2310000	2.173086e-09	82.05239	-0.02131284	-15.323262	1.0142341	0.015250164	0.13151313	28.0	7898.450758695602
231	-78.4	5.1224995	-68.0	-88.0	456.85	-18.18226	6.4216485	2.8302522	-39.5461	2320000	-1.2417634e-08	64.538536	-0.025679624	-14.61818	1.0244364	0.015060753	0.1369137	39.0	7931.700847387314
232	-81.4	4.7791214	-72.0	-92.0	446.65	-15.7841015	5.3783984	-0.8556364	-36.879047	2330000	4.2219956e-08	83.843864	-0.01751861	-18.114254	1.0710287	0.015089527	0.12571257	17.0	7965.328764438629
233	-81.90476	5.87087	-72.0	-92.0	436.2857	-17.454092	6.4230576	-0.70550805	-43.698578	2340000	7.450581e-09	81.977196	-0.013641859	-12.576248	1.0436982	0.015428513	0.13441344	12.0	7995.80063700676
234	-79.57895	4.4758506	-68.0	-84.0	486.5263	-17.571772	6.3238153	1.9898022	-41.96331	2350000	-4.967054e-09	72.09424	-0.025026767	-14.945113	1.0500597	0.015048742	0.13631363	51.0	8032.371888637543
235	-82.09524	4.719814	-72.0	-92.0	449.38095	-15.75298	5.758956	9.89765	-38.02631	2360000	8.071463e-09	88.96972	-0.029633304	-14.53249	1.0465376	0.014010874	0.14181419	79.0	8068.36926150322
236	-81.89474	7.608131	-56.0	-88.0	479.73685	-16.976263	5.7420244	17.429869	-40.357826	2370000	7.450581e-09	79.2655	-0.017286306	-13.314828	1.0528045	0.01506758	0.14161415	19.0	8101.785734176636
237	-79.2	6.4	-68.0	-92.0	463.2	-16.297699	6.1520085	2.676543	-41.924793	2380000	-3.7252903e-09	75.57507	-0.019256422	-16.124166	1.045132	0.01548063	0.14161415	18.0	8135.514131784439
238	-83.8	5.134199	-72.0	-92.0	450.8	-15.213727	5.602079	-5.3238897	-38.78038	2390000	-4.967054e-09	83.09133	-0.027462909	-16.915087	1.076223	0.015048412	0.14571457	63.0	8170.299208641052
239	-80.4	5.782733	-68.0	-88.0	481.5	-16.897573	5.4663196	5.2307158	-35.023987	2400000	-4.967054e-09	83.53406	-0.02543547	-14.0358305	1.0476412	0.015063631	0.13661365	48.0	8205.732115507126
240	-80.42105	5.489855	-72.0	-88.0	477.78946	-16.187725	5.9871697	-1.7542474	-41.978977	2410000	-3.1044085e-09	61.452564	-0.017891904	-9.678219	1.0387539	0.01515936	0.12171217	20.0	8236.315209627151
241	-80.0	4.618802	-72.0	-92.0	479.05554	-16.10023	6.128444	1.4638288	-43.060913	2420000	-3.1044085e-09	87.6307	-0.02623794	-22.979303	1.0341734	0.015037539	0.14471447	61.0	8267.833883047104
242	-82.666664	5.5663385	-72.0	-92.0	464.42856	-15.350598	5.094376	10.217043	-40.196003	2430000	2.9802322e-08	79.38342	-0.017833916	-19.621243	1.0627303	0.015231882	0.12621261	18.0	8300.45717716217
243	-79.55556	4.96904	-72.0	-88.0	486.0	-17.275753	6.1325436	-2.0806384	-45.866898	2440000	-1.21071935e-08	77.33785	-0.023863627	-15.291718	1.0750405	0.015052791	0.13651365	44.0	8331.320668697357
244	-80.210526	3.9944558	-72.0	-88.0	509.05264	-15.498057	5.6757817	6.171338	-43.121975	2450000	-4.967054e-09	62.75385	-0.022900745	-9.910047	1.0394498	0.015005206	0.14351435	42.0	8366.548888921738
245	-81.333336	6.531973	-68.0	-92.0	520.94446	-15.431622	5.58923	1.1622045	-37.178844	2460000	-8.537124e-10	57.14441	-0.020458195	-6.3265953	1.0376824	0.015281178	0.12291229	29.0	8399.309371948242
246	-79.6	4.543127	-72.0	-92.0	479.3	-15.422937	6.2475715	0.9829537	-41.282555	2470000	7.450581e-09	75.12733	-0.017776867	-14.521087	1.0351776	0.015373974	0.11841184	21.0	8430.660239934921
247	-80.0	4.0	-72.0	-84.0	531.94446	-15.683045	5.587314	-0.90589964	-41.40857	2480000	1.2417635e-09	63.749966	-0.024545299	-8.766628	1.0414022	0.015054212	0.13561356	51.0	8461.209523200989
248	-80.22222	6.595921	-68.0	-92.0	515.05554	-14.219987	5.0269165	11.033001	-37.06254	2490000	7.450581e-09	57.41962	-0.026422014	-8.909321	1.0391475	0.013379954	0.13451345	79.0	8496.66268324852
249	-81.333336	6.6666665	-72.0	-92.0	505.72223	-14.608505	6.089664	7.294741	-42.677536	2500000	-9.934108e-09	88.94387	-0.018708467	-16.035019	1.0250893	0.015200123	0.1140114	22.0	8528.552602767944
250	-81.052635	6.2024927	-72.0	-92.0	472.5263	-15.210183	6.107512	-0.32377023	-44.600746	2510000	6.208817e-09	92.451866	-0.019500896	-19.45469	1.0078598	0.01572095	0.12871288	16.0	8559.245696306229
251	-79.76471	6.503659	-68.0	-92.0	540.4706	-15.730169	5.5147195	-1.8383443	-36.89126	2520000	-9.934108e-09	56.30382	-0.014189866	-9.736678	1.048958	0.015082236	0.13131313	17.0	8593.779125928879
252	-78.888885	4.3829074	-72.0	-88.0	544.3333	-14.067335	5.309581	4.485259	-34.367077	2530000	1.8626451e-09	43.742687	-0.026207665	-3.683482	1.046629	0.014505449	0.14671467	79.0	8631.104692220688
253	-80.0	7.5424724	-68.0	-92.0	515.8889	-14.074467	5.693303	-0.1813798	-39.688698	2540000	-1.4901161e-08	84.94077	-0.024839344	-13.007987	1.0394316	0.013074012	0.13291329	79.0	8664.793593883514
254	-80.23529	6.053967	-64.0	-88.0	553.17645	-14.800105	5.2236357	1.3028835	-46.422375	2550000	0.0	58.84161	-0.022509089	-7.584109	1.0507262	0.015044809	0.13941395	66.0	8700.610256195068
255	-79.05882	9.75265	-48.0	-92.0	537.82355	-13.533316	5.4700804	3.3555665	-49.011993	2560000	1.4901161e-08	73.14049	-0.019151893	-11.236774	1.0145706	0.015086428	0.112611264	29.0	8733.932246208191
256	-80.666664	7.5718775	-68.0	-92.0	508.6111	-13.979356	5.5738726	13.440812	-49.02778	2570000	-1.2417634e-08	93.99515	-0.00907585	-14.970279	1.0096112	0.017479768	0.11051106	7.0	8766.993398189545
257	-76.94118	6.2163973	-68.0	-92.0	544.0	-14.555402	4.6954694	1.4661156	-49.275246	2580000	9.934108e-09	69.896576	-0.018340463	-12.610957	1.008843	0.015909338	0.12681268	23.0	8802.259188652039
258	-77.066666	5.926963	-64.0	-84.0	559.6667	-13.387293	4.7593846	-0.61995524	-37.910206	2590000	7.761021e-09	49.775745	-0.025298098	-6.6586895	1.0357323	0.013813353	0.14561456	79.0	8835.810142040253
259	-77.64706	5.9896107	-60.0	-88.0	539.35297	-12.816989	5.261011	2.6349173	-41.698288	2600000	2.483527e-09	49.008026	-0.023449754	-8.254941	1.0160729	0.015001386	0.13601361	67.0	8870.851703643799
260	-79.55556	6.5168347	-68.0	-88.0	522.3889	-14.038167	4.9553576	11.226354	-50.245457	2610000	-4.967054e-09	65.47436	-0.025510827	-7.7319436	1.0084678	0.0146790305	0.13951395	79.0	8909.159713983536
261	-78.75	6.590713	-64.0	-92.0	553.6875	-14.387885	5.010757	3.5263522	-49.26887	2620000	-8.692344e-09	62.99736	-0.019620093	-6.4437485	1.0099773	0.015063413	0.1160116	34.0	8945.481038570404
262	-76.0	5.059644	-64.0	-84.0	591.4	-13.508126	4.405799	6.4858146	-35.450424	2630000	-9.934108e-09	39.181812	-0.017277787	-5.9252796	1.0386652	0.015099919	0.12061206	30.0	8980.487775087357
263	-78.0	8.35331	-64.0	-92.0	521.94446	-12.495289	5.5453944	0.121661186	-49.58989	2640000	9.934108e-09	92.8641	-0.023776153	-12.615594	0.97424597	0.014444463	0.13331331	79.0	9016.202594280243
264	-74.666664	8.474799	-52.0	-88.0	612.8	-13.639106	5.1232376	12.147207	-53.215694	2650000	-1.4901161e-08	55.170185	-0.014975607	-14.178108	1.0192012	0.016181473	0.12761277	17.0	9048.601987361908
265	-75.75	9.107003	-52.0	-92.0	556.25	-11.608791	4.843451	3.6588936	-50.9215	2660000	4.967054e-09	63.571117	-0.020281538	-8.3311	0.99667597	0.015075774	0.14261426	26.0	9082.877541780472
266	-78.35294	8.238654	-60.0	-92.0	561.05884	-12.804857	5.46561	8.142537	-52.684807	2670000	4.967054e-09	61.621464	-0.02232998	-8.604023	1.058379	0.015092094	0.12281228	47.0	9120.970846176147
267	-75.75	8.540345	-52.0	-88.0	567.4375	-13.0765	4.8811817	7.7237263	-49.825436	2680000	-4.967054e-09	66.265724	-0.017441241	-13.137707	1.0235682	0.015010062	0.12891288	17.0	9152.001543045044
268	-79.0	5.196152	-72.0	-88.0	544.625	-12.9238615	4.201242	0.8723645	-51.80282	2690000	-1.9868216e-08	63.186646	-0.022385225	-8.804353	1.061902	0.015087775	0.13311331	55.0	9181.811106681824
269	-77.333336	8.944272	-68.0	-92.0	522.5	-13.438247	5.7002583	8.492215	-47.38401	2700000	0.0	86.2618	-0.02548694	-14.052064	1.038047	0.015074405	0.1581158	45.0	9215.461157560349
270	-74.5	6.9101377	-60.0	-88.0	594.75	-13.2917185	4.298525	6.280942	-38.796104	2710000	-4.967054e-09	46.097584	-0.019734079	-10.068414	1.0471084	0.01513061	0.12561256	37.0	9249.568785905838
271	-74.666664	6.3104854	-64.0	-84.0	603.4667	-12.211695	4.5228186	10.607316	-32.475983	2720000	1.4901161e-08	47.684616	-0.023177302	-4.2009773	1.0627899	0.015007469	0.15661567	58.0	9281.66287446022
272	-73.14286	6.3116345	-64.0	-84.0	624.2857	-12.021743	4.595949	5.6728363	-40.39983	2730000	-1.7384687e-08	42.545025	-0.014240656	-7.4723706	1.0353527	0.015085131	0.12361237	12.0	9314.163887262344
273	-70.4	5.9866524	-64.0	-84.0	623.26666	-11.84266	4.4004087	6.877487	-30.294893	2740000	2.1381615e-08	36.8866	-0.016619803	-4.540487	1.0515231	0.015080339	0.11931193	29.0	9351.917948246002
274	-76.26667	5.7441754	-64.0	-92.0	597.3333	-11.106017	4.7466793	6.8838854	-50.672363	2750000	1.7384687e-08	53.844982	-0.017888658	-8.184445	1.0816488	0.015339591	0.12451244	35.0	9386.218165636063
275	-74.0	8.652002	-52.0	-92.0	615.1429	-12.286856	4.370437	2.2876482	-49.101166	2760000	-7.450581e-09	50.11229	-0.02373421	-5.6709824	1.0218188	0.01488474	0.15471546	79.0	9418.98022031784
276	-75.75	4.9937463	-68.0	-88.0	600.25	-11.409672	4.1837845	3.800365	-30.89644	2770000	-7.450581e-09	54.619213	-0.016215695	-12.671974	1.041107	0.015041436	0.09090909	16.0	9452.894335269928
277	-74.666664	8.347986	-56.0	-88.0	617.2	-11.950874	4.887461	5.625235	-41.777794	2780000	-1.4901161e-08	47.97201	-0.01844173	-7.440046	0.99445647	0.01501327	0.12921292	25.0	9485.231026887894
278	-75.5	5.809475	-64.0	-88.0	606.125	-11.9984255	4.9494386	0.36735803	-49.039825	2790000	-1.1796753e-08	47.173416	-0.021483377	-10.230914	1.0645052	0.015025725	0.13221322	53.0	9520.431652784348
279	-74.28571	6.540299	-64.0	-84.0	665.9286	-11.836237	3.9224389	4.9518147	-40.70726	2800000	-3.7252903e-09	39.98769	-0.02023972	-12.242889	1.0267469	0.01506564	0.14061406	32.0	9555.190324544907
280	-73.75	7.2067676	-64.0	-88.0	600.1875	-11.247729	4.692164	7.7938905	-35.98021	2810000	2.483527e-09	51.264683	-0.014834725	-11.343391	1.0517406	0.015058023	0.12351235	14.0	9589.681120634079
281	-71.07692	9.691087	-56.0	-88.0	692.7692	-11.219774	4.314357	10.479637	-42.658844	2820000	3.7252903e-09	42.11166	-0.021825546	-9.345291	1.0041041	0.015048427	0.1361136	41.0	9624.357801437378
282	-71.73333	7.0754657	-60.0	-88.0	618.13336	-10.889883	4.6024084	1.2760007	-36.690964	2830000	-1.1175871e-08	30.492956	-0.017594784	-2.7959645	1.0729568	0.015085028	0.13281327	29.0	9657.847537517548
283	-72.0	5.46504	-64.0	-84.0	635.4	-10.935835	4.701696	4.659361	-45.14222	2840000	-1.2417635e-09	50.772842	-0.014502962	-8.270573	1.0459862	0.015058421	0.123012304	18.0	9691.8363468647
284	-72.28571	8.344618	-56.0	-80.0	629.2857	-10.580387	4.248901	2.3396904	-47.80348	2850000	1.2417634e-08	39.775562	-0.019908149	-5.9855657	1.0156153	0.015014918	0.13981397	41.0	9727.448796510696
285	-75.42857	4.981599	-68.0	-84.0	631.0714	-10.274147	4.2043633	6.6005325	-41.532993	2860000	-6.829699e-09	39.32356	-0.014747548	-9.227889	0.9882283	0.015161482	0.10621062	14.0	9761.092450857162
286	-68.57143	11.299269	-48.0	-92.0	675.7143	-11.452056	5.146155	13.036896	-47.811058	2870000	-1.9402554e-08	53.589214	-0.022002928	-10.426712	0.99536896	0.015146464	0.13491349	61.0	9798.362899303436
287	-73.42857	5.150788	-64.0	-80.0	625.6429	-10.175449	4.5139046	9.63099	-48.512844	2880000	-1.2417634e-08	45.050556	-0.019227535	-8.616231	1.0053148	0.015042421	0.13171317	28.0	9832.378950357437
288	-69.53846	9.086044	-48.0	-80.0	681.3077	-10.686965	4.0417767	3.668255	-29.997025	2890000	2.7939677e-09	34.499363	-0.021742241	-8.133447	0.99713737	0.015030124	0.12581258	42.0	9867.640756607056
289	-69.84615	9.096459	-52.0	-88.0	675.1539	-9.705402	5.047873	5.944522	-46.851963	2900000	1.9247333e-08	47.1431	-0.026427047	-8.106479	0.9787979	0.013225761	0.15431544	79.0	9899.108231306076
290	-73.066666	5.555378	-60.0	-80.0	588.2	-10.082425	4.2342	2.3555057	-41.09841	2910000	4.967054e-09	45.62338	-0.015449938	-13.721578	0.984435	0.01530132	0.11621162	15.0	9932.180026054382
291	-73.42857	9.514758	-60.0	-92.0	653.5714	-11.175481	4.420373	10.335287	-47.727074	2920000	5.8983765e-09	54.46967	-0.014442212	-11.69275	0.9609237	0.015323177	0.12941295	16.0	9965.198465824127
292	-73.25	7.0311804	-64.0	-92.0	594.75	-11.033241	4.4892	1.7031031	-50.92197	2930000	1.1175871e-08	53.40526	-0.02214267	-8.076833	0.96419406	0.015011493	0.13951395	66.0	10001.190739631653
293	-69.333336	6.639946	-52.0	-80.0	640.93335	-11.366742	4.5768285	5.425225	-39.23234	2940000	2.6077032e-08	44.09206	-0.013191358	-8.336062	0.99677324	0.015184646	0.12991299	14.0	10034.006317615509
294	-74.28571	6.540299	-60.0	-84.0	657.9286	-10.149051	4.241085	3.8153453	-33.295025	2950000	9.934108e-09	34.75194	-0.024538577	-5.6899085	0.99621326	0.015214498	0.15121512	74.0	10071.310824632645
295	-71.42857	5.6279182	-56.0	-76.0	647.0714	-10.868284	4.042034	5.7957892	-29.099379	2960000	-7.450581e-09	32.099	-0.021726424	-5.2161536	0.9953868	0.01505965	0.13461345	47.0	10105.762045383453
296	-71.73333	8.574899	-48.0	-80.0	638.06665	-10.35016	4.814585	2.019856	-53.66708	2970000	-4.346172e-09	42.05931	-0.017695652	-5.6109138	0.97567505	0.015282997	0.12521252	24.0	10142.48590040207
297	-74.0	6.0	-60.0	-84.0	608.5714	-11.327743	4.398233	1.2734185	-29.627884	2980000	-2.483527e-09	56.366272	-0.018234083	-9.655659	1.0165433	0.0151296435	0.11351135	34.0	10176.477557897568
298	-73.14286	6.1278887	-60.0	-80.0	594.8571	-11.575777	4.2286053	1.2631679	-36.138264	2990000	7.450581e-09	50.671	-0.02335508	-11.894889	1.0295101	0.015114415	0.13161315	54.0	10209.782087802887
299	-72.0	11.7756815	-48.0	-92.0	622.2	-11.409749	5.350666	7.281884	-50.50376	3000000	1.5522042e-08	69.611725	-0.0146621065	-21.152807	0.97712094	0.015569945	0.123012304	15.0	10240.391792058945
300	-72.0	9.577752	-52.0	-88.0	613.73334	-10.921496	4.6252184	3.700845	-49.616043	3010000	-9.934108e-09	43.5883	-0.014085832	-10.619108	0.97993785	0.0151650235	0.13121313	16.0	10273.328530550003
301	-69.84615	10.479622	-48.0	-84.0	657.3077	-11.026561	4.549159	4.806137	-40.279083	3020000	4.967054e-09	56.93529	-0.022453567	-9.330256	0.9793689	0.015046692	0.14651465	75.0	10309.492713212967
302	-74.85714	9.124983	-56.0	-92.0	617.6429	-10.594951	4.722496	6.454517	-44.750378	3030000	0.0	57.48337	-0.021475434	-15.259854	0.98852414	0.015241082	0.1350135	43.0	10338.879597187042
303	-74.933334	9.291334	-52.0	-84.0	589.4667	-11.315824	4.6849704	2.0372605	-34.676292	3040000	-9.934108e-09	51.89395	-0.0112220645	-7.0471673	0.96359974	0.015811337	0.12961297	10.0	10371.085706472397
304	-68.0	7.483315	-52.0	-80.0	672.3333	-10.587743	4.754429	6.985793	-32.45292	3050000	-1.3659398e-08	31.94645	-0.01895229	-7.36925	0.9941841	0.015652096	0.15041505	38.0	10402.877192258835
305	-66.0	7.023769	-56.0	-76.0	683.75	-9.991382	4.0044823	5.9723883	-32.05893	3060000	2.0489097e-08	29.230608	-0.020739853	-5.7417064	1.0054717	0.015033867	0.12261226	54.0	10435.9215862751
306	-68.333336	9.994443	-52.0	-84.0	713.0	-8.68246	4.2620845	2.9345326	-35.75899	3070000	4.967054e-09	33.706642	-0.011278457	-5.342497	0.95027304	0.015301437	0.11401141	11.0	10470.04778456688
307	-73.333336	8.219218	-52.0	-88.0	606.13336	-9.442352	4.2865877	5.5188723	-46.20707	3080000	-1.4125059e-08	48.913456	-0.016171537	-8.74359	0.98281616	0.015258423	0.14011401	23.0	10504.761090278625
308	-71.14286	10.493924	-52.0	-92.0	643.7857	-10.979411	4.9749413	3.664881	-53.704334	3090000	2.9336661e-08	60.75275	-0.017746063	-8.87185	0.9735639	0.015335743	0.1309131	29.0	10540.28043961525
309	-69.53846	7.281329	-60.0	-84.0	689.61536	-9.794538	4.710254	5.7599874	-55.03248	3100000	1.0554989e-08	40.37898	-0.022612086	-6.632521	0.9776328	0.015158673	0.13431342	66.0	10573.407991170883
310	-66.666664	9.428091	-44.0	-80.0	733.6667	-9.662068	4.520668	2.9785974	-28.738445	3110000	-2.483527e-09	27.898865	-0.02107712	-5.036955	0.97771955	0.015002859	0.12801279	39.0	10610.36700630188
311	-70.57143	6.863093	-56.0	-80.0	635.6429	-9.286187	4.375785	3.9800184	-44.83627	3120000	-9.934108e-09	39.82445	-0.014528047	-7.323425	0.98185366	0.015310645	0.12621261	16.0	10644.320747613907
312	-68.0	7.659417	-48.0	-76.0	690.4167	-9.330354	4.555961	3.4408407	-28.51053	3130000	1.6142925e-08	29.858515	-0.013119277	-4.2595215	0.9596333	0.015020731	0.14721473	12.0	10677.89176940918
313	-67.666664	9.58587	-48.0	-88.0	729.25	-9.845092	4.397534	4.4177713	-31.16737	3140000	3.1044085e-09	30.848642	-0.023043051	-5.8793683	0.9860237	0.015044048	0.14411442	69.0	10711.392637252808
314	-71.2	6.0575023	-64.0	-80.0	650.3333	-8.690964	4.212003	7.97519	-42.198483	3150000	-4.967054e-09	41.632626	-0.024443127	-9.411154	0.9885239	0.015188246	0.14681469	75.0	10749.677623271942
315	-69.86667	11.67257	-40.0	-88.0	642.2	-10.042412	5.2317576	5.590548	-44.304672	3160000	-2.2351742e-08	65.47792	-0.017078504	-10.14808	0.9848835	0.015927503	0.15311532	18.0	10785.505481243134
316	-68.30769	8.221778	-56.0	-84.0	685.8461	-10.653321	4.6121573	1.1931658	-30.291656	3170000	1.4901161e-08	38.218468	-0.022360789	-9.281072	0.9629788	0.015046013	0.1369137	50.0	10819.085166931152
317	-68.0	9.092121	-56.0	-84.0	697.5833	-9.017895	5.0268016	3.8366354	-29.891912	3180000	-2.483527e-09	38.6181	-0.022945313	-9.383878	0.96355945	0.015094231	0.14561455	56.0	10853.775300979614
318	-70.57143	14.311405	-40.0	-92.0	634.7143	-9.425588	4.578669	1.4425285	-47.286484	3190000	-1.7384687e-08	71.24482	-0.018121688	-10.380171	0.96954256	0.015006743	0.13321333	36.0	10889.481757640839
319	-66.0	10.263203	-44.0	-88.0	720.6667	-9.220044	5.137619	5.06656	-57.03589	3200000	4.967054e-09	45.07126	-0.01679644	-9.079181	0.9394743	0.015199085	0.14831483	20.0	10923.04112148285
320	-65.333336	13.299958	-48.0	-92.0	761.3333	-8.423262	4.6946673	1.1483283	-51.41761	3210000	-7.450581e-09	50.4229	-0.017000554	-6.992724	0.9255433	0.0150242075	0.13571358	25.0	10957.93317079544
321	-68.30769	6.741201	-60.0	-84.0	736.61536	-8.807803	4.600577	4.377254	-37.265404	3220000	9.934108e-09	39.525173	-0.01947362	-7.157931	0.922034	0.015091478	0.1510151	31.0	10994.425129175186
322	-73.14286	8.60944	-60.0	-92.0	639.2143	-9.219708	4.991977	13.073784	-60.158756	3230000	8.692344e-09	60.12851	-0.016782159	-12.927781	0.92419386	0.015149515	0.12581259	21.0	11023.40017080307
323	-70.333336	12.591885	-44.0	-88.0	681.0833	-11.018499	5.220893	6.358187	-61.071236	3240000	1.7384687e-08	56.527905	-0.022899032	-11.926834	0.936538	0.015143402	0.13301331	34.0	11056.049855709076
324	-67.27273	11.794381	-52.0	-88.0	719.7273	-9.288669	4.500285	1.6276407	-49.840057	3250000	1.3659398e-08	42.511265	-0.02287277	-11.696335	0.9507508	0.015149196	0.13821381	43.0	11089.058194637299
325	-66.0	14.0	-40.0	-92.0	784.3333	-8.689021	4.7972484	2.8278992	-53.912075	3260000	4.967054e-09	52.642426	-0.022574203	-7.121515	0.9151065	0.015107525	0.13971399	63.0	11128.62343788147
326	-68.0	7.2362723	-60.0	-80.0	734.4545	-8.238594	4.481705	3.3105605	-48.90577	3270000	-8.692344e-09	31.740961	-0.024325455	-6.910644	0.94579554	0.01504081	0.1530153	64.0	11165.039579629898
327	-72.0	7.3589296	-60.0	-88.0	669.3077	-8.494141	4.2463837	2.1539993	-29.365866	3280000	2.2351742e-08	58.464092	-0.022703603	-16.956305	0.90719867	0.015048985	0.12951295	47.0	11198.105732917786
328	-66.181816	10.28519	-52.0	-92.0	777.36365	-10.071706	6.26482	2.9437075	-57.43843	3290000	-1.0244548e-08	52.068665	-0.011490892	-16.259487	0.9311001	0.015283022	0.10621062	9.0	11231.869625091553
329	-67.38461	10.738418	-56.0	-92.0	705.9231	-8.485302	4.4368267	6.7806296	-58.01742	3300000	0.0	48.680435	-0.024159292	-7.527534	0.9012794	0.014674609	0.14251424	79.0	11269.965932369232
330	-67.27273	7.199632	-56.0	-80.0	752.8182	-8.780134	4.806068	10.570783	-42.86686	3310000	-7.450581e-09	32.66596	-0.018788455	-5.1279187	0.9126866	0.015050151	0.12771277	26.0	11302.511127233505
331	-70.333336	12.80191	-48.0	-92.0	709.0833	-8.487498	5.242857	10.102289	-60.499878	3320000	1.1175871e-08	52.93419	-0.013837658	-10.000716	0.9232733	0.015384342	0.11841184	15.0	11333.501546621323
332	-67.333336	13.743686	-48.0	-92.0	715.0833	-9.134835	5.7915535	0.7962508	-58.011333	3330000	9.934108e-09	54.206753	-0.015472181	-13.056909	0.9106806	0.01501599	0.122312225	18.0	11370.61760878563
333	-70.57143	8.364161	-60.0	-88.0	674.5714	-9.519528	5.305887	4.4523315	-54.071686	3340000	-2.7939677e-09	52.338627	-0.01661343	-15.162918	0.9024131	0.015335225	0.1369137	19.0	11405.600933074951
334	-68.92308	12.0668745	-48.0	-88.0	672.53845	-9.44548	4.9725924	1.0116106	-45.030964	3350000	6.2088173e-10	65.548645	-0.019157609	-16.116459	0.87580866	0.015102304	0.121212125	26.0	11441.484634160995
335	-66.666664	11.234867	-44.0	-80.0	746.5833	-9.454299	5.1229277	1.8762851	-37.34705	3360000	-7.450581e-09	35.168087	-0.012471371	-6.0624375	0.88762623	0.015084818	0.11621162	13.0	11480.25341296196
336	-67.0	9.678154	-52.0	-80.0	766.4167	-9.09831	4.566459	3.8144848	-39.479565	3370000	4.967054e-09	35.235184	-0.014579711	-5.8627224	0.8841765	0.015354431	0.11931193	17.0	11516.46869802475
337	-64.333336	9.159087	-52.0	-84.0	786.0833	-8.441594	4.853704	5.9981365	-42.457314	3380000	1.4901161e-08	33.52878	-0.021120714	-6.0314384	0.9009306	0.015147339	0.13491349	55.0	11552.03261089325
338	-68.0	10.046048	-44.0	-80.0	688.53845	-8.60404	4.047181	0.82549214	-41.243565	3390000	-1.2417634e-08	44.148815	-0.013373055	-8.165525	0.93325883	0.015365333	0.13381338	20.0	11588.838806390762
339	-65.23077	12.191762	-52.0	-84.0	739.0769	-8.911619	4.0867653	1.6513109	-44.472717	3400000	0.0	45.531162	-0.0228492	-6.223783	0.90515	0.015022797	0.14071406	60.0	11626.785081386566
340	-67.38461	9.903678	-48.0	-84.0	738.0769	-7.8570995	4.087171	2.2629714	-30.252747	3410000	-6.208817e-09	37.969196	-0.024026012	-8.745355	0.93540305	0.015063074	0.14751475	69.0	11662.900448560715
341	-66.333336	11.249692	-52.0	-92.0	726.9167	-9.405619	5.165212	5.6506333	-55.43583	3420000	1.6763806e-08	52.227978	-0.018014282	-8.096728	0.91496277	0.015003328	0.13841385	33.0	11696.947584629059
342	-64.92308	10.306544	-48.0	-84.0	720.61536	-8.612419	4.410841	1.4393651	-29.400135	3430000	2.483527e-09	40.69653	-0.018073577	-6.8068585	0.9119732	0.01533213	0.119511954	20.0	11733.69293999672
343	-64.0	8.696917	-52.0	-76.0	793.7273	-8.514261	4.419004	1.8152509	-55.225327	3440000	-2.173086e-09	29.63752	-0.02121719	-5.9380116	0.8995364	0.015000011	0.12591259	44.0	11772.272085428238
344	-63.272728	6.9946847	-52.0	-72.0	788.4545	-7.473504	3.734124	1.5510358	-27.01578	3450000	-1.2417634e-08	36.80673	-0.022805875	-7.6451383	0.90026826	0.014835735	0.15461546	79.0	11809.084130764008
345	-64.0	7.2362723	-52.0	-80.0	774.4545	-9.072107	4.704747	5.529266	-34.708908	3460000	-1.1175871e-08	26.769293	-0.021652991	-6.635639	0.89174265	0.015048339	0.13981399	40.0	11841.532456874847
346	-65.84615	8.681068	-52.0	-80.0	724.3077	-7.9027343	4.025741	1.4288573	-28.226183	3470000	0.0	35.8187	-0.021497458	-6.347239	0.86780566	0.014680888	0.13941394	79.0	11878.648291110992
347	-64.333336	9.012337	-48.0	-80.0	755.3333	-8.956833	4.331975	4.7817717	-27.368748	3480000	0.0	32.151028	-0.016924215	-7.9444604	0.86637545	0.01523142	0.11511151	27.0	11913.523288965225
348	-67.63636	7.900204	-52.0	-80.0	718.5455	-7.7477336	3.7143886	4.8247337	-29.970467	3490000	-8.692344e-09	31.76246	-0.013028578	-8.218633	0.9036353	0.015713517	0.1090109	19.0	11946.11850142479
349	-70.4	9.443164	-52.0	-92.0	654.4	-8.864563	4.843102	2.796126	-42.69285	3500000	1.4901161e-08	46.429478	-0.02283728	-9.224175	0.8916581	0.015037063	0.1369137	61.0	11985.744758844376
350	-58.909092	11.579406	-48.0	-80.0	838.0909	-9.304077	4.4968905	2.5354283	-32.592083	3510000	0.0	33.19822	-0.009948679	-15.913289	0.8900297	0.01613885	0.12111211	8.0	12017.061645507812
351	-65.53846	7.9286757	-52.0	-80.0	728.6923	-7.5866885	4.1616855	2.8090434	-39.450012	3520000	-3.1044087e-10	35.848713	-0.021966591	-8.974222	0.87979585	0.012936511	0.13171317	79.0	12054.51503777504
352	-62.545456	11.348718	-36.0	-76.0	807.0909	-7.66175	3.892312	2.1004503	-30.982895	3530000	-3.7252903e-09	22.301725	-0.02030354	-3.151459	0.8865919	0.015073801	0.13121313	60.0	12093.845530748367
353	-63.666668	11.010097	-52.0	-92.0	715.8333	-7.573968	3.9771872	1.2064548	-42.603767	3540000	4.967054e-09	42.52663	-0.015196892	-7.956356	0.85855156	0.0152353635	0.1090109	16.0	12127.850204706192
354	-68.0	9.671528	-44.0	-80.0	679.7692	-8.330878	3.9715908	5.3476887	-43.082047	3550000	7.450581e-09	39.463596	-0.019353751	-6.9748898	0.8815811	0.015338759	0.14631464	38.0	12162.012986660004
355	-63.333332	8.919392	-52.0	-80.0	796.9167	-9.108858	4.1792254	3.6123834	-38.23134	3560000	7.450581e-09	29.212729	-0.010655151	-6.0469213	0.89083546	0.015458914	0.11381137	11.0	12198.856534481049
356	-63.272728	7.3989058	-52.0	-80.0	819.7273	-7.859749	3.516879	3.0586214	-28.18006	3570000	-2.483527e-09	19.279793	-0.020958418	-3.7158706	0.889627	0.01520509	0.12841284	42.0	12233.933848381042
357	-64.666664	10.044346	-48.0	-80.0	715.3333	-7.9757066	4.4022465	3.7717452	-33.568092	3580000	1.4125059e-08	36.0166	-0.01940599	-5.699594	0.9031289	0.015265712	0.12271228	30.0	12269.376406431198
358	-63.636364	7.3270698	-52.0	-72.0	752.36365	-8.688969	4.27958	0.727421	-31.210093	3590000	-2.483527e-09	29.865967	-0.013881747	-3.518549	0.89677054	0.015243032	0.118911885	17.0	12303.426012277603
359	-62.545456	10.272325	-52.0	-80.0	779.36365	-7.9251847	4.0418663	3.3459995	-27.20147	3600000	2.483527e-09	23.39698	-0.0221153	-3.900696	0.9230044	0.01384465	0.1340134	79.0	12341.130588293076
360	-65.818184	8.922069	-48.0	-76.0	739.7273	-7.6674767	4.4098883	3.2422414	-32.957455	3610000	2.483527e-09	32.14174	-0.025418462	-6.8686795	0.9245798	0.013795448	0.1630163	79.0	12374.849133014679
361	-61.6	12.158947	-32.0	-76.0	797.5	-8.773632	3.951854	0.8434672	-38.34313	3620000	4.967054e-09	37.10959	-0.013829012	-7.603458	0.93196815	0.015575991	0.11561156	13.0	12406.896035671234
362	-63.0	8.346656	-48.0	-76.0	751.0	-7.9629335	4.0012155	2.9009142	-25.941946	3630000	-7.450581e-09	26.32667	-0.010477848	-4.7032404	0.9364884	0.016747972	0.12951295	10.0	12443.223051071167
363	-61.333332	8.219218	-52.0	-76.0	793.4167	-7.6653447	3.6821733	2.0613322	-32.01041	3640000	9.313226e-09	25.003565	-0.016952522	-2.891405	0.94494677	0.015309554	0.13141315	22.0	12479.297844171524
364	-59.6	11.0923395	-36.0	-76.0	859.7	-7.019677	3.5631552	3.4516635	-26.411009	3650000	-9.313226e-09	21.787155	-0.021201298	-2.521941	0.909908	0.01513081	0.13741374	69.0	12514.639556407928
365	-71.42857	9.663734	-48.0	-88.0	604.2857	-7.383239	4.067142	4.8708625	-33.738724	3660000	1.1796753e-08	54.815674	-0.017715884	-19.91693	0.9155171	0.015002258	0.13741374	19.0	12551.37146115303
366	-62.0	9.507892	-48.0	-76.0	828.3	-9.987908	4.006298	3.1307952	-35.8324	3670000	-2.2351742e-08	31.87108	-0.016942505	-10.737117	0.8903273	0.01532161	0.117111705	22.0	12583.181842327118
367	-65.666664	8.076028	-52.0	-76.0	761.6667	-7.9608254	3.6992693	4.1856723	-29.275282	3680000	2.4835268e-08	32.409344	-0.020589223	-4.248308	0.8764269	0.015091424	0.13411342	44.0	12619.401369333267
368	-65.333336	12.507775	-44.0	-84.0	782.55554	-8.177515	4.3212514	2.0463667	-44.983032	3690000	-2.1109978e-08	51.351467	-0.017124813	-13.185681	0.878565	0.015134406	0.1220122	18.0	12649.891639709473
369	-60.0	5.366563	-48.0	-68.0	852.3	-7.3818326	4.7880907	3.2675138	-44.03017	3700000	1.2417635e-09	30.742554	-0.021283023	-11.6996355	0.86612034	0.01511057	0.13151313	40.0	12684.538986444473
370	-61.090908	9.356132	-48.0	-80.0	786.36365	-7.0036917	3.5799882	1.9970019	-22.543842	3710000	-1.4901161e-08	21.997004	-0.018633176	-3.1187108	0.85732657	0.015050652	0.12021202	34.0	12722.157920837402
371	-59.6	10.499524	-44.0	-80.0	870.5	-7.1088953	4.039147	1.8377515	-32.921665	3720000	-9.934108e-09	33.601032	-0.015496582	-5.818487	0.8399153	0.015049544	0.12661266	22.0	12756.182209968567
372	-62.4	7.6315136	-48.0	-76.0	840.2	-6.885253	4.701401	2.7348518	-28.788755	3730000	-1.2417634e-08	24.1993	-0.0109681515	-4.215033	0.84917384	0.015161787	0.13071306	12.0	12789.413523197174
373	-64.0	8.640987	-52.0	-84.0	781.6667	-7.526499	4.32064	1.1850245	-43.746826	3740000	-1.2417634e-08	30.094643	-0.024593517	-6.035028	0.8405655	0.014529507	0.1620162	79.0	12828.876642942429
374	-65.0	7.6811457	-48.0	-76.0	779.5	-7.927709	4.0464144	1.2572545	-28.485813	3750000	-6.208817e-09	26.233017	-0.018300118	-4.349055	0.836539	0.015062957	0.11661166	37.0	12866.013268470764
375	-61.6	8.236505	-44.0	-76.0	913.4	-7.9198837	4.103536	1.1942918	-26.343428	3760000	9.934108e-09	21.25461	-0.0224877	-3.5237205	0.8504464	0.015051673	0.14481449	59.0	12902.446669340134
376	-61.2	13.272528	-44.0	-80.0	833.6	-6.8901305	4.0633855	4.5387506	-26.559196	3770000	-4.967054e-09	37.012897	-0.021245731	-8.666379	0.8604676	0.015167653	0.14631464	49.0	12940.788606643677
377	-59.2	6.645299	-52.0	-72.0	880.9	-7.7207355	5.7592077	5.871475	-38.148655	3780000	-4.346172e-09	21.750235	-0.014906506	-6.5102105	0.8841696	0.015049768	0.10861086	22.0	12978.9156935215
378	-65.818184	11.360363	-48.0	-88.0	831.0	-6.6837234	4.464735	4.7569685	-36.111042	3790000	4.967054e-09	42.74399	-0.020972112	-11.751579	0.8979611	0.015010211	0.14351435	35.0	13015.795731782913
379	-57.77778	6.562144	-44.0	-68.0	941.8889	-7.438298	4.6884065	5.8323774	-37.846302	3800000	1.14863115e-08	15.474248	-0.014133546	-4.321744	0.88134223	0.015103986	0.10711071	22.0	13047.883898735046
380	-59.555557	5.7948465	-48.0	-68.0	944.8889	-6.4803686	3.9082348	5.35289	-27.639444	3810000	1.2417635e-09	15.611168	-0.019159421	-2.4061172	0.88757277	0.015029949	0.12611263	51.0	13085.760946512222
381	-59.11111	6.740334	-44.0	-68.0	929.0	-6.473168	4.309835	1.438925	-26.63319	3820000	1.1175871e-08	15.8902235	-0.019856052	-1.5904242	0.9190405	0.015039645	0.13561358	65.0	13122.882568597794
382	-58.666668	4.618802	-48.0	-64.0	963.44446	-6.4865627	4.0760484	3.6141634	-35.13315	3830000	8.071463e-09	12.041077	-0.020073486	-1.8226929	0.90559244	0.015018329	0.14681469	45.0	13161.203798055649
383	-58.22222	8.456133	-44.0	-76.0	935.3333	-5.8368354	4.1941204	4.8141656	-25.202658	3840000	1.8626451e-09	21.355947	-0.019393215	-2.4462345	0.890019	0.01507454	0.12661266	46.0	13196.48627448082
384	-67.111115	12.61784	-56.0	-96.0	843.6667	-6.0939875	4.59294	2.753925	-44.866264	3850000	-4.967054e-09	39.51255	-0.01695321	-7.9379954	0.8947227	0.015001929	0.14251424	20.0	13227.146161079407
385	-60.0	10.119288	-40.0	-76.0	923.4	-7.081308	4.195887	2.8116016	-36.41784	3860000	-7.450581e-09	33.46826	-0.010814611	-4.56673	0.89858407	0.015171821	0.11621162	13.0	13262.103193759918
386	-56.88889	8.385761	-40.0	-72.0	982.44446	-6.5431666	4.2613764	2.3052392	-33.853233	3870000	0.0	13.649959	-0.019766614	-2.7455466	0.89569473	0.015052956	0.13991399	44.0	13294.692519664764
387	-62.4	8.428523	-44.0	-76.0	874.3	-6.1434116	3.9500592	1.7802589	-34.366325	3880000	1.3659398e-08	18.690903	-0.011481167	-2.549328	0.880698	0.015301746	0.105110504	14.0	13327.588177919388
388	-63.6	7.889233	-56.0	-84.0	861.5	-7.0925455	4.326494	2.9860845	-34.08475	3890000	1.4901161e-08	19.432554	-0.02206848	-3.251256	0.8919409	0.015095088	0.13631363	72.0	13365.668251514435
389	-62.8	5.6709785	-52.0	-72.0	879.7	-7.4379683	4.613945	5.871364	-29.766428	3900000	-6.208817e-09	19.866274	-0.0147233335	-3.2297735	0.9073229	0.015084073	0.11341134	21.0	13399.649148464203
390	-61.333332	9.237604	-52.0	-76.0	901.6667	-6.7026234	4.042553	2.4181073	-36.21319	3910000	1.21071935e-08	22.549644	-0.017084006	-4.4295244	0.90942025	0.015053399	0.12191218	28.0	13435.809498548508
391	-59.2	6.88186	-48.0	-72.0	902.1	-6.3044868	3.282054	3.5142374	-34.954094	3920000	2.483527e-09	22.390947	-0.014412929	-3.5551558	0.9204895	0.015044744	0.1279128	17.0	13473.330610990524
392	-58.8	13.62938	-40.0	-84.0	951.4	-6.5451965	4.494747	2.2989676	-55.93082	3930000	-1.4901161e-08	29.64769	-0.021103757	-5.747107	0.89402705	0.015005107	0.12281229	43.0	13512.894017219543
393	-57.333332	8.0	-44.0	-68.0	1000.7778	-5.9638047	3.7063134	3.9263382	-37.63898	3940000	1.5522043e-09	19.670843	-0.025269331	-4.9823985	0.90844274	0.01163089	0.14661466	79.0	13547.863083839417
394	-57.333332	7.7746024	-48.0	-76.0	967.7778	-5.854401	3.5757954	2.2049246	-21.740797	3950000	1.2417634e-08	24.793104	-0.021629112	-5.339798	0.8972226	0.014075999	0.13421342	79.0	13586.693420171738
395	-60.8	9.599999	-44.0	-72.0	878.9	-6.2451673	4.422979	4.957235	-29.54714	3960000	-2.3593506e-08	24.585548	-0.017224493	-3.8486097	0.9019642	0.015130212	0.10411042	27.0	13618.946308374405
396	-62.4	10.910545	-48.0	-80.0	861.6	-6.893406	4.427238	2.9515073	-36.695915	3970000	-1.4901161e-08	24.93014	-0.011819772	-5.8309364	0.8885009	0.016539918	0.11421142	9.0	13651.711081027985
397	-64.8	7.1105556	-56.0	-76.0	836.8	-7.5758777	4.6241574	3.039496	-43.29419	3980000	-1.3465372e-08	32.16664	-0.019741764	-8.807989	0.88177127	0.0151190795	0.14451444	38.0	13687.924296617508
398	-57.2	11.872658	-36.0	-84.0	929.4	-7.0497885	4.1931796	1.6590836	-40.73143	3990000	4.967054e-09	27.186274	-0.018759007	-6.511603	0.8827786	0.015801365	0.13491349	28.0	13727.224336624146
399	-65.77778	6.285393	-52.0	-72.0	866.8889	-6.046358	3.5011864	3.7935677	-24.638475	4000000	-6.519258e-09	20.26513	-0.0108719915	-5.979788	0.90973496	0.015353682	0.107510746	9.0	13759.350537538528
400	-56.88889	9.757555	-44.0	-76.0	970.1111	-6.738454	4.385461	2.1235154	-24.942469	4010000	-7.450581e-09	17.02773	-0.018772922	-3.4469793	0.8562131	0.015207898	0.13401341	42.0	13795.830511331558
401	-59.555557	8.731948	-52.0	-80.0	944.1111	-5.978968	3.9240332	1.5992162	-18.692629	4020000	6.208817e-09	18.291002	-0.017513636	-4.59156	0.87856835	0.015289449	0.14051406	24.0	13827.90650510788
402	-57.77778	4.2629614	-52.0	-64.0	944.2222	-6.8809814	4.907199	4.7112136	-22.431599	4030000	1.7384687e-08	12.115592	-0.013027757	-2.6961136	0.8769861	0.015135404	0.11181118	21.0	13863.999155282974
403	-59.555557	5.1448164	-52.0	-68.0	909.1111	-5.897368	4.3369946	4.002179	-17.667656	4040000	6.829699e-09	14.208126	-0.014961516	-2.514515	0.8789702	0.015088377	0.113411345	23.0	13897.816355705261
404	-65.2	9.641577	-44.0	-76.0	872.1	-6.547409	3.8683562	2.0011013	-29.134438	4050000	-3.228585e-08	25.161245	-0.021997519	-5.3310223	0.87343675	0.015027068	0.14281428	56.0	13936.082390069962
405	-57.333332	5.3333335	-52.0	-64.0	934.55554	-7.3299026	3.8803923	1.5357919	-28.004526	4060000	4.967054e-09	25.517706	-0.021485621	-7.392999	0.87573886	0.015069273	0.11741174	49.0	13969.626210927963
406	-58.4	8.616264	-44.0	-76.0	911.2	-6.116106	4.1678114	2.9029245	-35.629677	4070000	0.0	30.567293	-0.022999631	-6.126448	0.87113065	0.013019956	0.14041404	79.0	14010.206404447556
407	-61.77778	10.850271	-48.0	-80.0	861.2222	-6.864453	4.341274	4.141241	-38.08878	4080000	-5.5879354e-09	29.983131	-0.021189304	-5.955523	0.84379905	0.013541994	0.14531453	79.0	14044.616594076157
408	-59.555557	10.90475	-44.0	-80.0	875.8889	-6.6625686	4.3871717	2.107193	-51.90193	4090000	1.7384687e-08	27.466856	-0.015534016	-5.9308667	0.844745	0.015155039	0.12071207	17.0	14079.309146165848
409	-60.88889	7.489911	-48.0	-72.0	958.1111	-5.9792366	3.7675686	3.2077577	-31.76518	4100000	8.692344e-09	17.906963	-0.012706317	-5.3497367	0.8517091	0.015031773	0.106410645	17.0	14115.367079734802
410	-56.88889	6.190395	-48.0	-68.0	972.55554	-5.893372	4.5733914	3.7750647	-28.719002	4110000	-1.1175871e-08	17.090029	-0.021799942	-4.0108438	0.8362713	0.015090241	0.13251324	50.0	14154.869216442108
411	-60.88889	7.9504642	-48.0	-72.0	952.3333	-5.8792186	4.0937133	3.8711607	-29.274725	4120000	7.761021e-09	18.951445	-0.024535574	-4.3072286	0.8526123	0.015170671	0.13771378	70.0	14191.936326265335
412	-60.0	8.43274	-48.0	-76.0	924.2222	-6.9369693	4.09751	3.0652401	-30.715715	4130000	1.1175871e-08	18.002285	-0.014673495	-3.1085546	0.8554521	0.015332013	0.1119112	19.0	14228.30247926712
413	-59.11111	6.9991183	-48.0	-72.0	912.3333	-6.2372785	3.6199899	2.2154298	-22.398123	4140000	4.967054e-09	15.162976	-0.021559224	-2.5531056	0.8453153	0.0150357075	0.13161317	63.0	14263.152347564697
414	-62.0	9.838699	-52.0	-80.0	889.2	-6.9463787	4.0914435	1.7518716	-20.339678	4150000	2.483527e-09	19.330976	-0.02184265	-3.5823793	0.8452759	0.015031606	0.1231123	64.0	14295.035980939865
415	-60.88889	5.5865803	-52.0	-72.0	974.2222	-6.265971	3.980963	2.935461	-21.91041	4160000	-2.483527e-09	16.319845	-0.019468602	-2.207044	0.86348075	0.015010659	0.13631363	46.0	14329.172036409378
416	-58.666668	6.531973	-48.0	-72.0	945.7778	-6.602788	3.7888436	4.8915453	-32.307735	4170000	1.1641532e-10	18.967163	-0.01164529	-3.4999225	0.86589235	0.015154992	0.120412044	11.0	14364.689260482788
417	-66.666664	15.260698	-44.0	-92.0	778.25	-6.3586335	4.2761216	2.3581848	-35.962124	4180000	4.967054e-09	69.117744	-0.010753355	-22.036963	0.87470293	0.01580886	0.093309335	8.0	14399.654343128204
418	-52.88889	8.595147	-40.0	-64.0	1019.2222	-7.679025	4.2993007	2.934224	-29.563581	4190000	5.5879354e-09	24.068998	-0.013857551	-11.235198	0.8608652	0.015179942	0.10491049	20.0	14434.460651874542
419	-62.0	11.489125	-44.0	-84.0	918.6	-5.353467	4.3811593	3.7152743	-32.194534	4200000	-1.3659398e-08	28.074211	-0.015716573	-5.3196115	0.83514214	0.0150958	0.13321333	23.0	14470.489322662354
420	-65.77778	8.866638	-52.0	-84.0	872.44446	-6.843056	5.0869513	4.2320347	-50.462265	4210000	-6.208817e-09	31.841333	-0.014222612	-6.592365	0.8600102	0.015399456	0.13071306	15.0	14504.10744690895
421	-63.11111	8.171012	-48.0	-76.0	877.1111	-6.670345	4.0842137	2.8831775	-28.85813	4220000	-1.4901161e-08	32.908047	-0.022224331	-4.719528	0.84298176	0.015100353	0.14971498	60.0	14539.518490076065
422	-60.5	7.8581166	-52.0	-76.0	1007.875	-6.3014507	4.4236264	4.931244	-28.191637	4230000	-3.7252903e-09	17.225977	-0.013213952	-2.8401823	0.8623479	0.015341918	0.13981397	13.0	14571.256492853165
423	-52.444443	9.130062	-36.0	-68.0	1041.5555	-6.012672	4.113587	3.8107862	-32.884914	4240000	7.450581e-09	14.877396	-0.016924318	-3.0796585	0.8254554	0.015106152	0.1190119	29.0	14608.501031637192
424	-53.77778	8.2432165	-36.0	-68.0	1073.0	-5.182208	4.183692	3.2844045	-39.97694	4250000	-6.829699e-09	12.808063	-0.02052994	-2.5171168	0.84244305	0.015052303	0.13071306	38.0	14647.417001247406
425	-58.285713	16.951311	-40.0	-92.0	1040.1428	-5.027922	4.0012207	6.0088964	-22.69514	4260000	9.934108e-09	28.433096	-0.022222096	-3.9896352	0.82973385	0.014197879	0.13341336	79.0	14687.731213092804
