Epoch	AverageEpRet	StdEpRet	MaxEpRet	MinEpRet	EpLen	AverageVVals	StdVVals	MaxVVals	MinVVals	TotalEnvInteracts	LossPi	LossV	DeltaLossPi	DeltaLossV	Entropy	KL	ClipFrac	StopIter	Time
0	90.83509	14.772479	100.0	-10.0	173.8772	30.025805	15.589552	61.443832	-45.700462	10000	-3.259629e-09	71.03893	-0.007829386	-13.560571	0.42391583	0.015021503	0.06990699	5.0	29.885201692581177
1	94.10175	4.397307	100.0	82.0	171.63158	30.029364	13.826306	60.239464	-1.8919191	20000	1.2417634e-08	35.210995	-0.01124056	-9.752634	0.40338063	0.015165293	0.09170917	16.0	56.14456915855408
2	90.85556	15.027895	100.0	-10.0	180.68518	29.232882	16.42655	62.73309	-28.514002	30000	-1.9247333e-08	46.512817	-0.008619395	-11.262021	0.41818425	0.015919328	0.08960896	10.0	84.64582300186157
3	91.96364	6.3968277	100.0	75.4	176.67273	29.303484	14.256305	59.975338	-16.7175	40000	-2.4835268e-08	37.90446	-0.008767467	-8.765575	0.41359082	0.01595972	0.07990799	8.0	113.27953219413757
4	92.12727	7.8536954	100.0	60.4	177.52727	29.47927	13.744121	59.898605	-5.0826135	50000	-7.450581e-09	35.43288	-0.008715932	-6.1701264	0.41372237	0.01510571	0.07380738	10.0	141.61317920684814
5	92.96786	5.635319	100.0	78.0	172.82143	30.339787	14.181694	61.78409	-12.746006	60000	-2.0489097e-08	33.630188	-0.010767926	-6.0481534	0.40173307	0.015094575	0.07880788	14.0	169.93365621566772
6	93.0509	5.3125196	100.0	78.4	177.16364	30.224909	14.233265	61.950768	-20.804058	70000	1.4901161e-08	35.333317	-0.00882987	-7.694259	0.417588	0.015681632	0.09120911	10.0	195.03642678260803
7	91.725	15.852921	100.0	-20.0	174.64285	29.450083	15.628699	61.935757	-24.338663	80000	7.450581e-09	38.732365	-0.01424379	-7.533957	0.4163303	0.01512992	0.08680868	22.0	222.7227623462677
8	93.78245	5.4457817	100.0	80.0	169.66667	31.163057	13.896637	63.65311	-14.101128	90000	-2.1109978e-08	32.91836	-0.009762288	-7.4715114	0.41369832	0.0151754925	0.09140914	12.0	250.29335355758667
9	92.78519	6.240827	100.0	66.4	176.14815	30.356144	14.4499235	60.42135	-49.233276	100000	-6.0535967e-09	43.967716	-0.0076365476	-10.514199	0.4146593	0.015834069	0.07810781	10.0	279.7806730270386
10	92.832726	6.1095176	100.0	73.0	176.07272	29.68349	14.098902	60.955482	-9.197828	110000	3.0423205e-08	35.11325	-0.014056473	-5.516773	0.41570964	0.015219402	0.09190919	29.0	310.264901638031
11	91.41112	6.9494915	100.0	76.0	179.83333	29.785229	13.529813	60.92563	-11.4024935	120000	1.7384687e-08	37.520996	-0.008493317	-7.523482	0.4184874	0.015558164	0.07880788	9.0	339.8035514354706
12	92.759995	6.1722436	100.0	76.0	176.61818	28.963802	13.608902	60.209595	-21.214853	130000	-1.7384687e-08	40.268314	-0.011577911	-6.9064717	0.40994573	0.015126139	0.084808476	29.0	368.4154806137085
13	93.89455	4.8004327	100.0	82.0	175.43637	30.01386	13.532381	63.13924	-2.157577	140000	-6.208817e-09	33.064137	-0.011972867	-4.434669	0.41600564	0.015434951	0.0861086	23.0	397.99052143096924
14	92.71154	5.9003797	100.0	80.0	183.13461	30.011503	13.526281	62.303288	-0.7271651	150000	6.829699e-09	36.774124	-0.01069795	-6.409752	0.42205048	0.015485312	0.08250824	15.0	428.03782653808594
15	92.538185	7.769205	100.0	49.6	175.70909	29.80905	13.655127	63.694283	-1.5651746	160000	-2.9802322e-08	36.936714	-0.009465103	-6.0778117	0.4213961	0.015407518	0.07130713	12.0	455.0315594673157
16	93.229095	5.7067003	100.0	76.6	177.03636	30.029724	13.838564	62.5661	-0.38960093	170000	9.934108e-09	34.53717	-0.009955871	-4.359341	0.41192135	0.015028608	0.10081008	15.0	483.4511489868164
17	91.71923	9.023751	100.0	40.6	184.13461	28.941551	14.411662	60.81631	-41.37505	180000	2.4835268e-08	44.75806	-0.012056329	-11.2276	0.4192885	0.01513939	0.08220822	15.0	511.21780371665955
18	92.64444	5.6919265	100.0	80.2	179.35185	29.281393	13.647793	58.722416	-16.858559	190000	-3.8494665e-08	31.637665	-0.0092640035	-4.722955	0.4260144	0.01529339	0.08170817	10.0	540.32355427742
19	92.45283	5.638567	100.0	78.0	182.67924	29.601755	13.547021	61.835762	-1.5017898	200000	1.1175871e-08	37.76877	-0.016416553	-5.046585	0.42191878	0.01512139	0.09930993	62.0	569.4517993927002
20	91.490906	6.6257696	100.0	72.0	175.65454	29.765022	13.735947	62.566055	-13.0969515	210000	-1.8626451e-08	37.34036	-0.010275125	-5.619662	0.42618194	0.01575216	0.07490749	14.0	596.8851947784424
21	91.454544	8.009217	100.0	54.4	176.4	29.259275	13.971543	62.325806	-22.71537	220000	-2.2972623e-08	39.29083	-0.01347795	-6.182808	0.42371878	0.01505334	0.09490949	26.0	626.0662324428558
22	91.61454	6.5471554	100.0	74.0	178.6909	29.605906	13.487888	63.543865	0.04023838	230000	1.4901161e-08	39.15598	-0.010699882	-6.0465474	0.41790196	0.015414521	0.082308225	17.0	657.2168235778809
23	91.55185	6.7665777	100.0	74.2	179.09259	28.7504	14.3225	61.0622	-23.719486	240000	1.9868216e-08	38.614567	-0.009679257	-9.075414	0.42188492	0.015942665	0.08260826	11.0	685.6288678646088
24	91.796295	7.0785527	100.0	75.4	178.01852	29.42806	13.345567	58.387005	-18.808714	250000	9.934108e-09	35.01964	-0.009682032	-5.197254	0.4166777	0.015436868	0.083808385	11.0	713.9209685325623
25	92.49642	5.991302	100.0	74.8	172.875	30.337257	13.310058	58.928932	-22.573288	260000	-3.7252903e-09	35.87685	-0.018324835	-5.5698676	0.41930547	0.015022747	0.10021002	70.0	743.7376182079315
26	92.332146	5.9334736	100.0	75.4	178.01785	30.228418	13.781386	61.4368	-2.2414234	270000	-4.967054e-09	34.608532	-0.0107346745	-5.460036	0.4164636	0.015299749	0.08250825	12.0	773.30189037323
27	92.82143	5.3146267	100.0	80.2	174.92857	30.060196	13.694526	59.766506	-0.028940737	280000	2.483527e-09	32.73876	-0.0069297035	-4.576631	0.4167525	0.015410192	0.08310831	7.0	800.0741882324219
28	92.24364	8.385848	100.0	59.2	174.56363	29.943499	14.49917	62.307095	-20.525536	290000	1.0554989e-08	38.477184	-0.007158158	-7.3993497	0.40522793	0.015405803	0.09340934	7.0	827.6054556369781
29	93.210915	5.051217	100.0	76.0	173.38182	30.132353	13.897532	59.253677	-4.3715243	300000	2.483527e-09	37.19937	-0.013837541	-5.051229	0.41245624	0.015247102	0.10451046	35.0	857.615716457367
30	93.20741	5.26061	100.0	79.6	177.25926	29.89312	13.513484	62.24256	-15.063098	310000	9.934108e-09	34.359577	-0.013982142	-7.942068	0.4039431	0.015731843	0.08450845	17.0	885.0998289585114
31	90.830185	9.830671	100.0	37.6	181.56604	28.623453	14.972122	63.788113	-29.793585	320000	-6.2088173e-10	37.74744	-0.01182354	-8.820934	0.40152386	0.015206396	0.082808286	13.0	912.339834690094
32	92.58182	7.007142	100.0	61.6	178.29091	29.191559	13.772654	58.687363	-16.378355	330000	1.4901161e-08	30.91881	-0.007530282	-4.5909114	0.40869176	0.015974535	0.078707874	11.0	941.7659585475922
33	91.057144	14.456224	100.0	-10.0	174.125	29.82601	14.111858	60.868702	-21.257359	340000	2.483527e-09	58.10976	-0.007820704	-17.716494	0.39402667	0.01623941	0.08250826	8.0	970.0382907390594
34	91.71321	5.468194	100.0	80.0	182.18867	29.179037	14.086872	61.004356	-13.592694	350000	1.1175871e-08	38.89169	-0.0088101765	-8.049056	0.39132562	0.015482977	0.08840885	10.0	997.9870135784149
35	93.54386	5.8354945	100.0	64.6	168.91228	30.157707	13.33587	62.124287	-18.053116	360000	-8.071463e-09	38.13518	-0.012557206	-8.676719	0.39019918	0.015126165	0.0940094	24.0	1027.3624556064606
36	92.159996	7.5871086	100.0	56.8	177.6909	29.812748	14.983112	61.814484	-39.079983	370000	2.3593506e-08	43.4717	-0.008500052	-8.59166	0.38375255	0.015165817	0.07960796	10.0	1057.1403081417084
37	94.10345	4.166242	100.0	86.8	170.84483	30.402683	13.90062	59.68391	-25.37982	380000	2.6154643e-08	32.03412	-0.0074529015	-6.34914	0.38923892	0.016510615	0.075207524	8.0	1086.2378911972046
38	93.07143	5.576408	100.0	76.6	176.17857	30.883972	13.62159	62.498295	-4.351016	390000	-1.8936893e-08	33.74119	-0.009943341	-5.362681	0.3845191	0.015154376	0.10091009	13.0	1114.7148866653442
39	91.37819	7.4018836	100.0	71.2	178.3091	29.796331	13.809751	62.19249	-26.25359	400000	-3.4769375e-08	35.778065	-0.009301076	-7.935669	0.38495302	0.016132932	0.08610862	12.0	1144.681594133377
40	92.30909	6.735287	100.0	72.4	173.38182	29.402918	14.434404	62.194305	-6.7033954	410000	-2.6077032e-08	33.55313	-0.008015589	-6.3266673	0.38086894	0.016636208	0.07090709	10.0	1171.772845506668
41	93.17143	6.409305	100.0	64.6	174.60715	29.975029	14.31174	61.222347	-29.558123	420000	1.1796753e-08	30.333038	-0.0059953914	-4.727255	0.38155413	0.015647309	0.08620862	7.0	1200.3641686439514
42	93.38966	4.7902803	100.0	82.0	171.05173	30.808956	14.1883745	61.05408	-3.164309	430000	4.718701e-08	25.03852	-0.0064874566	-4.3156414	0.38666502	0.016814927	0.077807784	7.0	1227.000704050064
43	92.40351	7.1837535	100.0	66.0	171.78947	30.478994	14.5602865	61.478107	-14.1919155	440000	5.9604645e-08	30.861471	-0.009794828	-4.1180725	0.39063773	0.0155256875	0.08140814	13.0	1255.8970272541046
44	92.72727	6.4926662	100.0	67.0	174.54546	30.476866	13.680419	61.538666	-2.4287326	450000	-2.5456151e-08	32.726295	-0.015863752	-5.2460237	0.37975582	0.015099347	0.08940894	75.0	1285.6339235305786
45	91.31636	8.572489	100.0	47.8	176.12727	29.654493	14.4345045	62.326103	-3.3695855	460000	-1.9868216e-08	43.837406	-0.009685322	-9.091181	0.39825332	0.017226955	0.07570758	11.0	1314.2525565624237
46	90.36728	18.58358	100.0	-40.0	179.21819	28.855276	15.091965	63.526073	-21.177446	470000	-4.967054e-09	51.524933	-0.016979557	-12.853897	0.39943898	0.01501438	0.11331133	79.0	1345.6448066234589
47	92.836365	5.6263137	100.0	79.6	178.12727	29.360678	14.031433	61.524452	-12.586497	480000	3.7252903e-09	32.188534	-0.0093002245	-6.101586	0.40470067	0.015138078	0.07690769	11.0	1374.0898444652557
48	91.522224	7.8321667	100.0	68.0	179.55556	29.61814	13.7682	62.42225	-2.848198	490000	-3.601114e-08	38.653893	-0.009071889	-5.4907703	0.40137592	0.01561521	0.07870787	13.0	1402.020209312439
49	93.21481	5.557091	100.0	80.0	180.22223	29.186728	13.704955	59.375214	-18.09097	500000	1.3659398e-08	31.388758	-0.01248917	-6.971516	0.40052256	0.0151455775	0.08630863	27.0	1430.9415261745453
50	91.84906	7.549775	100.0	66.4	179.90565	29.526375	14.00253	63.60026	-33.42591	510000	2.2351742e-08	41.10045	-0.008883406	-9.59712	0.40828142	0.016310735	0.069406934	9.0	1457.339921951294
51	92.62222	6.6655183	100.0	74.0	176.35185	29.837494	13.329955	60.984383	-1.8106272	520000	2.4835268e-08	35.55013	-0.012433745	-4.7857227	0.4020197	0.01527617	0.09550955	26.0	1486.313988685608
52	91.33818	10.054677	100.0	43.0	180.63637	28.482035	14.4844265	60.100227	-29.012169	530000	-2.483527e-09	44.480755	-0.011748578	-9.028232	0.40755644	0.015613169	0.097009696	15.0	1515.2230398654938
53	92.28727	6.353669	100.0	74.8	174.89091	29.761131	13.480937	57.364086	-0.2716038	540000	4.346172e-09	35.02303	-0.008289796	-7.57679	0.40816322	0.015038241	0.0850085	9.0	1543.0896112918854
54	92.14643	6.725696	100.0	74.8	173.35715	30.508608	13.295383	59.529987	-9.986083	550000	-1.6142925e-08	32.69726	-0.009337456	-5.3243537	0.41553792	0.015800832	0.09340934	12.0	1570.6433553695679
55	90.91112	9.1742525	100.0	48.4	181.31482	29.29518	13.971817	62.482864	-10.299572	560000	-2.7318796e-08	41.92468	-0.009075327	-8.240667	0.41735092	0.015262604	0.06650665	9.0	1599.952959537506
56	91.166664	9.837024	100.0	44.8	179.2963	28.925499	13.624163	56.241	-13.95036	570000	1.2417635e-09	41.617634	-0.008692793	-7.372474	0.41658795	0.016252773	0.08010801	8.0	1627.5135293006897
57	93.13333	5.075477	100.0	82.0	172.29825	30.03533	13.588485	57.90197	-3.6611938	580000	9.934108e-09	29.929815	-0.012823219	-6.4272237	0.3988011	0.0151354885	0.09070907	31.0	1656.1629407405853
58	88.76604	16.939749	100.0	-10.0	181.67924	28.963964	14.695388	62.265537	-23.735674	590000	-6.829699e-09	87.12482	-0.010114996	-31.181662	0.41200784	0.01536717	0.09270927	10.0	1685.8209125995636
59	92.375	7.1257143	100.0	52.0	174.32143	29.48178	14.106484	57.674454	-24.98124	600000	-8.692344e-09	40.98009	-0.010309649	-10.188012	0.3974546	0.015045981	0.072607264	25.0	1715.3493993282318
60	92.7193	5.0524073	100.0	76.6	172.94737	30.378645	14.210299	63.45795	-14.452156	610000	1.3814618e-08	30.477617	-0.008360957	-5.465132	0.40103436	0.015757943	0.086708665	11.0	1742.8988029956818
61	92.59636	5.392991	100.0	82.0	176.47273	30.046783	14.30101	63.05895	-3.4924772	620000	2.4835268e-08	30.599024	-0.00879442	-4.440697	0.40569472	0.015628852	0.08210821	11.0	1772.1564543247223
62	92.9491	5.823866	100.0	71.2	175.87273	29.9986	13.712019	64.71646	-8.510777	630000	-2.3593506e-08	33.14014	-0.008266935	-4.896567	0.402572	0.015851384	0.08010801	12.0	1802.9250929355621
63	91.78149	6.3673086	100.0	70.6	177.7037	29.70798	13.843755	64.08415	-2.1554904	640000	2.8560558e-08	34.963573	-0.0075854496	-5.0155225	0.41230026	0.015152718	0.08120812	7.0	1830.2348306179047
64	92.41454	7.4043584	100.0	53.8	174.87273	29.642714	13.833772	60.27358	-20.726385	650000	-2.7939677e-08	35.905087	-0.0119303735	-4.9783683	0.3979201	0.015387221	0.087608755	20.0	1858.6403198242188
65	92.014824	7.1573687	100.0	73.0	180.74074	29.63154	13.93946	67.878044	-2.2819376	660000	7.450581e-09	32.56807	-0.00973853	-4.736246	0.3943918	0.015408099	0.07760776	14.0	1886.3243339061737
66	92.35999	8.248715	100.0	49.0	176.43637	29.20898	14.119659	59.602802	-17.75386	670000	1.2417634e-08	38.31433	-0.011263475	-6.1635566	0.405086	0.015163452	0.09130913	20.0	1916.1959466934204
67	93.30847	5.1415653	100.0	74.8	166.64407	30.80405	13.935788	57.838078	-7.306614	680000	-3.7252903e-08	32.594257	-0.008196053	-4.4218597	0.40054968	0.0157905	0.081408136	10.0	1942.6951704025269
68	92.78928	6.318388	100.0	76.0	173.69643	30.72419	14.055195	60.83504	-2.5349338	690000	2.0489097e-08	34.41313	-0.007851591	-5.716064	0.3870925	0.015075538	0.08530853	8.0	1970.4182448387146
69	93.31864	5.9802074	100.0	73.6	164.61017	31.513674	13.632009	62.02175	-4.8043675	700000	-2.8560558e-08	32.144783	-0.009311892	-7.441559	0.3782893	0.015677951	0.07230723	15.0	1999.9577696323395
70	91.93214	6.4696302	100.0	73.0	176.17857	30.540638	14.229104	61.067696	0.38924628	710000	1.0244548e-08	32.198242	-0.009749868	-6.828238	0.37324432	0.01572709	0.08080808	16.0	2028.7240352630615
71	93.417244	5.688377	100.0	77.2	168.93103	30.412546	14.1062355	60.66244	-2.1703951	720000	8.692344e-09	30.691458	-0.011998656	-4.989864	0.37458262	0.015192498	0.08420842	29.0	2057.101625919342
72	92.72857	6.327765	100.0	71.2	172.30357	30.681969	14.334555	62.04572	-0.8756014	730000	2.12652e-08	37.57029	-0.007771999	-6.356917	0.3733139	0.015340964	0.07540754	9.0	2085.5384817123413
73	92.84286	6.9408436	100.0	71.2	174.71428	30.345793	14.176247	62.114265	-4.7937465	740000	4.0357313e-09	34.466705	-0.008684104	-6.4605007	0.37792572	0.017122312	0.10001	14.0	2115.0134727954865
74	90.739624	9.631049	100.0	44.0	177.94339	29.625566	14.218167	63.563778	-24.517735	750000	1.0244548e-08	47.872807	-0.010665279	-12.861011	0.378484	0.015444875	0.08320832	15.0	2143.928244113922
75	91.06183	9.346958	100.0	55.6	177.67273	29.237455	14.343741	61.21002	-34.137997	760000	-1.9868216e-08	48.440777	-0.010732456	-11.5454	0.38039252	0.015513415	0.09050905	13.0	2170.6454973220825
76	92.92542	6.518386	100.0	72.4	167.52542	30.237436	14.242012	59.8623	-10.359864	770000	2.1109978e-08	31.460228	-0.013286163	-5.659666	0.37168583	0.015233275	0.08010801	39.0	2198.3831696510315
77	92.58909	5.954423	100.0	71.8	177.90909	29.884262	14.715214	60.411957	-2.4786544	780000	1.3659398e-08	32.29739	-0.013811979	-7.6312814	0.36707354	0.015379157	0.09020903	23.0	2227.805650949478
78	93.449135	5.2645497	100.0	74.8	171.8421	30.469893	13.978065	62.17596	-3.6245675	790000	-6.2088173e-10	33.002354	-0.01100273	-5.4120083	0.37510416	0.015315997	0.09740975	21.0	2254.5535707473755
79	93.09091	6.0560794	100.0	66.0	175.70909	30.467943	13.718734	61.455772	-12.717914	800000	9.778887e-09	32.68903	-0.009156037	-4.965118	0.37722754	0.015406016	0.07570757	16.0	2281.5040004253387
80	90.296295	15.031708	100.0	-10.0	182.35185	28.691442	16.225334	63.13523	-31.486269	810000	-2.483527e-09	47.587452	-0.01003356	-11.362976	0.3957151	0.01578754	0.07910791	11.0	2310.362366914749
81	93.01818	6.7540994	100.0	67.0	177.09091	29.239582	14.320951	62.152756	-21.710865	820000	-9.934108e-09	32.881176	-0.0074226614	-3.7085617	0.37718764	0.015199921	0.08620862	10.0	2338.406741142273
82	93.26909	5.939724	100.0	76.6	175.67273	29.81452	14.207485	62.81586	-17.307108	830000	-1.2417635e-09	34.8921	-0.009571348	-6.922526	0.37923458	0.015372719	0.08160816	13.0	2366.7516872882843
83	92.649124	7.676191	100.0	60.0	171.5965	30.637766	13.841675	61.14617	-15.270996	840000	1.4901161e-08	36.650135	-0.008844457	-8.985601	0.3802743	0.015146196	0.073507346	9.0	2395.2420179843903
84	92.31481	6.054151	100.0	74.0	179.05556	30.180744	13.709269	61.458767	-0.45215058	850000	-2.483527e-09	38.248554	-0.010697742	-8.690088	0.35908246	0.015059548	0.09840983	19.0	2424.2973940372467
85	92.00378	7.419962	100.0	61.6	179.0	28.985693	13.890467	62.32814	-21.26778	860000	1.2417634e-08	39.115448	-0.00808073	-8.536821	0.36465597	0.015558672	0.05720572	9.0	2452.073045015335
86	93.31636	5.809671	100.0	70.6	175.07272	29.437643	13.862834	61.183693	-5.5377936	870000	-9.934108e-09	35.677593	-0.0067535504	-6.9022145	0.36520174	0.016430339	0.063706376	8.0	2479.3522613048553
87	93.00727	5.158289	100.0	78.4	177.81818	30.048164	13.894407	61.914677	0.43340907	880000	2.5456151e-08	34.618134	-0.010994863	-5.801992	0.36958477	0.0154277645	0.08510852	19.0	2507.0861101150513
88	93.564285	5.0569763	100.0	80.0	171.58928	30.690004	13.550911	62.84578	-0.17725646	890000	2.621285e-08	27.314993	-0.008151771	-3.213435	0.36832213	0.01505749	0.06690669	11.0	2534.9800415039062
89	92.70741	5.300414	100.0	82.0	176.77777	30.598846	13.592202	62.82627	2.216379	900000	1.4901161e-08	36.93634	-0.008853064	-4.5148845	0.36968946	0.015102777	0.085708566	15.0	2562.369823694229
90	93.46785	4.806138	100.0	82.0	174.73215	30.036648	13.726689	62.590378	0.34167528	910000	-4.967054e-09	34.166004	-0.010573738	-3.9862664	0.37349236	0.015218492	0.085408546	22.0	2590.303855419159
91	93.87368	4.8002386	100.0	79.0	169.91228	30.70792	13.945437	62.365925	-16.521976	920000	-1.2417634e-08	30.07841	-0.008088428	-5.1912436	0.38093197	0.015532453	0.08230823	9.0	2617.8306136131287
92	92.930916	5.4045396	100.0	78.0	175.54546	30.521755	13.939785	60.586796	0.48834282	930000	1.4280279e-08	41.405384	-0.010018661	-9.725829	0.36677924	0.015484274	0.09140915	13.0	2645.1271760463715
93	91.775	11.241382	100.0	18.0	176.42857	30.0201	13.754329	62.640182	-16.00152	940000	7.450581e-09	50.17896	-0.015117926	-9.1113825	0.36314002	0.015340224	0.09220922	43.0	2673.6158151626587
94	92.39636	5.7498765	100.0	74.0	175.52727	29.917944	14.110696	62.917786	-9.647708	950000	-2.2817403e-08	33.280613	-0.00858773	-5.263691	0.3582596	0.015238586	0.06940695	12.0	2701.5387732982635
95	92.12281	6.102603	100.0	74.0	174.22807	30.29431	14.392033	62.289707	-15.334438	960000	-1.4125059e-08	33.95162	-0.011306033	-5.065205	0.37735602	0.015651353	0.09390939	18.0	2731.515063524246
96	92.78245	6.0405974	100.0	76.0	173.1579	30.577595	13.946248	61.73861	-3.7751734	970000	-2.142042e-08	34.18608	-0.00710333	-4.3654065	0.37952772	0.015739588	0.07580758	10.0	2760.5323181152344
97	91.666664	6.1645346	100.0	76.0	178.7963	29.7684	14.151221	61.507603	-9.083573	980000	-2.9647103e-08	38.872974	-0.00892065	-6.855698	0.37454942	0.015634673	0.0740074	12.0	2790.3129143714905
98	92.20728	5.846766	100.0	76.0	175.54546	29.370398	13.953915	62.60997	-10.95864	990000	0.0	36.339657	-0.0074177645	-4.837908	0.36362314	0.015367282	0.075107515	11.0	2816.9033420085907
99	92.671425	6.0571594	100.0	76.6	175.53572	29.601841	14.411993	62.172333	-31.65569	1000000	1.1175871e-08	30.240519	-0.010579695	-5.7454047	0.36726394	0.015305051	0.081308134	14.0	2845.6529150009155
100	91.10546	8.554242	100.0	48.0	175.96364	29.802126	14.504789	61.742977	-19.961962	1010000	1.7384687e-08	43.061096	-0.009716248	-7.727236	0.35508537	0.01536883	0.08320832	14.0	2874.287140607834
101	91.67777	7.4063454	100.0	61.6	180.88889	29.126135	14.049434	61.24309	-9.750115	1020000	-4.0357313e-09	40.484592	-0.007783552	-4.9878006	0.35384145	0.015363201	0.07770777	10.0	2902.7874393463135
102	92.74642	5.66537	100.0	76.0	173.58928	29.595226	13.825083	60.358963	-3.47897	1030000	-1.2417635e-09	34.49332	-0.012149607	-5.049534	0.36522222	0.015231371	0.082908295	27.0	2929.8634696006775
103	92.98276	5.3719945	100.0	76.0	168.72414	30.552204	14.206631	61.760784	-7.4512734	1040000	-7.450581e-09	31.039793	-0.010517489	-5.0664744	0.35776755	0.015326674	0.07760776	27.0	2958.0766797065735
104	92.44364	5.2932467	100.0	78.0	176.74545	30.553144	13.835869	62.21204	-5.2496486	1050000	-3.7252903e-09	31.860191	-0.011718011	-6.4060154	0.3563315	0.015475045	0.078607865	25.0	2986.896182537079
105	92.67273	5.956126	100.0	73.6	174.6	29.578066	14.219874	62.38799	-1.6616693	1060000	-4.967054e-09	31.621696	-0.00986655	-4.798498	0.3670374	0.015270412	0.07870787	18.0	3015.6291530132294
106	91.88772	6.9284077	100.0	68.0	171.08772	30.038118	14.325327	62.860664	-4.970125	1070000	-1.2417634e-08	40.58106	-0.01106564	-7.9324474	0.35060737	0.015389979	0.10221022	23.0	3044.7343587875366
107	92.55714	5.9583926	100.0	77.8	175.5	29.47983	14.540365	62.113503	-5.84068	1080000	-2.3593506e-08	41.259716	-0.00748251	-6.2212925	0.35812733	0.0155043565	0.072507255	8.0	3072.540470123291
108	93.51579	4.66716	100.0	78.4	168.19298	30.74851	13.725666	60.732628	-11.245998	1090000	7.450581e-09	29.298655	-0.00842556	-4.577556	0.36137214	0.015269625	0.07140714	10.0	3100.8686435222626
109	91.95789	6.522053	100.0	68.0	172.4035	30.60342	14.37945	62.90804	-4.248204	1100000	2.7318796e-08	36.272705	-0.008353828	-5.577768	0.36178467	0.01584104	0.08410841	12.0	3130.481439590454
110	91.063156	18.126926	100.0	-40.0	169.77193	30.366444	13.843353	62.34982	-22.50157	1110000	-7.450581e-09	62.553284	-0.0070230514	-21.347609	0.35844123	0.015662478	0.08710871	7.0	3159.853763818741
111	92.90001	5.88873	100.0	64.0	173.48215	29.847673	14.777335	58.98553	-47.679913	1120000	-1.1563922e-08	37.226494	-0.0065367683	-11.136369	0.35356116	0.015378364	0.06510651	7.0	3191.0189247131348
112	93.26666	5.618058	100.0	74.2	171.5965	30.55201	14.185487	61.00288	-18.25589	1130000	-2.6465083e-08	31.770592	-0.009756478	-5.207051	0.36500022	0.0150700705	0.09010901	15.0	3218.939447402954
113	90.85185	7.0146074	100.0	74.2	179.62962	29.786955	14.158909	60.315533	-14.751525	1140000	1.4280279e-08	37.289566	-0.0073267934	-6.21798	0.35665393	0.016334224	0.08610862	8.0	3245.9061000347137
114	93.489655	5.2466307	100.0	73.6	167.8793	30.136353	13.541769	59.31808	-6.886131	1150000	-1.1796753e-08	32.85204	-0.007929897	-8.992492	0.35846487	0.015291964	0.07130713	10.0	3273.8334109783173
115	92.95789	6.461843	100.0	70.0	170.89473	31.158903	13.958191	60.737873	-5.1631665	1160000	-2.2468157e-08	38.480198	-0.01239201	-7.457476	0.35501432	0.015144619	0.083708376	30.0	3301.8158223629
116	90.71035	16.292084	100.0	-20.0	170.25862	30.849619	14.323077	62.08561	-26.220247	1170000	-2.483527e-09	57.835247	-0.009743602	-16.646696	0.3613789	0.01579823	0.082208216	18.0	3330.394172668457
117	93.54577	4.351634	100.0	82.0	167.61017	30.992212	13.948448	56.672802	-13.279762	1180000	2.1109978e-08	27.12388	-0.013657324	-5.222177	0.35776654	0.015633829	0.09720972	38.0	3360.9274673461914
118	94.35255	4.6327267	100.0	78.0	165.50847	31.412462	14.330046	62.31239	-4.6427774	1190000	-1.4901161e-08	29.628555	-0.00793156	-5.2689953	0.368611	0.015204805	0.07380738	12.0	3387.300938129425
119	93.48571	5.2856755	100.0	76.0	174.91072	31.13682	14.48743	62.431835	-11.364808	1200000	1.6142925e-08	36.384308	-0.009796801	-4.885809	0.35316548	0.01600699	0.08030803	18.0	3414.969616174698
120	94.12858	5.1016006	100.0	78.0	169.80357	30.6513	14.440962	63.11814	-1.5237802	1210000	-1.7384687e-08	35.552055	-0.008518246	-6.236408	0.36110243	0.016164469	0.06820682	11.0	3442.4550833702087
121	93.34999	5.987994	100.0	73.6	171.58928	30.495312	14.335884	62.206272	-19.384398	1220000	-7.450581e-09	40.150948	-0.009658904	-8.103064	0.36323205	0.015731504	0.086508654	17.0	3470.4187021255493
122	92.56842	7.632138	100.0	54.0	172.0	30.363325	14.724686	62.743107	-30.648214	1230000	-1.5832484e-08	35.4318	-0.013651118	-7.3701763	0.36599088	0.015069522	0.08620862	27.0	3499.25248169899
123	94.03103	4.464543	100.0	82.0	169.15517	30.71847	14.701504	61.670086	-3.6706266	1240000	1.102065e-08	29.687073	-0.010402562	-5.522957	0.3626345	0.015152023	0.08830883	16.0	3527.3658876419067
124	89.45556	16.93204	100.0	-20.0	179.03703	29.27201	15.276355	62.627388	-43.139206	1250000	1.4901161e-08	67.435814	-0.010762054	-17.638247	0.36496928	0.01507428	0.07990799	17.0	3554.928505897522
125	93.82105	4.58	100.0	79.6	170.6842	30.064884	14.193084	57.88534	-7.616724	1260000	-1.831601e-08	36.437443	-0.010771104	-9.548129	0.36502782	0.015535605	0.0790079	16.0	3582.699697494507
126	93.08214	6.014361	100.0	70.0	175.71428	31.001411	13.785773	63.765438	-8.469575	1270000	1.9868216e-08	36.242046	-0.009402546	-6.897568	0.37691498	0.015014944	0.08370837	19.0	3611.09996342659
127	93.200005	5.2797456	100.0	80.0	174.41072	30.390617	14.697498	63.992847	-7.439601	1280000	-3.1044085e-08	36.081287	-0.011136529	-7.390803	0.38532588	0.015041151	0.0869087	17.0	3637.376617193222
128	91.9434	8.473566	100.0	50.2	181.15094	29.274792	14.53771	63.44192	-36.488815	1290000	-2.4835268e-08	43.339092	-0.010029704	-9.589743	0.38658628	0.015268471	0.07550755	18.0	3663.4723274707794
129	93.29825	5.5156713	100.0	76.6	171.0351	30.49464	14.077268	59.863194	-1.5506421	1300000	1.9868216e-08	34.047726	-0.010797322	-3.9928787	0.39270377	0.01610261	0.089008905	17.0	3692.3026447296143
130	93.652626	5.0218506	100.0	82.0	170.70175	30.533459	14.586163	62.72922	-9.542798	1310000	-2.3748726e-08	27.422277	-0.0073940842	-4.2142506	0.40456784	0.015451794	0.089008905	11.0	3719.494693994522
131	93.3069	5.5433364	100.0	76.0	169.55173	31.198631	14.426664	61.73028	-1.0480351	1320000	2.7318796e-08	30.335978	-0.0060899206	-3.8021863	0.40298715	0.015537791	0.06630663	8.0	3747.961024284363
132	94.21724	4.909144	100.0	78.4	169.65517	31.271358	14.269277	63.04318	-3.5388424	1330000	-9.313226e-10	28.694204	-0.0076502874	-3.8847053	0.3967328	0.015597266	0.08980898	8.0	3776.7820575237274
133	93.525	6.1399813	100.0	73.6	169.92857	31.119232	14.092449	62.905556	-8.552696	1340000	-2.4835268e-08	31.23327	-0.0097333165	-6.1943684	0.40109992	0.01521575	0.087508745	19.0	3803.774252653122
134	92.85863	6.156467	100.0	74.0	171.43103	30.755623	14.668859	61.92255	-2.7618718	1350000	1.3348957e-08	28.648636	-0.014693834	-5.2519727	0.39592847	0.015081525	0.095109515	48.0	3832.3560180664062
135	93.60357	5.6293225	100.0	76.0	173.03572	30.339848	14.39812	61.811615	-2.0326376	1360000	-4.967054e-09	31.120977	-0.0069515747	-3.6316433	0.38910067	0.015540733	0.05990599	10.0	3859.638620853424
136	88.5111	20.975847	100.0	-20.0	180.90741	28.898048	16.078026	62.59424	-43.89618	1370000	-1.9868216e-08	90.17556	-0.0158318	-36.40756	0.40050575	0.0153037505	0.09340934	39.0	3888.600153684616
137	93.46071	5.440184	100.0	79.0	169.0	28.555408	16.184334	62.854813	-25.862879	1380000	3.7252903e-09	37.96897	-0.012434676	-10.39427	0.40268984	0.015213996	0.08530853	20.0	3917.0211703777313
138	92.14643	6.6952534	100.0	72.4	173.89285	30.327623	14.256457	61.781853	-11.180596	1390000	3.7252903e-09	36.14596	-0.009345169	-4.9280086	0.40197897	0.016284967	0.090009	10.0	3941.8084633350372
139	93.51579	4.9329467	100.0	81.4	168.78947	30.204678	14.330574	60.62215	-22.903938	1400000	3.7252903e-09	37.749783	-0.01165079	-9.016712	0.40205136	0.015123814	0.08150815	20.0	3970.84224152565
140	92.810715	6.571086	100.0	64.0	173.14285	30.38462	14.203328	61.80814	-4.433551	1410000	-1.8626451e-08	40.55565	-0.009785527	-6.472931	0.40818715	0.015816895	0.099509954	12.0	3999.0511202812195
141	91.79286	7.1294127	100.0	68.0	173.71428	30.41756	13.922821	63.061146	-3.53869	1420000	-2.173086e-08	39.770706	-0.0069715083	-7.45776	0.4064804	0.016065395	0.07720772	8.0	4027.265950679779
142	92.97499	5.872218	100.0	73.0	174.16072	29.962532	13.910402	62.095825	-6.411622	1430000	-5.3085387e-08	32.582714	-0.0067538866	-7.1604767	0.40461722	0.015379981	0.07920793	9.0	4056.5291497707367
143	91.8138	7.1808043	100.0	64.6	167.82759	30.558228	14.527972	62.183796	-15.733298	1440000	-5.3395826e-08	35.288734	-0.009449561	-6.591583	0.41339874	0.015244767	0.08480849	10.0	4083.914192199707
144	92.98545	6.1592035	100.0	74.0	173.21819	30.184141	14.004421	61.81971	-5.539563	1450000	6.829699e-09	38.38614	-0.004353924	-6.8520565	0.4095546	0.019924605	0.090609066	8.0	4112.422649860382
145	90.36786	17.353624	100.0	-20.0	175.08928	29.994839	14.100864	62.021496	-29.65005	1460000	7.450581e-09	56.510944	-0.007377247	-18.813429	0.416707	0.015331384	0.08130813	7.0	4139.709427118301
146	93.27273	5.6742306	100.0	76.6	175.01819	29.42825	14.479229	60.71828	-9.078423	1470000	-1.8626451e-08	42.045975	-0.015049756	-8.0729685	0.4032749	0.0151047995	0.09710971	59.0	4168.354753732681
147	93.34035	5.2364397	100.0	80.8	171.36842	30.58778	14.077904	64.98456	-20.115658	1480000	-8.692344e-09	30.276407	-0.011587125	-5.5583115	0.4134154	0.015600502	0.08440844	15.0	4196.642059087753
148	92.042854	7.068614	100.0	70.0	174.53572	30.354374	14.199863	61.816597	-4.975176	1490000	2.2351742e-08	34.495266	-0.011315781	-5.244992	0.42219886	0.015431598	0.08530853	22.0	4226.845102548599
149	92.170906	6.849809	100.0	72.4	175.65454	29.86306	13.733262	61.754272	-12.888617	1500000	-2.2972623e-08	33.75966	-0.010283311	-7.4513345	0.42261985	0.015013729	0.09430943	14.0	4255.26572227478
150	90.41509	11.344609	100.0	30.0	183.86792	28.985718	14.6532135	62.393547	-47.129013	1510000	1.3659398e-08	54.135284	-0.007292275	-12.783028	0.4281614	0.015021376	0.079507954	10.0	4283.532222509384
151	93.299995	5.714143	100.0	73.6	174.35715	28.871141	14.594669	62.011894	-18.121485	1520000	2.483527e-09	30.109201	-0.0071390034	-7.9545193	0.43131354	0.01633689	0.079607956	8.0	4310.917425394058
152	93.81091	4.521853	100.0	82.0	176.25455	29.973265	14.696058	63.59571	-10.640749	1530000	-1.8704062e-08	32.297626	-0.008741684	-5.5434985	0.42692068	0.0159672	0.09440944	11.0	4337.790534734726
153	94.23448	4.5676727	100.0	81.4	169.0	31.17385	13.800128	63.37482	-14.072089	1540000	-5.2988373e-08	25.509115	-0.013002518	-4.7846303	0.41440597	0.015199493	0.0930093	25.0	4367.828431606293
154	92.78546	6.455538	100.0	72.4	177.23636	30.636692	14.1648245	62.16289	-3.510799	1550000	-2.8560558e-08	28.210526	-0.013786842	-5.0201607	0.41323328	0.015468292	0.097709775	31.0	4397.919651031494
155	91.854546	7.226261	100.0	74.0	176.32727	30.03349	14.050868	62.05253	-2.3482316	1560000	-1.7384687e-08	31.442535	-0.006946467	-5.453667	0.41798654	0.015008807	0.094109416	8.0	4426.258816242218
156	93.974075	5.3388925	100.0	77.2	175.64815	29.52576	13.94057	61.192062	-2.8200016	1570000	2.7939677e-08	33.76897	-0.008516609	-5.301647	0.41066578	0.015397129	0.083108306	13.0	4452.7018983364105
157	91.92	8.758049	100.0	45.4	176.70909	29.483795	14.387714	63.21715	-28.946356	1580000	1.2417634e-08	31.540558	-0.009670414	-5.9466844	0.42587876	0.015231461	0.097109705	10.0	4481.189301252365
158	92.977776	6.6780643	100.0	62.2	179.14815	29.84206	13.820745	62.187157	-2.4101973	1590000	5.5879354e-09	34.90711	-0.009435539	-4.8900356	0.40790138	0.015515485	0.09650966	18.0	4509.696268320084
159	92.54286	6.3297157	100.0	76.0	171.35715	30.071726	14.0806465	63.402145	-1.5954754	1600000	-2.2351742e-08	30.364477	-0.0097870445	-2.6085694	0.41045102	0.015522177	0.079807974	19.0	4539.458264350891
160	92.91481	6.938417	100.0	65.8	177.72223	29.365036	14.527382	61.310368	-44.04857	1610000	1.4125059e-08	34.170048	-0.010374252	-7.4367394	0.41143274	0.015268569	0.101910196	16.0	4569.3838131427765
161	92.67637	6.234507	100.0	74.2	177.78181	30.159681	13.781712	61.41395	-1.6104057	1620000	-6.0225524e-08	29.39467	-0.009907037	-4.1523023	0.4067839	0.015078421	0.078007795	14.0	4597.745388269424
162	93.15357	5.759835	100.0	75.4	172.03572	30.084103	13.98519	61.348564	-4.5764527	1630000	1.4901161e-08	31.894888	-0.014460176	-3.657631	0.40579113	0.015058018	0.0890089	72.0	4629.4573929309845
163	92.33208	6.212336	100.0	74.8	180.4717	29.930214	13.82098	64.19955	-6.4728403	1640000	3.259629e-08	31.877449	-0.011743727	-4.8653083	0.41035417	0.015285882	0.0929093	21.0	4657.2298674583435
164	93.296555	5.8759875	100.0	68.0	170.13792	30.344421	13.949782	61.024643	-9.466778	1650000	-1.1175871e-08	35.737762	-0.010118764	-6.265865	0.4160255	0.015376568	0.09170917	16.0	4685.849007368088
165	92.625465	5.5967593	100.0	79.6	175.32727	30.817728	13.745296	63.66258	-4.3450904	1660000	-8.071463e-09	28.127554	-0.009021863	-4.3565936	0.4083304	0.015622731	0.096909694	13.0	4713.208055257797
166	92.96071	5.765094	100.0	74.0	172.55357	30.29517	14.139868	64.949875	-3.751374	1670000	-6.208817e-09	27.12366	-0.013351556	-3.5405357	0.41957402	0.015831444	0.103010304	32.0	4740.997146129608
167	92.85262	6.8783445	100.0	64.0	170.05263	30.131119	14.787299	61.841717	-18.967031	1680000	5.2154064e-08	38.97769	-0.009949905	-9.282941	0.41499007	0.016136799	0.080508046	10.0	4769.101584434509
168	92.95173	5.4141974	100.0	74.2	170.34483	31.454752	13.871859	62.31956	-0.95630157	1690000	2.20413e-08	32.34984	-0.009575964	-6.126741	0.41114917	0.015379972	0.087308735	16.0	4796.232973098755
169	92.22807	5.6893177	100.0	73.0	172.36842	30.322865	13.947542	62.48167	-9.191489	1700000	9.313226e-09	36.56876	-0.00990935	-5.753281	0.41480985	0.01531243	0.09430943	11.0	4824.209873914719
170	93.2	5.354083	100.0	70.0	166.75862	30.455263	14.347094	62.95272	-5.025875	1710000	3.7252903e-09	35.79067	-0.016121583	-5.883713	0.4062663	0.015199353	0.11541154	69.0	4854.753399133682
171	92.600006	5.5741534	100.0	76.6	165.74576	31.650024	13.837248	63.02607	-11.646845	1720000	-2.9802322e-08	31.73468	-0.011952919	-4.41744	0.42185506	0.015179046	0.096009605	24.0	4886.602444410324
172	93.28621	6.4998784	100.0	57.4	168.75862	31.621132	13.631138	62.111732	-12.550406	1730000	2.6697913e-08	33.166553	-0.008709012	-5.3467574	0.41517958	0.015123858	0.082008205	12.0	4914.510283470154
173	93.14737	5.54073	100.0	76.0	170.61403	30.693197	14.516123	62.68637	-6.178427	1740000	-1.6142925e-08	32.76931	-0.009495011	-4.0142117	0.41450086	0.01533145	0.07530753	15.0	4944.137668609619
174	93.59643	4.7661743	100.0	76.0	172.66072	30.871155	14.053772	63.26141	-34.808445	1750000	7.450581e-09	29.868261	-0.015741507	-5.4015026	0.40938786	0.015019362	0.10411041	68.0	4972.453674316406
175	92.5	5.640542	100.0	71.8	173.05357	30.189796	14.721223	62.940025	-14.283469	1760000	1.5832484e-08	34.411125	-0.0063686934	-4.978974	0.41913065	0.016103594	0.08410841	9.0	5001.702380895615
176	91.35999	11.174869	100.0	20.0	178.34546	29.597038	14.118599	61.81309	-24.623226	1770000	1.9247333e-08	58.71966	-0.0063257534	-8.623766	0.41748163	0.01624822	0.0950095	9.0	5029.607970714569
177	92.79273	5.539801	100.0	77.8	174.6	29.47033	13.752539	62.05937	-8.865426	1780000	8.692344e-09	33.120502	-0.0076527814	-5.6336994	0.41386223	0.015128273	0.07970797	10.0	5057.885207414627
178	92.65	5.519349	100.0	74.0	172.25	29.830631	14.110464	61.520466	-21.47723	1790000	-7.450581e-09	37.08759	-0.01676085	-5.6289954	0.41077554	0.015040102	0.107310735	54.0	5086.588965177536
179	92.88928	5.76119	100.0	74.8	171.33928	30.526604	13.667235	59.122826	-13.592398	1800000	-1.1796753e-08	32.001163	-0.0077116746	-4.957068	0.4108334	0.017501505	0.06860685	9.0	5114.109237670898
180	92.792854	5.6134996	100.0	74.0	174.46428	30.28066	13.926139	62.518402	-7.322964	1810000	8.692344e-09	29.147943	-0.010156282	-3.9295552	0.4167675	0.015331025	0.0929093	22.0	5143.926192045212
181	93.21786	5.486513	100.0	74.0	174.85715	30.399637	13.81986	61.564106	-22.785086	1820000	-2.4214387e-08	31.851885	-0.012383663	-5.2902703	0.41811728	0.015093125	0.09810981	24.0	5173.552773475647
182	92.70175	5.1327806	100.0	72.4	170.47368	30.40593	14.477947	62.437325	-0.87960964	1830000	3.1044085e-09	33.495422	-0.009564563	-6.4252257	0.4117001	0.01518808	0.07860786	13.0	5202.274356603622
183	92.97193	5.222144	100.0	77.8	170.8772	30.743307	13.962744	63.159203	-2.0166512	1840000	7.450581e-09	32.628704	-0.0075496826	-4.8493023	0.40831986	0.015569859	0.07660767	9.0	5230.366352319717
184	90.01132	18.616829	100.0	-30.0	183.33963	28.158415	16.398596	62.684875	-24.670406	1850000	1.0244548e-08	45.356155	-0.010773688	-13.249665	0.43207207	0.016524157	0.09340934	9.0	5257.429940462112
185	93.34286	5.557455	100.0	76.0	173.17857	30.337234	13.4963875	58.27503	-2.564788	1860000	0.0	33.605366	-0.015247519	-5.8271337	0.41184393	0.015065315	0.09670967	36.0	5288.056769371033
186	93.54737	5.546679	100.0	70.0	167.8421	30.75551	13.959218	60.116753	-23.841436	1870000	-2.4835268e-08	31.898582	-0.008856845	-5.295248	0.41591588	0.015567996	0.07570757	10.0	5315.772712230682
187	91.69818	8.489212	100.0	50.0	176.25455	30.028652	14.686722	60.987995	-39.0229	1880000	-2.483527e-09	54.659176	-0.012269151	-15.084643	0.40000364	0.015166809	0.09560957	20.0	5346.6443111896515
188	93.91	4.827066	100.0	77.8	164.96666	31.236757	13.670559	63.05113	-33.61053	1890000	-6.208817e-09	28.392952	-0.007044316	-6.4759603	0.4036635	0.015238259	0.06040604	7.0	5375.043431520462
189	93.87796	4.7772083	100.0	77.2	168.47458	31.920042	14.101087	62.953983	-1.9543179	1900000	1.3659398e-08	31.067831	-0.0066475705	-3.882129	0.40715966	0.015675806	0.09360936	11.0	5403.106688499451
190	92.41091	7.324819	100.0	64.0	173.72728	30.1875	14.9509325	63.408916	-33.782146	1910000	1.086543e-08	36.887543	-0.01816348	-8.403777	0.41598666	0.015185232	0.113411345	50.0	5433.382473945618
191	93.231575	5.2291746	100.0	79.0	170.54385	30.816416	14.2444725	63.684998	-3.2785704	1920000	7.450581e-09	26.526014	-0.0077619217	-3.7721233	0.4137169	0.015458815	0.070707075	6.0	5459.701567173004
192	93.38214	5.083204	100.0	78.0	173.76785	30.810713	14.352625	62.656467	-10.222919	1930000	1.14863115e-08	34.44321	-0.0066204383	-5.799846	0.40444517	0.01614351	0.08350835	8.0	5487.414501428604
193	91.8	10.718955	100.0	26.2	175.16364	29.589577	14.737353	62.42837	-23.938278	1940000	4.967054e-09	38.821846	-0.009639094	-7.6449566	0.41525543	0.015832525	0.07910791	10.0	5515.632555007935
194	93.509094	5.6141143	100.0	68.8	173.4	30.678223	13.84888	60.731182	-8.206355	1950000	3.1044085e-09	30.945906	-0.008727755	-5.1508193	0.40803573	0.015204881	0.098709874	10.0	5541.937180757523
195	92.30545	7.9012866	100.0	59.2	177.3091	30.68453	14.11622	62.970257	-7.754524	1960000	1.2417634e-08	33.492535	-0.010131221	-8.630195	0.4060395	0.015308344	0.08680868	13.0	5568.969836950302
196	91.11072	16.210136	100.0	-20.0	175.0	29.454294	14.849121	62.80232	-34.249775	1970000	1.7384687e-08	66.77151	-0.011602496	-19.977198	0.4093114	0.015029083	0.09490949	21.0	5598.167207479477
197	92.25455	6.6734157	100.0	71.8	175.45454	29.112799	14.699286	58.251045	-16.142202	1980000	-8.692344e-09	44.092834	-0.013768283	-11.187386	0.41567442	0.0151062505	0.08620862	23.0	5626.875691175461
198	93.33104	5.061764	100.0	82.0	169.2931	30.609821	14.194296	63.05163	-6.003439	1990000	1.7074248e-08	31.396292	-0.0064912178	-4.974514	0.41018316	0.015547824	0.067606755	8.0	5654.704014539719
199	92.92075	7.1494384	100.0	56.8	177.98112	29.418703	14.82397	62.980453	-26.33947	2000000	-6.208817e-09	34.584637	-0.014520247	-6.1857758	0.40840778	0.015499868	0.105710566	30.0	5682.767767906189
200	93.458626	5.4367847	100.0	71.8	170.67241	30.287088	14.364746	61.86005	-0.049515456	2010000	3.1044085e-09	32.37459	-0.009440947	-6.511802	0.40940642	0.015440236	0.08220822	14.0	5710.2858283519745
201	92.40351	15.658886	100.0	-20.0	172.08772	30.22764	15.332564	63.579792	-23.56245	2020000	-2.483527e-09	53.923237	-0.009506564	-20.019854	0.4190458	0.015344464	0.09920993	16.0	5742.069939613342
202	93.296555	7.4596148	100.0	47.2	169.32759	30.930075	14.598481	63.454823	-14.254798	2030000	8.692344e-09	32.61449	-0.008218142	-4.7031837	0.4174137	0.015678285	0.08240824	11.0	5770.578554153442
203	92.20741	5.8123703	100.0	73.6	179.37038	29.836908	14.6851635	63.053932	-26.042807	2040000	8.692344e-09	33.557545	-0.008813727	-7.393	0.41857708	0.015544782	0.08590859	12.0	5798.700225114822
204	93.625465	5.096174	100.0	82.0	175.61818	29.620687	14.099421	62.702316	0.05805874	2050000	9.934108e-09	25.264105	-0.012210819	-3.1795273	0.42301893	0.015345122	0.100310035	31.0	5827.732020378113
205	93.26182	5.3193126	100.0	79.6	175.09091	30.191692	14.320169	63.356087	-10.006536	2060000	9.158005e-09	25.956589	-0.009315708	-4.157376	0.43831488	0.015807996	0.076207615	12.0	5856.307797193527
206	91.59636	8.959017	100.0	58.0	179.47273	29.292805	14.669242	62.546627	-24.141022	2070000	1.1796753e-08	40.69897	-0.009363373	-7.561306	0.4358151	0.015172832	0.08240824	11.0	5885.116721868515
207	93.432144	6.4480095	100.0	72.4	173.03572	29.595852	14.441756	64.13401	-24.89592	2080000	2.6387472e-09	36.07042	-0.007982096	-9.2523985	0.44057322	0.015259045	0.069906995	10.0	5912.312963247299
208	93.39649	5.705337	100.0	68.2	170.42105	30.990404	14.247924	63.08233	-40.50629	2090000	-2.514571e-08	29.99588	-0.0073070177	-5.0942783	0.4449098	0.017063333	0.093509346	7.0	5940.159458875656
209	93.1	6.0589952	100.0	77.8	174.625	30.778135	13.806681	62.60314	-8.568233	2100000	-6.829699e-09	32.066166	-0.0051398207	-6.034666	0.4367113	0.015756771	0.05150515	5.0	5970.164036989212
210	93.68	5.177658	100.0	80.0	174.23636	30.375105	13.892134	61.05453	-6.4785805	2110000	-3.9115548e-08	28.955355	-0.0077105495	-3.770689	0.42939755	0.015805433	0.098709874	10.0	5997.502995014191
211	92.72727	7.0538054	100.0	74.0	174.70909	30.367216	13.923037	62.48064	-3.838006	2120000	-1.9868216e-08	33.045055	-0.01132226	-4.6132216	0.42500123	0.015015277	0.07670767	22.0	6026.9738965034485
212	93.01017	5.6152844	100.0	76.6	166.55933	30.86985	13.888876	62.148552	-5.4062657	2130000	1.4280279e-08	27.113558	-0.009323816	-4.4207673	0.45329437	0.015546528	0.08870888	9.0	6055.686851024628
213	93.63509	5.232707	100.0	80.0	172.17545	30.250072	14.724195	61.17888	-30.146809	2140000	-1.1175871e-08	25.68236	-0.009751478	-3.1567802	0.44255278	0.016144173	0.10991099	16.0	6084.666731595993
214	92.73103	6.8807125	100.0	67.0	168.17241	30.940622	14.379159	61.956146	-9.048082	2150000	2.7318796e-08	32.94537	-0.007398726	-5.0346036	0.4462411	0.016002476	0.07910792	7.0	6112.451239347458
215	92.25714	7.246646	100.0	65.8	174.32143	29.784988	14.342906	62.496853	-33.480614	2160000	-7.450581e-09	35.65166	-0.0094973	-7.168528	0.43968427	0.015913585	0.08960896	11.0	6141.597740411758
216	91.85615	7.225467	100.0	64.6	171.29825	30.186821	14.345465	62.095734	-21.466415	2170000	-3.7252903e-08	37.053703	-0.010143145	-5.913677	0.43216082	0.015044738	0.0930093	16.0	6170.788163423538
217	93.91228	4.631095	100.0	82.0	173.17545	30.193178	14.21018	63.507328	-6.340935	2180000	-4.967054e-09	26.846647	-0.008143926	-3.3209236	0.41259956	0.015246652	0.07450745	13.0	6198.585677146912
218	92.549995	8.430324	100.0	46.0	174.14285	30.417173	14.462978	62.60365	-18.640635	2190000	-2.173086e-09	43.628193	-0.009748061	-6.948485	0.41439486	0.015560902	0.08890889	18.0	6229.077170848846
219	93.125	5.5013714	100.0	74.0	174.5	29.733389	15.00354	63.421284	-10.9767275	2200000	2.4214387e-08	31.423883	-0.007835831	-5.020294	0.41819754	0.017417444	0.07790779	8.0	6257.446145057678
220	93.542854	5.4943757	100.0	79.0	173.82143	30.13388	14.560083	63.514416	-2.258377	2210000	8.692344e-09	27.770523	-0.0059771836	-3.7714245	0.41914138	0.015399915	0.0740074	6.0	6284.865966320038
221	93.10357	4.958253	100.0	77.8	169.82143	30.450968	14.4899645	62.123333	-4.5505505	2220000	-1.314523e-08	33.036423	-0.0069998982	-7.3088946	0.4171482	0.017314335	0.07230724	8.0	6314.647063732147
222	93.50848	5.13444	100.0	76.0	168.59322	30.765545	14.186131	63.078117	-0.28281295	2230000	-1.800557e-08	30.590078	-0.008027828	-6.6879234	0.4252758	0.015138276	0.07670767	10.0	6341.879872560501
223	93.28276	5.8692694	100.0	74.0	168.08621	31.128996	14.621166	63.29736	-2.610068	2240000	1.6142925e-08	29.874304	-0.00910383	-3.4077065	0.4167973	0.01585603	0.090209015	14.0	6369.428181171417
224	94.041374	4.3356996	100.0	82.0	168.31035	31.11138	14.58716	63.35673	-1.10771	2250000	9.4684465e-09	23.280457	-0.007849571	-2.8261788	0.4116076	0.01552296	0.07560756	15.0	6398.819020271301
225	92.88071	5.506979	100.0	76.0	170.89473	31.06955	14.421556	63.198883	-5.226208	2260000	-2.3593506e-08	35.17949	-0.011083145	-4.111337	0.42515612	0.0151602775	0.08360836	19.0	6427.628413200378
226	93.070175	5.564233	100.0	79.0	170.61403	30.628752	14.234641	63.24212	-4.802616	2270000	-5.0912302e-08	34.297825	-0.01032804	-5.288536	0.4106691	0.015024177	0.08530853	19.0	6456.211345672607
227	92.85574	5.39704	100.0	76.6	161.83606	30.937626	14.401039	62.499073	-3.2519732	2280000	-6.3640377e-09	27.776808	-0.0071437676	-6.387045	0.42905822	0.016010413	0.072507255	8.0	6486.288552045822
228	92.51428	6.618897	100.0	62.8	175.08928	30.866219	14.220712	61.321182	-16.013922	2290000	2.2351742e-08	33.603344	-0.008723195	-9.127236	0.4066504	0.015013613	0.08280828	11.0	6514.111769914627
229	93.27369	5.1713967	100.0	79.6	172.14035	30.09903	14.330475	63.316296	-2.0793135	2300000	-3.290673e-08	36.687923	-0.008811172	-5.051246	0.40120474	0.015199716	0.07090709	9.0	6544.657655954361
230	93.82712	4.4309325	100.0	82.0	166.0339	31.578249	13.942562	62.9402	2.248099	2310000	4.967054e-09	23.985603	-0.0131121995	-3.4706013	0.3969495	0.015012763	0.09960996	40.0	6573.495067834854
231	92.674576	5.4785743	100.0	77.8	165.94916	31.397055	14.548524	64.04341	-3.30421	2320000	-1.8626451e-08	26.437119	-0.008332513	-3.3371098	0.4135948	0.016405953	0.08710871	9.0	6601.935163974762
232	92.33449	5.7745442	100.0	73.6	169.0	31.041286	14.347212	62.785625	-7.4106464	2330000	-1.3038516e-08	31.552122	-0.007429309	-4.922255	0.4083701	0.015356426	0.066506654	10.0	6630.320373535156
233	92.87719	5.7701902	100.0	74.2	172.07018	30.773048	14.250511	62.706333	-6.1633306	2340000	4.346172e-09	34.167465	-0.011287601	-5.9364324	0.39583895	0.01570818	0.08870887	22.0	6660.071913957596
234	93.14483	5.09087	100.0	73.6	170.22414	30.939165	14.439568	62.731873	-11.115043	2350000	6.208817e-09	29.156082	-0.009221737	-5.923366	0.40471712	0.016435126	0.09570957	11.0	6688.853879213333
235	93.484215	4.830887	100.0	82.0	170.14035	31.170074	14.259139	62.76244	-5.497871	2360000	-3.7252903e-09	30.342993	-0.0073712864	-4.251494	0.40050766	0.0156005025	0.075307526	10.0	6718.013175010681
236	91.64365	8.207995	100.0	54.4	178.05455	29.952955	14.469297	63.94603	-13.190277	2370000	-1.4901161e-08	41.5749	-0.0043311114	-8.674889	0.40665376	0.015724441	0.0490049	4.0	6745.652912855148
237	93.38983	4.8714213	100.0	79.6	166.35593	30.715607	14.397376	62.411827	-3.5666745	2380000	-9.313226e-09	27.297165	-0.009196171	-4.150151	0.39731964	0.015291068	0.08870888	15.0	6774.767071962357
238	90.770905	9.619028	100.0	40.0	178.36363	30.086784	14.729336	63.14498	-7.8729625	2390000	3.663202e-08	46.834995	-0.007405629	-13.883794	0.41858068	0.01636939	0.07380738	7.0	6803.051952600479
239	92.26297	6.4891734	100.0	71.2	176.14815	28.6298	14.144854	63.186855	-4.604424	2400000	3.0578423e-08	35.650623	-0.008569269	-6.475422	0.4063886	0.015954275	0.07590759	11.0	6829.109689712524
240	91.70545	6.854525	100.0	73.6	176.10909	29.470018	13.730163	62.2614	-7.9216614	2410000	-1.4901161e-08	43.22051	-0.008548703	-6.221355	0.40937188	0.015716644	0.0890089	8.0	6857.270597696304
241	89.31999	17.943249	100.0	-30.0	178.07272	28.60688	15.868336	62.223724	-24.960262	2420000	-1.4280279e-08	48.23059	-0.007590765	-14.963956	0.4106824	0.015423212	0.07380738	12.0	6887.209440946579
242	92.47241	6.105362	100.0	64.6	166.36208	30.27947	14.261487	62.12094	-6.0912538	2430000	-2.4835268e-08	30.761236	-0.009378921	-5.365866	0.39200392	0.015237127	0.07650765	14.0	6914.503720283508
243	93.26667	4.9156437	100.0	78.4	165.51666	31.208382	14.647196	62.377937	-9.932988	2440000	-7.450581e-09	28.01052	-0.0087481085	-4.692734	0.38198128	0.015794232	0.07630763	11.0	6942.797982215881
244	93.2807	5.160424	100.0	76.0	171.21053	31.004604	14.412917	62.69197	-19.7757	2450000	-8.071463e-09	30.527166	-0.008727875	-3.7196732	0.37959805	0.015270253	0.08360836	15.0	6971.751553535461
245	92.796486	5.728904	100.0	76.6	172.10527	30.770548	14.014308	61.4056	-3.0779364	2460000	2.4835268e-08	31.676804	-0.008815943	-3.7205856	0.3672595	0.015574244	0.08410841	14.0	7001.090172529221
246	90.06296	19.939346	100.0	-50.0	178.66667	28.80059	16.012945	61.883793	-24.011755	2470000	-2.173086e-08	51.39592	-0.008072142	-12.769614	0.36492047	0.015415874	0.06460646	12.0	7031.150784254074
247	92.759315	5.5107636	100.0	73.6	168.45763	30.047304	14.296935	62.84223	-13.075126	2480000	4.967054e-09	36.185143	-0.009042662	-8.748373	0.35511148	0.016083928	0.088408835	11.0	7060.351423740387
248	93.07667	4.230066	100.0	80.0	162.16667	31.775728	13.932971	63.272827	0.23687086	2490000	1.7384687e-08	28.761665	-0.009803385	-3.59492	0.34454012	0.015387736	0.076107614	20.0	7089.108644723892
249	92.113335	7.724193	100.0	44.0	164.48334	31.849049	14.162001	62.929955	-23.771692	2500000	4.967054e-09	41.66441	-0.009869023	-4.8952103	0.35435656	0.015192556	0.08220822	18.0	7118.408163070679
