Epoch	AverageEpRet	StdEpRet	MaxEpRet	MinEpRet	EpLen	AverageVVals	StdVVals	MaxVVals	MinVVals	TotalEnvInteracts	LossPi	LossV	DeltaLossPi	DeltaLossV	Entropy	KL	ClipFrac	StopIter	Time
0	93.381134	11.269747	100.0	44.2	183.8868	27.683357	17.870377	62.46642	-24.93189	10000	4.718701e-08	45.739437	0.0028706167	-12.793048	0.26755938	0.021119347	0.08950895	1.0	23.246643543243408
1	96.19643	5.7982135	100.0	65.2	172.23215	28.947502	16.145933	60.650566	-16.055431	20000	1.5522042e-08	40.47263	-0.0018242052	-8.763773	0.25892875	0.016673518	0.060006004	3.0	44.98618769645691
2	95.782455	5.6513042	100.0	76.0	172.26315	29.498207	16.229143	61.396427	-13.518377	30000	7.450581e-09	28.842726	-0.0064927177	-6.851357	0.25278893	0.01501118	0.06520652	14.0	68.47847557067871
3	93.529625	15.467441	100.0	-10.0	181.72223	29.21283	16.212227	61.137447	-15.164888	40000	-1.0089328e-08	88.37081	-0.009435305	-26.262869	0.25294	0.015192284	0.06230623	21.0	92.85549139976501
4	96.87692	4.580587	100.0	73.6	185.21153	28.07076	15.467505	59.962093	-27.380417	50000	-4.346172e-09	35.12144	-0.005202274	-6.3944783	0.25657752	0.015043322	0.05170517	10.0	115.8582136631012
5	95.472725	5.2315636	100.0	71.8	176.14546	29.582762	15.743377	62.17138	-28.043655	60000	2.1109978e-08	33.083508	-0.005840151	-5.668894	0.2707055	0.015486691	0.06830683	9.0	139.80980563163757
6	95.26415	9.248337	100.0	37.6	180.49057	29.005564	15.916082	61.036133	-34.00913	70000	-8.071463e-09	40.262867	-0.006092366	-8.989563	0.2738628	0.015124251	0.06860686	7.0	162.38279366493225
7	97.24333	3.4926767	100.0	82.6	163.73334	31.44512	14.912151	61.748016	-8.862463	80000	-4.5324366e-08	25.881693	-0.004552274	-5.878287	0.26169083	0.015371822	0.05470547	9.0	186.16942191123962
8	96.87586	4.0029006	100.0	76.6	168.13792	30.8862	16.185566	62.396526	-33.922024	90000	5.153318e-08	29.79338	-0.0040658456	-3.3161595	0.26514986	0.015899044	0.053605363	5.0	209.19142818450928
9	97.14666	4.3341846	100.0	77.2	163.66667	31.32869	15.682863	60.579624	-6.491544	100000	-3.7252903e-09	24.401606	-0.004090222	-3.2966354	0.26035297	0.015387562	0.05450545	16.0	232.325035572052
10	96.701645	4.657816	100.0	76.0	161.16394	31.992966	16.07366	62.256832	-7.823592	110000	1.2417634e-08	22.370035	-0.006567948	-2.418308	0.2744378	0.015695242	0.08030803	17.0	256.41228890419006
11	95.78333	5.932655	100.0	66.4	164.01666	31.627562	16.027475	61.850693	-12.722669	120000	3.8960327e-08	26.092863	-0.0059818733	-3.7185066	0.2816058	0.015293618	0.061606158	11.0	280.1267080307007
12	97.11148	4.1232686	100.0	79.0	160.16394	32.110977	15.623443	62.51201	-15.642727	130000	-3.6942463e-08	20.623413	-0.0042202654	-2.3005722	0.27488878	0.015237451	0.06330633	11.0	303.98824667930603
13	96.59298	5.1035542	100.0	68.8	170.21053	30.705427	16.709631	62.554382	-28.393574	140000	-8.537124e-09	36.699432	-0.004446247	-8.977515	0.27630094	0.015361738	0.047804784	5.0	328.2705717086792
14	96.88276	4.6798224	100.0	77.2	168.55173	30.985432	15.659891	60.05717	-21.73929	150000	1.3659398e-08	26.686691	-0.005322045	-4.4815426	0.26880023	0.015357521	0.05890589	13.0	352.26497077941895
15	96.65172	5.409387	100.0	71.2	170.31035	30.62082	16.397757	62.59533	-11.532042	160000	1.3038516e-08	26.812645	-0.009417237	-4.3410244	0.27011046	0.01523123	0.0660066	29.0	376.53665828704834
16	93.48772	20.055328	100.0	-10.0	169.57895	30.277546	16.82303	61.957264	-29.744036	170000	-8.692344e-09	115.95447	-0.0077319914	-42.522877	0.26392922	0.01590279	0.053605363	9.0	399.79696106910706
17	96.656136	5.028725	100.0	71.8	168.50877	29.788607	17.176125	58.895294	-39.121292	180000	-6.208817e-09	37.52629	-0.008049995	-12.836762	0.25512862	0.015416606	0.05870587	17.0	421.80591440200806
18	97.36207	3.2258563	100.0	88.0	166.10345	31.12972	16.078432	62.32959	-20.188013	190000	-4.967054e-09	28.890928	-0.0040136557	-4.246168	0.26977965	0.016150994	0.04760476	5.0	444.22499775886536
19	96.79661	4.724045	100.0	71.8	166.0339	31.670193	15.655449	60.973824	-5.147625	200000	6.208817e-09	23.27413	-0.0042433534	-2.3484619	0.27109918	0.016994841	0.07940794	8.0	466.8125946521759
20	97.670006	3.7128296	100.0	85.6	163.66667	31.624493	16.011393	62.124092	-8.237501	210000	1.2417635e-09	20.989807	-0.0029855042	-2.8277423	0.26743898	0.0165507	0.060206026	6.0	491.2301743030548
21	97.41035	2.926319	100.0	89.8	169.06897	31.375572	16.101574	62.237885	-2.3705575	220000	4.3151278e-08	27.896027	-0.006340604	-4.6518016	0.2628359	0.01505712	0.08230823	18.0	514.6810157299042
22	96.248276	6.0623555	100.0	69.4	168.55173	30.82085	15.880052	61.719185	-9.282927	230000	5.3395826e-08	28.25576	-0.007225463	-6.173325	0.27357903	0.0150432885	0.055405542	13.0	538.0108079910278
23	96.63051	6.076553	100.0	64.0	166.22034	31.011135	16.145248	62.66582	-15.928077	240000	-2.514571e-08	26.064157	-0.004704121	-4.007578	0.26825956	0.015645986	0.04820482	9.0	561.958221912384
24	97.24333	3.656609	100.0	82.0	162.86667	32.04567	15.683583	62.948868	-6.225152	250000	6.0535967e-09	21.571608	-0.006863872	-2.2307217	0.26380196	0.015062247	0.06290629	22.0	587.0068674087524
25	96.95	3.9155464	100.0	83.2	162.81667	32.02632	15.993449	62.88002	-4.8256836	260000	4.346172e-08	20.284742	-0.008368929	-1.5809898	0.26196703	0.01518366	0.06870687	33.0	610.3667514324188
26	97.17288	4.2861166	100.0	79.6	165.64407	31.559912	15.943142	62.339733	0.23505807	270000	6.2088173e-10	23.91326	-0.00615561	-2.249471	0.26673594	0.015118066	0.081208125	20.0	635.3583397865295
27	97.38572	3.750783	100.0	83.2	173.82143	30.261738	17.048574	62.865547	-49.55017	280000	-1.7384687e-08	41.95268	-0.0049584457	-16.402403	0.26117522	0.016953383	0.06250625	7.0	659.6976466178894
28	97.56072	2.6485634	100.0	91.6	170.01785	31.152021	15.660212	61.939873	-8.422047	290000	-2.483527e-09	27.403748	-0.0058045997	-2.3449395	0.25776598	0.015842902	0.07360736	15.0	683.5447447299957
29	96.082146	5.0594726	100.0	79.0	174.08928	30.23682	16.08501	61.88669	-12.222768	300000	-7.761021e-09	30.57694	-0.006928881	-4.4986873	0.24683435	0.015006736	0.05770577	20.0	708.4625442028046
30	96.583046	5.613699	100.0	61.6	165.01695	30.767567	15.581275	62.331543	-18.445309	310000	-3.228585e-08	26.682592	-0.004267548	-3.459277	0.26377594	0.018151546	0.06290629	7.0	732.3218905925751
31	97.252464	4.5057197	100.0	76.0	161.72131	31.493359	15.914983	62.771587	-12.654874	320000	-3.5041012e-08	23.8507	-0.0042481557	-3.7894757	0.25266096	0.015409246	0.07790779	9.0	755.5818767547607
32	97.294914	3.2880588	100.0	87.4	163.98305	31.87628	15.8642235	62.45075	0.48520994	330000	-2.2351742e-08	24.81878	-0.0039337254	-2.8017895	0.2506935	0.017368892	0.07490749	5.0	779.7843282222748
33	96.471436	4.2583413	100.0	84.0	170.16072	30.918913	15.978845	62.86882	-9.544855	340000	4.6410907e-08	30.054869	-0.0044815503	-4.0451775	0.27637723	0.015456989	0.061406147	9.0	805.6227266788483
34	96.579994	4.8704147	100.0	77.2	164.85	31.056181	15.562859	61.64575	-12.685954	350000	3.5079818e-08	25.839808	-0.006425021	-3.9708107	0.27437818	0.015033457	0.06810681	17.0	828.8920814990997
35	96.010345	4.559859	100.0	80.2	168.75862	30.772478	15.933226	61.700764	-4.862464	360000	-1.4280279e-08	30.308008	-0.0048509724	-3.7567112	0.28396496	0.015771689	0.06250625	9.0	852.7210137844086
36	97.666664	2.9883482	100.0	86.8	162.66667	31.5407	15.138739	61.839653	-1.4623673	370000	-1.6142925e-08	24.095682	-0.0045733145	-3.2336311	0.27248707	0.016213937	0.049604964	13.0	875.1050055027008
37	94.65965	17.103645	100.0	-30.0	170.1228	30.526598	17.077002	61.56566	-48.47475	380000	-5.8362883e-08	66.648766	-0.008224812	-27.47431	0.27534047	0.015252315	0.04880488	7.0	898.8496508598328
38	97.416664	2.9505467	100.0	88.6	165.25	31.699846	15.370273	60.33714	-4.4256277	390000	-1.1641532e-09	24.31665	-0.006984333	-2.7549858	0.27296484	0.015127619	0.06800679	21.0	923.5200083255768
39	97.155174	5.0765243	100.0	71.2	166.6207	31.578152	15.664309	61.630432	-18.075197	400000	-5.4637592e-08	28.796762	-0.005583785	-5.1834445	0.26876077	0.017562196	0.054805484	7.0	947.1681950092316
40	96.705086	4.0907264	100.0	84.0	169.11864	31.035318	16.404213	62.440346	-12.011771	410000	-2.1032369e-08	28.766891	-0.005372293	-4.780067	0.2684985	0.015356697	0.06250625	10.0	971.7534272670746
41	96.54737	4.442937	100.0	80.8	167.73685	30.923384	15.312281	61.243664	-11.650544	420000	-1.1175871e-08	28.90329	-0.00618701	-4.716305	0.26082647	0.015077229	0.06450645	13.0	995.1600706577301
42	96.85334	3.9082594	100.0	82.0	161.88333	31.950119	15.366154	60.853962	0.28326678	430000	-1.1796753e-08	23.742538	-0.005143493	-2.6750247	0.2704501	0.015835581	0.05620562	8.0	1018.9098298549652
43	95.69474	6.399573	100.0	65.8	169.80702	31.432486	15.380216	62.085865	-1.9649589	440000	1.3659398e-08	33.123608	-0.0045923903	-5.9703784	0.27708927	0.015940098	0.057305735	10.0	1041.9680185317993
44	93.700005	17.442068	100.0	-30.0	173.39285	28.990667	16.542421	62.621452	-35.77722	450000	1.7384687e-08	61.01337	-0.006834665	-27.289825	0.26407573	0.017694019	0.061506152	9.0	1065.3519985675812
45	96.56551	4.8784027	100.0	70.6	169.13792	30.909782	15.258093	59.78248	-9.228234	460000	-3.1044085e-08	30.796598	-0.004770485	-4.185159	0.2620459	0.015730266	0.056405637	12.0	1089.4765937328339
46	96.71228	4.9577894	100.0	73.0	171.50877	29.61399	17.436943	61.30599	-65.97219	470000	-7.450581e-09	46.765354	-0.005377816	-19.850489	0.2666029	0.015668655	0.06350634	13.0	1114.5222172737122
47	96.76206	4.0835176	100.0	79.6	167.31035	31.10705	16.043875	60.59664	-8.328146	480000	3.3372392e-09	28.37406	-0.011095453	-5.338398	0.2642167	0.015189479	0.07380738	66.0	1139.718486070633
48	96.501755	4.7044773	100.0	76.0	170.2807	31.416597	15.216675	62.172886	-0.46853256	490000	-1.1175871e-08	32.338467	-0.007263455	-4.5345464	0.2771461	0.015779994	0.06620661	26.0	1164.8803687095642
49	95.58546	6.1228466	100.0	72.0	176.87273	30.19749	15.552634	61.96943	-13.282821	500000	-1.4901161e-08	35.642822	0.0005123702	-5.52656	0.29535362	0.015917445	0.043704372	3.0	1188.784565448761
50	93.75926	15.12547	100.0	-10.0	178.7963	29.355602	15.540324	62.630062	-2.6930852	510000	-1.4901161e-08	73.50229	-0.002449058	-9.8614855	0.30374715	0.018114343	0.05240524	3.0	1212.4010803699493
51	96.262955	4.282233	100.0	81.4	180.83333	28.024069	15.543654	59.178806	-6.611612	520000	-6.2088173e-10	34.37379	-0.0031615354	-8.923678	0.30596152	0.016233854	0.05220522	6.0	1235.4299356937408
52	95.96728	5.3616505	100.0	70.6	179.18182	29.229195	15.241165	61.06623	-15.67986	530000	-1.2417635e-09	27.234049	-0.006394502	-5.1546693	0.29704693	0.015122611	0.05180518	16.0	1259.4962799549103
53	96.37544	3.9358134	100.0	85.0	172.42105	29.79445	15.576147	62.38348	-6.4422193	540000	1.1796753e-08	20.990046	-0.0042829886	-3.6232011	0.29819462	0.016336571	0.08010802	8.0	1283.4678795337677
54	96.75715	3.9316874	100.0	82.6	173.92857	30.0278	15.838963	61.663906	-9.196889	550000	-8.692344e-09	25.295584	-0.007046126	-3.9500275	0.28048292	0.015344913	0.06190619	17.0	1308.3896679878235
55	96.325005	3.7810738	100.0	84.4	172.25	30.033075	16.433357	62.219685	-36.89986	560000	1.5522042e-08	32.373318	-0.007052151	-11.2284775	0.28512356	0.015764454	0.07240724	11.0	1331.2323338985443
56	94.933334	6.3876038	100.0	70.0	180.83333	28.903543	16.712626	59.86386	-24.144213	570000	-5.2154064e-08	36.67642	-0.005200566	-11.302243	0.27398536	0.01891104	0.061306134	4.0	1355.1809542179108
57	93.52452	8.557837	100.0	59.8	186.4151	28.511843	15.382505	61.087696	-6.0729704	580000	-1.7384687e-08	33.110447	-0.006095233	-9.311633	0.2733083	0.016352965	0.061806176	10.0	1379.215857744217
58	96.13572	4.2602997	100.0	86.8	174.375	28.994465	15.432014	61.849556	-10.226863	590000	2.173086e-08	25.088837	-0.0051967693	-6.5221505	0.26290157	0.015452057	0.062106207	10.0	1404.0840063095093
59	94.91481	5.793688	100.0	70.0	178.37038	29.406593	15.682348	62.37447	-13.285785	600000	-9.934108e-09	26.873423	-0.0066014514	-4.65323	0.27199662	0.016726198	0.070007	13.0	1427.260662317276
60	94.784904	5.9834805	100.0	70.6	181.4151	27.983055	15.974863	61.432564	-7.7183485	610000	-2.2351742e-08	27.07385	-0.0069835223	-4.4075203	0.27130225	0.015691487	0.06050605	11.0	1450.736366033554
61	93.68	16.02782	100.0	-10.0	179.21819	28.2753	15.872152	60.835888	-31.169798	620000	0.0	49.711212	-0.0097042015	-19.5828	0.28777808	0.015406829	0.06250625	11.0	1475.8255474567413
62	95.375	5.9530387	100.0	74.8	173.28572	29.227854	15.898145	61.46679	-9.912737	630000	-1.2417634e-08	23.883284	-0.004772224	-5.530375	0.28215566	0.015923167	0.05490549	9.0	1498.4212110042572
63	96.18545	4.575962	100.0	76.6	176.05455	29.317102	16.095392	62.776222	-46.862595	640000	3.7252903e-09	27.97571	-0.0045132563	-7.338859	0.27704978	0.016050512	0.053205322	6.0	1522.028746843338
64	96.06181	4.6148963	100.0	73.0	176.03636	28.915358	16.466331	61.49907	-32.876057	650000	9.934108e-09	26.120092	-0.006532403	-5.556936	0.2707568	0.015467529	0.06990699	9.0	1546.8420493602753
65	95.854546	5.182271	100.0	75.4	178.5091	29.294958	15.835077	61.35234	-8.710737	660000	5.2774944e-09	27.154943	-0.004895914	-5.334121	0.27762708	0.015259177	0.0540054	6.0	1569.916263103485
66	95.98113	4.812761	100.0	76.6	185.09435	27.942228	16.129408	61.99016	-32.672745	670000	-3.1044085e-08	28.486563	-0.0071162083	-8.255937	0.27032748	0.016248444	0.0690069	10.0	1594.333901643753
67	95.79615	5.7189956	100.0	62.8	188.4423	28.31915	15.816225	60.722332	-18.445957	680000	-5.5879354e-09	28.841278	-0.0083893845	-6.571632	0.27792996	0.0150413	0.07300731	16.0	1618.9262521266937
68	95.251854	7.8322396	100.0	52.0	180.74074	28.564844	15.409719	60.384315	-9.444245	690000	-2.9802322e-08	27.122507	-0.009265508	-6.8382707	0.26368725	0.015921632	0.069106914	19.0	1641.6279208660126
69	94.125	17.05037	100.0	-30.0	174.23215	29.345285	15.712283	61.71759	-8.51248	700000	2.483527e-09	75.20043	-0.008592278	-22.487398	0.25380406	0.01517085	0.06420642	15.0	1665.3623723983765
70	93.63636	15.853148	100.0	-20.0	174.67273	28.786465	16.650887	60.313145	-33.68013	710000	-2.9802322e-08	56.26092	-0.006553346	-22.568811	0.25603905	0.015976926	0.061506152	7.0	1689.52428150177
71	96.6	2.8379254	100.0	89.2	178.21819	28.969746	15.845972	58.7131	-22.522404	720000	1.4901161e-08	21.958405	-0.007226042	-4.3903866	0.24816436	0.015601452	0.06230623	17.0	1713.2920143604279
72	96.74181	3.170242	100.0	88.0	176.05455	29.675583	15.576274	60.79913	-14.162765	730000	-1.7850349e-08	24.536745	-0.005254784	-3.493747	0.25227877	0.015850428	0.06250625	9.0	1737.550241470337
73	95.399994	8.8646	100.0	46.0	180.07547	29.169474	15.94618	61.04821	-19.469728	740000	1.9868216e-08	31.427467	-0.0043381024	-9.429738	0.25533998	0.017291363	0.049304932	5.0	1760.9360265731812
74	96.1963	4.380004	100.0	85.0	177.59259	29.29436	15.466123	61.21117	-11.464619	750000	-2.483527e-09	31.087929	-0.0054919184	-9.238701	0.24263765	0.018017517	0.05720572	5.0	1783.9207231998444
75	95.755554	3.3607028	100.0	82.0	176.38889	29.353144	15.472661	62.247864	-21.184732	760000	3.7252903e-09	24.126291	-0.0045323246	-6.379434	0.25253895	0.015936278	0.06790679	6.0	1807.0989067554474
76	97.44211	3.0671413	100.0	83.2	170.1228	30.403074	15.554866	61.496414	-4.478556	770000	-2.483527e-09	18.326048	-0.0031159178	-3.0913913	0.2553624	0.016068088	0.05680568	7.0	1831.9325151443481
77	96.2	5.4960485	100.0	66.0	175.54546	30.323288	15.96655	62.445953	-27.02541	780000	-2.4835268e-08	25.280977	-0.0075338087	-3.9548187	0.24733065	0.015277279	0.06860685	26.0	1854.525880098343
78	97.01428	4.5735044	100.0	73.0	172.76785	29.107466	16.028477	62.323307	-17.696526	790000	2.2351742e-08	22.450842	-0.0043193605	-4.3478723	0.2473834	0.015602905	0.05780578	6.0	1878.8230800628662
79	96.67273	3.4606075	100.0	88.0	177.03636	29.983355	15.396552	61.155117	-6.142329	800000	1.086543e-08	17.97457	-0.0037694005	-2.1802752	0.25209928	0.015186827	0.07940794	8.0	1901.9236211776733
80	96.4	4.4742503	100.0	74.0	174.4	29.58544	15.782999	62.318253	-16.037048	810000	5.2774944e-09	21.106777	-0.004957433	-2.554012	0.25831726	0.016443957	0.05740574	10.0	1925.1512711048126
81	96.19643	4.251973	100.0	82.0	173.78572	29.630308	15.91128	61.83886	-17.171028	820000	1.4901161e-08	20.340536	-0.005906413	-3.0801127	0.2586161	0.015527177	0.06420642	12.0	1949.234612941742
82	96.36072	3.5483239	100.0	86.0	172.875	29.991243	15.871207	62.208782	-0.57719254	830000	2.1109978e-08	17.83818	-0.008396827	-1.4172869	0.25737274	0.015516274	0.07370737	61.0	1973.6955134868622
83	96.53793	3.8420913	100.0	85.0	171.6207	30.124601	16.015093	62.39332	-10.383253	840000	-1.3659398e-08	15.557193	-0.0052124173	-1.6247886	0.26187506	0.015445228	0.053605363	9.0	1997.5612607002258
84	97.169495	2.963007	100.0	89.8	166.40678	30.855547	15.994377	62.091644	0.78184676	850000	1.7384687e-08	14.735692	-0.0052531357	-1.2613672	0.26145422	0.015108998	0.06340634	15.0	2023.14599442482
85	96.32692	5.1801443	100.0	68.0	184.23077	29.052444	16.508158	62.482983	-5.8270974	860000	-4.967054e-09	31.143198	-0.00452151	-6.7871075	0.25420097	0.0152127305	0.05170517	8.0	2046.4576778411865
86	96.57543	3.728707	100.0	78.0	171.49123	30.235046	15.179195	62.82143	1.7860179	870000	8.071463e-09	21.019018	-0.003939047	-3.0711486	0.25285697	0.01586845	0.04980498	11.0	2069.890923500061
87	96.86786	3.8279574	100.0	83.2	175.41072	29.934855	15.900648	62.644432	-10.714643	880000	-6.208817e-09	22.340555	-0.0051309443	-3.6161354	0.2614691	0.015753323	0.06650665	12.0	2094.530700445175
88	96.685715	2.765052	100.0	92.0	174.78572	30.082655	15.80569	62.863197	-0.30027008	890000	0.0	18.18618	-0.005705109	-3.8678381	0.2670635	0.015089903	0.05130513	14.0	2120.2489054203033
89	94.85284	8.06522	100.0	62.2	185.28302	28.197208	16.609913	62.49579	-16.362482	900000	9.934108e-09	35.83298	-0.0049115927	-10.838429	0.27532947	0.01731176	0.059905987	6.0	2143.6338255405426
90	96.045616	3.4901404	100.0	82.6	172.85965	29.676281	15.454723	60.812798	-6.2320957	910000	1.1175871e-08	21.086214	-0.0032055967	-3.8798342	0.26972517	0.019172922	0.04830483	4.0	2168.3063509464264
91	96.59311	4.6889405	100.0	74.2	170.3793	30.480135	15.545659	62.09641	-6.5621676	920000	-2.483527e-09	18.15341	-0.003527093	-3.6708155	0.2579843	0.015606056	0.05380538	5.0	2192.4964847564697
92	97.13929	3.414867	100.0	82.0	171.46428	30.280508	16.152061	62.37026	0.86057234	930000	-6.3640377e-09	16.569853	-0.0036311883	-2.4504282	0.25745475	0.0162192	0.061606158	12.0	2216.4156577587128
93	96.13703	6.737164	100.0	64.6	180.75926	29.228523	16.237688	62.69049	-10.33757	940000	-2.1109978e-08	28.142311	-0.0057081413	-5.0647235	0.2509993	0.015109236	0.061106104	12.0	2241.5149087905884
94	94.28001	19.960745	100.0	-50.0	176.05455	29.73794	15.288582	62.459484	-3.7044747	950000	2.483527e-09	82.22282	-0.007192997	-36.297363	0.24406756	0.01520814	0.05350535	13.0	2265.920883178711
95	96.44616	5.116131	100.0	76.6	182.09616	27.983364	16.207317	60.329433	-14.932321	960000	-1.3969839e-08	29.793756	-0.006540952	-7.3564553	0.2570738	0.015557204	0.064606465	9.0	2289.988427877426
96	96.060715	5.3333077	100.0	74.0	175.375	29.139534	15.795894	61.200203	-14.853379	970000	3.0656036e-08	31.47846	-0.0057624676	-4.8337703	0.25423408	0.016125467	0.06040604	8.0	2313.6268951892853
97	95.8807	5.200656	100.0	70.0	170.63158	30.15146	15.266257	59.99489	-6.304614	980000	-1.3348957e-08	26.212479	-0.0056785042	-5.657976	0.25679967	0.015168484	0.05340534	12.0	2337.1425762176514
98	96.9	3.6164854	100.0	80.8	169.08621	30.329689	15.720799	61.923836	-11.2722	990000	2.2196522e-08	19.300356	-0.0050378926	-2.8617814	0.2580178	0.01506718	0.050205022	10.0	2360.3186118602753
99	96.36072	5.6646047	100.0	66.4	173.80357	29.8867	16.135935	62.67847	-17.718485	1000000	-1.4901161e-08	23.260706	-0.005952342	-4.496739	0.2570052	0.01632178	0.070007004	11.0	2384.373178958893
100	96.34545	5.742657	100.0	74.8	177.10909	29.413565	16.26781	62.751156	-6.090127	1010000	-8.692344e-09	23.409094	-0.00738618	-3.260479	0.26580477	0.0150271095	0.07130713	24.0	2408.272541284561
101	96.43572	3.3213823	100.0	88.0	173.07143	29.546097	16.553543	61.980316	-21.038874	1020000	-6.907309e-09	30.593248	-0.0047349464	-8.604968	0.2687368	0.0155637385	0.06740674	8.0	2432.7414162158966
102	96.19661	4.9346223	100.0	77.8	165.49153	31.183182	15.377207	62.176895	-3.5862286	1030000	3.3527613e-08	30.2134	-0.0046724905	-4.1123614	0.26592448	0.016911559	0.055005502	7.0	2455.0112488269806
103	96.35517	5.1543145	100.0	76.0	167.24138	30.979105	15.812858	63.815346	-16.23848	1040000	1.9868216e-08	32.101902	-0.0034630771	-5.3476787	0.2873375	0.01602114	0.06820682	7.0	2478.4008741378784
104	94.73448	18.080679	100.0	-40.0	166.18965	30.753233	15.685605	63.50352	-35.42615	1050000	3.973643e-08	63.652557	-0.006746929	-20.380686	0.27280056	0.01636173	0.05510551	10.0	2502.023337364197
105	97.56721	2.9436636	100.0	84.4	161.5082	31.51419	16.258406	61.899048	-25.771303	1060000	1.3969839e-08	26.109411	-0.0033265809	-5.360584	0.25839254	0.016358422	0.05260526	10.0	2527.4204342365265
106	97.10169	3.5032918	100.0	83.2	163.62712	31.913597	15.816559	62.04881	-11.381785	1070000	-2.2351742e-08	22.826284	-0.005442005	-3.2683136	0.26483324	0.015826203	0.06030603	14.0	2550.533327102661
107	96.933334	3.1167648	100.0	91.6	162.33333	32.008774	16.065958	62.838017	-4.452441	1080000	-6.208817e-09	19.80166	-0.005505244	-2.0076225	0.25668755	0.015356366	0.05620562	16.0	2576.2259392738342
108	96.11035	4.9256783	100.0	71.8	167.58621	30.708487	16.258173	62.880947	-23.321676	1090000	1.2417634e-08	26.594894	-0.0033917278	-3.8242939	0.26148167	0.015008288	0.03660366	6.0	2600.177940607071
109	96.40984	4.8562856	100.0	77.2	162.06557	31.400127	15.745144	63.037758	-3.9827776	1100000	4.967054e-09	22.182587	-0.008422274	-2.137849	0.2650598	0.016029634	0.06820682	31.0	2624.6453301906586
110	96.88525	3.7979221	100.0	88.0	161.98361	31.940697	15.392309	62.423748	-6.2497196	1110000	1.4280279e-08	20.139372	-0.004728189	-1.6639938	0.24980289	0.016778678	0.070707075	13.0	2650.0035750865936
111	96.62952	4.6075974	100.0	77.2	162.31148	31.969187	15.711501	63.12774	-6.6073623	1120000	-4.811833e-09	22.691053	-0.0044168844	-2.1638668	0.24622242	0.015350294	0.05330533	12.0	2674.1829376220703
112	97.42667	2.984508	100.0	91.6	160.63333	31.79816	15.806117	62.838776	-14.062162	1130000	8.071463e-09	19.884516	-0.005440882	-1.4997267	0.2454734	0.015380528	0.05470547	15.0	2697.6096367836
113	97.2623	3.2535565	100.0	88.0	162.55737	32.245903	15.628382	63.025826	-4.4028163	1140000	3.228585e-08	22.658503	-0.008157647	-1.7929382	0.2606987	0.015268187	0.06610661	63.0	2722.9935488700867
114	96.125	5.4209337	100.0	73.0	173.51785	30.291132	16.374401	63.00157	-39.282112	1150000	1.2417634e-08	34.482414	-0.008275442	-6.7945747	0.27588692	0.015616962	0.06570657	9.0	2746.6119821071625
115	96.8339	2.764951	100.0	91.6	166.72882	31.263014	15.583686	61.73109	-13.593965	1160000	-1.9247333e-08	26.328985	-0.0065776333	-2.9111016	0.27955303	0.01502534	0.05810581	13.0	2771.3433179855347
116	96.920685	3.1685832	100.0	84.4	167.55173	30.976025	15.809722	62.521572	-23.091345	1170000	-2.2972623e-08	26.49685	-0.007191496	-2.081599	0.2836927	0.0155188255	0.07080708	18.0	2796.105277776718
117	95.96207	6.952693	100.0	48.4	169.08621	30.953999	15.728435	62.303127	-9.235194	1180000	9.623666e-09	29.631735	-0.008594044	-5.9930825	0.2936303	0.015004086	0.06760676	18.0	2821.0301842689514
118	95.91429	5.744421	100.0	68.2	174.48215	29.835732	16.184353	62.42	-27.660908	1190000	-8.071463e-09	30.386269	-0.006684193	-4.8879185	0.29518735	0.015635272	0.07240724	10.0	2846.3374967575073
119	96.60351	5.0770197	100.0	65.2	169.2807	30.187944	16.161535	62.618237	-12.97841	1200000	7.450581e-09	25.369364	-0.006099963	-3.3525136	0.28369626	0.015380965	0.07790779	15.0	2869.287810564041
120	95.077194	14.991542	100.0	-10.0	170.3158	30.386515	16.306784	62.69665	-43.022976	1210000	-2.4835268e-08	65.31732	-0.008852863	-17.138186	0.292271	0.015412774	0.07420742	12.0	2893.4142479896545
121	96.18965	4.9010096	100.0	74.8	167.10345	30.232973	16.052313	60.703003	-8.591593	1220000	7.450581e-09	30.448654	-0.005330549	-7.444349	0.29637727	0.01590461	0.07780778	9.0	2916.714851617813
122	96.22759	4.363398	100.0	80.0	164.10345	30.630993	16.050323	62.01195	-26.492403	1230000	6.208817e-09	34.17365	-0.007909602	-6.461464	0.2918178	0.015270897	0.07140714	17.0	2942.3523740768433
123	96.68276	3.9554477	100.0	80.0	169.08621	30.63424	15.819274	62.45534	-10.007568	1240000	-3.8494665e-08	30.374075	-0.006541459	-4.9656367	0.29959315	0.01503548	0.068906896	21.0	2965.7553555965424
124	96.45263	4.521687	100.0	78.4	170.94737	30.601158	15.524382	62.802338	-7.511373	1250000	-6.45717e-08	28.589157	-0.0032238483	-3.3076198	0.29346398	0.015364605	0.04990499	8.0	2988.701994419098
125	96.85614	3.4173462	100.0	82.6	172.45615	30.447367	15.733507	62.593765	-5.2908154	1260000	-6.2088173e-10	25.793036	-0.0063748322	-2.8433278	0.28788915	0.015013975	0.07360736	18.0	3014.0483610630035
126	96.214035	4.5222044	100.0	70.0	173.0	30.204569	15.851825	62.541977	-2.6019099	1270000	8.537124e-10	29.116247	-0.0050891167	-2.921498	0.29983857	0.015888872	0.0510051	11.0	3037.9134571552277
127	96.056145	4.14877	100.0	80.2	170.8772	30.366695	15.394777	61.69988	-9.149844	1280000	-1.0322158e-08	26.302786	-0.0035419567	-2.9177704	0.29813257	0.016301623	0.08430842	9.0	3063.979094028473
128	95.422226	8.959884	100.0	37.0	177.5	29.581106	15.732056	62.55251	-21.957851	1290000	7.450581e-09	50.665493	-0.006620709	-16.860422	0.28515813	0.015060771	0.07060706	10.0	3087.630117893219
129	96.63158	3.7629383	100.0	84.0	171.17545	30.48285	15.298957	60.689587	-8.280417	1300000	0.0	26.717606	-0.007154344	-2.6805153	0.2826829	0.015086914	0.06310631	22.0	3112.428484916687
130	95.34615	5.9668465	100.0	74.8	185.3077	28.453194	16.631033	62.991745	-21.785086	1310000	-5.0640665e-09	41.995182	-0.0074804034	-10.624558	0.2939106	0.015669445	0.072507255	10.0	3136.6548750400543
131	95.53929	7.36002	100.0	63.4	173.92857	29.210548	15.583754	62.10305	-17.09843	1320000	-6.208817e-09	32.76135	-0.0063991374	-5.9402328	0.28652045	0.015428685	0.07560756	11.0	3161.2058050632477
132	95.57454	6.0404763	100.0	64.0	177.6909	29.456436	16.107523	62.243477	-13.720481	1330000	-4.967054e-09	36.290257	-0.005093424	-4.7996254	0.28694895	0.015887633	0.07550755	7.0	3184.794245481491
133	97.706894	3.0684636	100.0	88.0	167.27586	30.405233	15.391445	61.833603	-7.673656	1340000	-2.3593506e-08	28.511131	-0.0040884027	-4.7232623	0.2859615	0.015646355	0.05070507	9.0	3207.493153333664
134	96.44727	8.9584055	100.0	35.2	170.90909	30.090828	16.161753	62.87678	-32.480278	1350000	-2.483527e-09	50.125507	-0.00823691	-14.141602	0.28552473	0.015334803	0.06430643	11.0	3231.6301114559174
135	95.81091	5.1829677	100.0	74.0	176.54546	30.132332	15.518662	61.240723	-21.55567	1360000	-1.9247333e-08	36.457607	-0.0046557854	-7.466961	0.28271198	0.01556839	0.068006806	7.0	3256.261823415756
136	96.759315	4.9243474	100.0	66.0	166.40678	30.824183	14.905586	61.533253	-9.459568	1370000	-1.7384687e-08	31.977331	-0.005574429	-4.278012	0.2801824	0.015058494	0.06030603	18.0	3281.403106689453
137	94.2109	8.703138	100.0	62.8	177.89091	29.724127	16.164375	62.8555	-12.777805	1380000	-2.142042e-08	47.00651	-0.0053462884	-10.570109	0.2952924	0.016293744	0.06420642	9.0	3304.7258586883545
138	95.077194	5.823456	100.0	74.0	172.9649	29.36189	15.746438	62.67856	-16.776983	1390000	-4.346172e-09	37.603947	-0.005362199	-8.329527	0.29469398	0.016134098	0.072507255	7.0	3329.190234899521
139	96.207016	4.7376013	100.0	70.0	171.73685	29.914059	15.555322	62.02497	-2.7920306	1400000	1.1835557e-08	33.542233	-0.006161708	-6.148417	0.29371503	0.015511961	0.059305932	11.0	3352.644659280777
140	95.13333	4.478461	100.0	80.0	170.24562	30.665648	15.01434	63.408005	-24.36341	1410000	-7.1401396e-09	31.885504	-0.0062422943	-5.1380906	0.28790697	0.015774293	0.05340534	10.0	3377.220797777176
141	95.610344	4.0165906	100.0	80.0	169.55173	30.079512	15.636247	63.232445	-2.9929082	1420000	-3.7252903e-08	27.881643	-0.0055070654	-4.102963	0.28167677	0.015380117	0.06390639	11.0	3402.2606751918793
142	93.962265	9.662303	100.0	56.0	184.22641	29.339342	15.168337	62.02038	-9.1049385	1430000	2.1109978e-08	45.481766	-0.008612716	-11.05392	0.27587882	0.015092512	0.072507255	30.0	3428.3199315071106
143	95.775	5.266344	100.0	68.2	172.76785	28.548462	15.780865	61.604767	-13.761939	1440000	-1.4901161e-08	36.280655	-0.0062251748	-10.146323	0.27650967	0.016548967	0.06570657	9.0	3452.0361371040344
144	93.94138	15.029949	100.0	-10.0	169.39655	30.311089	15.6062975	61.959553	-11.821916	1450000	-4.967054e-09	80.43633	-0.005944827	-20.611555	0.2760141	0.015045869	0.0610061	9.0	3477.027378797531
145	96.82373	3.0264566	100.0	88.0	166.74576	30.733688	15.74016	61.003487	-12.659363	1460000	2.2351742e-08	25.44522	-0.0043696086	-3.6009827	0.2602732	0.0151056275	0.042604256	6.0	3499.7225456237793
146	95.432144	5.7697215	100.0	73.6	177.26785	29.631002	16.272745	63.19156	-16.689758	1470000	0.0	33.465225	-0.010065391	-5.386585	0.26580408	0.015093113	0.08010801	67.0	3526.2860145568848
147	95.43214	5.8312917	100.0	72.4	176.55357	29.307396	15.960693	62.955204	-16.953028	1480000	-2.3593506e-08	32.674202	-0.008057582	-4.9306602	0.26366037	0.01589612	0.06520652	24.0	3551.551435947418
148	97.26552	2.8947968	100.0	88.0	166.72414	30.436167	15.524554	63.103508	-10.7457695	1490000	-7.605801e-09	28.24132	-0.0067636655	-5.1901927	0.2627451	0.01565747	0.06870687	21.0	3574.8675050735474
149	95.49123	4.55902	100.0	72.0	170.61403	30.9097	15.690625	62.963196	-0.6611135	1500000	7.450581e-09	26.836515	-0.005662097	-3.064542	0.25242022	0.015576023	0.06720672	19.0	3599.2511687278748
150	96.18246	4.016856	100.0	82.0	171.85965	30.083532	15.814061	63.08513	-2.8377795	1510000	1.4901161e-08	23.763727	-0.005152445	-1.8811245	0.25446925	0.015230816	0.049304932	10.0	3622.9463510513306
151	96.78621	5.0950775	100.0	64.0	166.22414	30.86677	15.517242	62.872284	-14.121521	1520000	-1.1796753e-08	28.25881	-0.0046266355	-3.5069458	0.2582909	0.015075442	0.052105207	9.0	3646.991597890854
152	95.50371	10.31581	100.0	26.2	175.59259	29.334791	16.441492	63.149033	-26.304947	1530000	1.4901161e-08	45.695007	-0.007188304	-10.323173	0.26070616	0.015046701	0.06260626	12.0	3670.9366176128387
153	96.432144	4.288819	100.0	74.8	174.625	29.608969	15.773316	62.415367	-17.247301	1540000	3.3527613e-08	31.560883	-0.0059798057	-6.1309285	0.26560134	0.015988389	0.071507156	10.0	3695.2795555591583
154	97.35516	3.5655527	100.0	82.0	166.15517	31.10364	15.064604	62.63046	-0.95360446	1550000	9.313226e-09	29.066849	-0.004590081	-5.2106767	0.26174006	0.015160516	0.06170617	10.0	3718.6598987579346
155	94.26786	15.80155	100.0	-10.0	176.21428	29.752	16.984623	64.5856	-27.008436	1560000	2.2351742e-08	48.686703	-0.0058910525	-16.75946	0.27532896	0.016319772	0.05060506	8.0	3742.80113196373
156	96.55357	4.7186546	100.0	73.0	173.5	29.56089	16.586918	62.227856	-24.642204	1570000	4.1599076e-08	33.965786	-0.0078109223	-8.0048895	0.27542213	0.015098755	0.06720672	14.0	3766.0611429214478
157	96.27719	4.6689353	100.0	76.6	173.52632	30.828678	15.255851	63.129307	-18.767153	1580000	1.2417634e-08	34.40278	-0.005004672	-5.343679	0.2752942	0.015331171	0.05440544	8.0	3790.5580010414124
158	95.947365	4.1368732	100.0	82.0	173.94737	30.2521	15.389843	62.27568	-14.103525	1590000	-2.2972623e-08	31.41966	-0.004364786	-3.3855007	0.28047973	0.015469779	0.06360636	10.0	3814.1999061107635
159	91.15862	23.927238	100.0	-10.0	167.32759	30.650398	15.595765	62.39334	-21.619848	1600000	1.1175871e-08	179.03699	-0.0053924713	-34.7786	0.27479663	0.015354128	0.04060406	6.0	3837.5057899951935
160	95.8421	4.046699	100.0	84.0	171.73685	28.288061	16.078941	56.326138	-8.865009	1610000	-2.4214387e-08	60.981476	-0.0037781552	-30.653587	0.2659408	0.015494711	0.053005297	8.0	3862.9539091587067
161	96.940346	3.1540487	100.0	88.0	168.42105	30.05771	15.852335	60.84619	-27.412098	1620000	3.1044085e-08	28.766157	-0.0051982673	-3.6912472	0.2668426	0.015549288	0.06790679	10.0	3886.1660306453705
162	96.824135	3.353861	100.0	88.0	169.06897	30.60675	15.653976	61.405178	-37.038746	1630000	3.7252903e-09	29.357187	-0.0053088446	-4.927269	0.27260664	0.015214185	0.057505753	9.0	3910.055476665497
163	96.64828	3.844802	100.0	80.0	168.05173	30.984104	15.708559	62.44629	-16.923592	1640000	1.1175871e-08	29.996317	-0.0035253998	-3.0205364	0.2688712	0.015088982	0.06210621	6.0	3934.921998977661
164	96.09824	5.580307	100.0	67.6	170.49123	30.368477	16.000164	61.889503	-12.426182	1650000	3.973643e-08	33.767864	-0.0070453496	-3.907674	0.27112028	0.015509974	0.059805978	12.0	3960.155215740204
165	97.063156	3.162757	100.0	88.6	169.10527	30.60691	15.49069	62.45027	-1.1753097	1660000	3.7252903e-09	30.475824	-0.004380061	-4.2561946	0.2736896	0.015349344	0.07510751	9.0	3984.3791210651398
166	95.182144	6.042738	100.0	73.6	174.96428	30.568787	14.969455	61.05044	-11.565382	1670000	-9.313226e-10	35.68394	-0.0059835897	-6.773153	0.262206	0.0150849	0.05370537	10.0	4009.334181547165
167	95.5193	5.2994356	100.0	70.0	170.5614	30.388235	15.045935	61.94509	-10.989706	1680000	1.800557e-08	34.296745	-0.004805039	-4.32962	0.26709512	0.015694154	0.051805183	13.0	4032.777993917465
168	96.807014	3.6834323	100.0	79.0	168.77193	30.932959	14.900476	62.07865	-15.688367	1690000	1.2417635e-09	31.400368	-0.004565133	-4.664907	0.26751515	0.015332885	0.057305735	10.0	4057.3135726451874
169	95.55173	5.4060388	100.0	78.0	168.67241	31.122206	15.341335	61.591248	-5.847235	1700000	-3.228585e-08	28.804293	-0.003830246	-3.77678	0.27812967	0.015098515	0.05130513	7.0	4082.3810827732086
170	96.56333	3.5161517	100.0	82.0	165.41667	31.408342	15.1189165	61.118603	-2.3694403	1710000	7.450581e-09	27.474073	0.0047366493	-2.8432	0.2822425	0.019904125	0.03660366	2.0	4105.84189414978
171	96.03571	5.011146	100.0	70.0	171.85715	30.636297	15.476878	61.49295	-12.615277	1720000	1.6142925e-08	30.74512	-0.0058717155	-4.7442393	0.27440882	0.015812317	0.066506654	11.0	4129.8065533638
172	96.192726	4.3885746	100.0	79.6	176.89091	29.780338	15.351191	59.84827	-11.522585	1730000	1.0554989e-08	26.915443	-0.007216774	-4.3417554	0.27786437	0.0154845705	0.07020702	12.0	4155.330213069916
173	95.90847	5.001874	100.0	74.2	166.77966	30.623251	15.07462	60.427563	-10.503801	1740000	-5.8983762e-08	23.628004	-0.0074203475	-4.0471377	0.27762017	0.015210874	0.069106914	12.0	4179.303101301193
174	96.35862	3.5745769	100.0	84.0	168.7931	31.193165	15.462662	62.48177	-1.8509276	1750000	-1.3659398e-08	28.351799	-0.008170696	-4.0397353	0.28010753	0.015132806	0.06420642	24.0	4202.613765954971
175	97.35334	2.8289852	100.0	89.2	162.23334	31.977636	15.080174	63.02093	1.7485266	1760000	-2.2662183e-08	22.205673	-0.0052225613	-1.6060486	0.27919376	0.016432995	0.0510051	14.0	4226.457993745804
176	95.84364	4.7831054	100.0	77.2	176.36363	30.405441	15.649195	62.264603	-9.496162	1770000	3.4148496e-08	36.408443	-0.0070883185	-6.031998	0.28642294	0.0151918875	0.07380738	13.0	4250.265622138977
177	97.66102	2.3178763	100.0	93.4	161.1017	31.404654	14.993009	61.379276	-17.541494	1780000	2.9802322e-08	29.282618	-0.0036261443	-6.2017226	0.28320026	0.01594787	0.055005502	7.0	4276.601547718048
178	96.37931	4.9674377	100.0	70.6	168.15517	30.99427	16.012608	61.945446	-11.687726	1790000	-4.346172e-09	25.725615	-0.004394751	-4.953595	0.29205742	0.016063986	0.06670667	6.0	4300.761862754822
179	96.90345	3.3577995	100.0	84.4	169.2069	31.098509	15.37926	61.39929	-6.692707	1800000	8.692344e-09	22.434412	-0.004780918	-2.7872899	0.28932604	0.015695559	0.06370637	9.0	4324.350100517273
180	96.14035	4.7315245	100.0	74.0	170.22807	31.285583	15.2132845	61.663357	-18.804203	1810000	1.4280279e-08	29.53572	-0.009384454	-4.1893134	0.27283934	0.015016879	0.06780678	37.0	4349.261681318283
181	96.522804	3.3272412	100.0	88.0	169.52632	30.822569	15.378068	62.59896	-5.23917	1820000	-1.6142925e-08	25.008272	-0.0057665235	-2.8646202	0.27172217	0.016037533	0.059605956	12.0	4372.481194972992
182	95.55357	6.3710275	100.0	65.2	175.89285	29.62052	16.242878	62.687172	-17.935226	1830000	-1.3659398e-08	35.06216	-0.007864158	-9.035577	0.2777474	0.015423822	0.06420642	15.0	4397.006159543991
183	96.6069	3.9693592	100.0	80.8	167.96552	30.870945	15.052864	59.288937	-6.021879	1840000	-1.1796753e-08	27.434526	-0.008223645	-6.163588	0.27079755	0.015508956	0.07950795	37.0	4422.663122177124
184	95.15862	14.213629	100.0	-10.0	165.48276	31.058136	15.537339	62.568462	-16.889004	1850000	-2.483527e-09	74.60071	-0.0061646258	-8.655208	0.27919218	0.015257299	0.049404938	13.0	4446.752136707306
185	96.861015	2.7966702	100.0	91.0	165.1695	30.619595	15.352045	59.187206	-17.84697	1860000	-2.1109978e-08	24.41082	-0.008268417	-7.1416526	0.28061303	0.015463094	0.08590859	42.0	4472.779922962189
186	95.203636	5.2462964	100.0	75.4	176.14546	30.2406	15.67254	60.966255	-6.387331	1870000	0.0	34.11415	-0.0063274	-8.754703	0.2927266	0.017119033	0.06430643	8.0	4499.103326320648
187	95.97932	7.4334464	100.0	56.0	168.1207	30.189539	15.362046	61.649258	-24.382088	1880000	0.0	35.90266	-0.006170828	-9.342362	0.28734738	0.015508925	0.069806986	13.0	4526.584938287735
188	96.57543	3.5570676	100.0	84.4	170.14035	30.578436	15.930745	62.180557	-18.737312	1890000	-1.2417634e-08	23.738825	-0.0044737183	-3.6455739	0.2900428	0.016113726	0.08170817	13.0	4550.320852518082
189	96.203575	3.9017377	100.0	84.0	172.30357	30.195934	15.736941	62.19204	-17.191729	1900000	-3.4769375e-08	25.937378	-0.0038511727	-4.7571373	0.28274578	0.01593349	0.060006004	9.0	4573.842547178268
190	96.37193	4.1907907	100.0	80.0	167.8772	30.407026	15.76952	61.654984	-11.352155	1910000	-2.7415808e-08	24.605743	-0.006816985	-4.2291512	0.27479434	0.015014205	0.066706665	16.0	4598.345675945282
191	95.375435	6.448944	100.0	64.0	171.01755	30.318533	15.638197	61.045574	-11.08674	1920000	3.228585e-08	30.537111	-0.0061163995	-4.64135	0.26087034	0.015998	0.06920692	15.0	4622.501022815704
192	95.64068	5.359077	100.0	76.0	166.98305	31.02676	15.591298	63.09278	-7.085081	1930000	-2.8250119e-08	24.950745	-0.005152115	-3.965997	0.27816856	0.01604476	0.06620663	9.0	4646.231180429459
193	97.03729	3.0040598	100.0	89.2	165.98305	30.681837	15.682345	62.962414	-6.0087833	1940000	1.9868216e-08	23.30176	-0.008337233	-4.1883836	0.27531374	0.01601866	0.07330733	25.0	4671.755172729492
194	96.889656	4.08178	100.0	74.0	167.72414	31.715454	15.286302	61.9901	-5.364029	1950000	-2.3593506e-08	26.010126	-0.0064510764	-3.9196799	0.27985868	0.015615545	0.06050605	14.0	4696.099184751511
195	97.14828	3.6886709	100.0	76.6	168.01724	31.147509	15.513797	61.814064	-9.897074	1960000	-1.2417634e-08	23.022924	-0.0047157267	-5.131583	0.2669812	0.015084821	0.06270627	7.0	4720.110678911209
196	95.67273	5.4124923	100.0	76.6	179.03636	29.533438	16.375061	61.789772	-7.8967886	1970000	2.7163575e-08	32.278904	-0.004893176	-7.765077	0.26784948	0.015911646	0.059305932	7.0	4745.4047865867615
197	95.18246	14.510748	100.0	-10.0	171.80702	29.95872	15.937944	61.407997	-40.858307	1980000	-4.718701e-08	37.01232	-0.008275474	-12.848382	0.27014524	0.016297998	0.06110611	13.0	4768.969213247299
198	96.399994	3.5682817	100.0	84.4	171.73685	30.219908	16.26972	61.844547	-21.085232	1990000	-2.1109978e-08	24.327108	-0.0048402725	-5.316481	0.2585564	0.015530801	0.056705672	9.0	4792.971200466156
199	97.55666	3.4066784	100.0	79.0	161.88333	31.687088	15.253392	62.29965	-7.812935	2000000	-3.4769375e-08	21.898521	-0.004796481	-4.2865996	0.24539487	0.015266567	0.05440544	12.0	4816.148955106735
200	95.72759	4.7018266	100.0	79.0	167.75862	31.632982	15.880775	62.795967	-16.180775	2010000	-3.228585e-08	26.451508	-0.0073730033	-4.70194	0.26143005	0.015449676	0.06660666	15.0	4840.631842374802
201	96.75862	2.7801664	100.0	90.4	165.82759	31.007397	15.5270405	62.320675	-15.805025	2020000	4.40826e-08	17.378874	-0.0060510947	-3.1419485	0.2610932	0.016514758	0.060706068	15.0	4864.432425260544
202	93.44444	17.73052	100.0	-30.0	179.46297	29.15713	17.006855	63.161484	-36.035328	2030000	1.5522042e-08	49.02719	-0.0056209187	-15.567433	0.28263798	0.015753107	0.053305328	8.0	4888.349029779434
203	96.19643	4.266061	100.0	79.0	174.66072	29.956978	15.08567	59.147224	-7.2133555	2040000	1.0554989e-08	29.434072	-0.0076103765	-7.1976376	0.27811643	0.015897896	0.06250625	18.0	4912.198804140091
204	97.37667	2.824911	100.0	83.8	164.98334	30.770847	15.377539	61.784393	-9.571986	2050000	4.672135e-08	21.795492	-0.006972414	-3.9681063	0.28077802	0.016299017	0.07040704	12.0	4936.794541835785
205	94.501755	14.59854	100.0	-10.0	170.21053	30.847363	15.65555	61.69026	-9.032919	2060000	-2.483527e-09	77.136955	-0.005352264	-7.236458	0.28386107	0.016614502	0.083708376	9.0	4961.737433433533
206	96.15438	4.447435	100.0	76.6	172.24562	29.79697	15.447476	59.77478	-17.984913	2070000	4.967054e-09	23.23478	-0.006062763	-6.4618173	0.28663233	0.01521928	0.06790679	10.0	4987.652216911316
207	96.53214	3.2704911	100.0	83.2	172.375	30.185593	15.834	61.51981	-18.371313	2080000	-1.7384687e-08	23.66287	-0.0062880595	-4.8440933	0.27482367	0.015228483	0.06330633	15.0	5011.394985437393
208	94.84074	17.285976	100.0	-30.0	179.62962	29.342602	16.463537	63.03039	-52.02857	2090000	9.934108e-09	40.613316	-0.010995053	-12.576406	0.27778664	0.015125082	0.07190719	20.0	5036.531420469284
209	95.90545	4.900591	100.0	73.6	177.01819	29.622375	15.827896	61.30146	-36.1156	2100000	-1.2417634e-08	33.6747	-0.0060400106	-8.585805	0.2817758	0.015506931	0.057805777	9.0	5059.5657787323
210	95.82456	5.6615753	100.0	64.0	172.66667	30.032469	15.214074	59.818783	-12.374628	2110000	-3.7252903e-09	29.957708	-0.0037782367	-4.2132564	0.27903473	0.017135104	0.05590559	8.0	5082.594915151596
211	96.42857	4.5457087	100.0	76.6	174.625	29.023111	16.36806	62.87186	-24.038012	2120000	-2.483527e-09	28.708239	-0.0056307004	-4.969012	0.28338942	0.017069312	0.06860686	9.0	5107.8068108558655
212	95.58113	5.9347725	100.0	75.4	184.45284	28.527706	16.163446	61.464966	-32.039265	2130000	-2.483527e-09	44.441116	-0.006667947	-11.358706	0.28755042	0.015221399	0.06210621	9.0	5131.140913248062
213	97.18965	2.7365782	100.0	88.0	169.01724	30.859262	14.709987	60.788227	-2.5527515	2140000	3.7252903e-08	24.159761	-0.0056855134	-3.7969563	0.27547634	0.01595383	0.060006004	13.0	5155.182705163956
214	97.489655	2.606933	100.0	89.8	166.72414	31.569847	14.678924	62.491177	-4.3588824	2150000	2.9336661e-08	25.295542	-0.003594869	-3.638462	0.2801408	0.016385997	0.056705672	6.0	5179.517380237579
215	97.36271	3.2382202	100.0	79.6	166.08475	32.203167	14.781292	63.615967	-4.0300503	2160000	1.4901161e-08	23.669716	-0.0047978577	-3.3534973	0.28003374	0.015092739	0.053405344	11.0	5203.221749305725
216	96.07587	4.8961387	100.0	76.0	168.7931	31.063604	15.893874	64.093056	-20.064035	2170000	-2.4524828e-08	31.635107	-0.006934223	-7.957021	0.28125218	0.016120708	0.05440544	13.0	5226.78462934494
217	96.38948	4.535308	100.0	79.6	170.10527	30.40317	15.712729	65.48286	-17.877338	2180000	-5.525847e-08	31.16796	-0.0046128538	-6.2047048	0.2775406	0.0155067695	0.06820682	7.0	5250.188634634018
218	96.78667	4.4633126	100.0	72.0	163.63333	31.61993	15.393376	60.25123	-26.681608	2190000	-2.301143e-08	24.893602	-0.006714865	-5.8429513	0.27772203	0.015400067	0.054005403	12.0	5275.058721065521
219	97.31186	2.9972355	100.0	88.6	166.05084	31.574186	15.540641	65.73735	-4.9123516	2200000	4.1909516e-09	19.169031	-0.0059507457	-2.4710655	0.269916	0.015077124	0.060906094	12.0	5299.023463487625
220	96.03158	7.6564655	100.0	58.0	172.08772	30.635695	15.9170885	65.147156	-8.084855	2210000	1.572577e-08	41.32687	-0.0070991777	-8.726617	0.27580905	0.01636377	0.0670067	8.0	5322.851023674011
221	97.90164	2.4426873	100.0	89.2	160.34427	32.407352	14.845631	65.701065	-4.7046676	2220000	-4.5324366e-08	19.902702	-0.0051148008	-5.5894475	0.28141072	0.015069664	0.07180718	16.0	5346.877629995346
222	97.340004	4.0622325	100.0	77.8	162.88333	32.313675	15.63356	63.68132	-12.866678	2230000	7.450581e-09	23.03482	-0.0039359527	-5.267779	0.27143064	0.015621115	0.05250525	9.0	5370.8174295425415
223	96.18947	7.3114595	100.0	52.6	168.05263	31.318707	15.844954	65.3614	-16.006643	2240000	-1.4901161e-08	31.918844	-0.009122238	-6.903213	0.26713738	0.015572432	0.07480747	32.0	5394.865427017212
224	96.325424	6.143251	100.0	61.0	168.81355	30.835087	15.8670635	65.41312	-13.930139	2250000	-7.450581e-09	26.891607	-0.0033641558	-3.689722	0.27478108	0.017467352	0.05950595	5.0	5418.8594925403595
225	97.03793	3.9101033	100.0	82.0	167.25862	31.286552	15.557941	63.108818	-28.642418	2260000	-2.0489097e-08	27.176437	-0.0061720964	-5.1759953	0.2662036	0.015378174	0.05170517	13.0	5442.491837263107
226	97.22414	3.1731799	100.0	82.0	167.2069	31.222004	15.862395	64.3616	-3.4568431	2270000	1.3504177e-08	24.336119	-0.008542282	-4.0126033	0.27412608	0.015142277	0.076207615	24.0	5467.415629386902
227	97.009995	4.4197173	100.0	78.4	162.78334	31.566963	15.521697	62.808098	-10.162018	2280000	-1.2417634e-08	21.549904	-0.0035484368	-4.21012	0.26964524	0.015307781	0.0660066	7.0	5491.154981374741
228	94.94444	7.715153	100.0	58.0	178.83333	29.678164	16.901896	63.108433	-12.462391	2290000	-2.8560558e-08	34.543373	-0.014001173	-9.623152	0.27466512	0.015349624	0.08710871	77.0	5516.382447481155
229	94.6963	7.374003	100.0	68.8	178.42592	29.020187	15.898955	64.4967	-12.07185	2300000	-1.6763806e-08	39.231434	-0.008480323	-10.565076	0.28160793	0.015008971	0.069806986	12.0	5539.799636125565
230	97.2421	3.5570023	100.0	82.0	165.80702	30.467297	15.157362	64.23948	-9.266256	2310000	-3.0112762e-08	43.838684	-0.0059575834	-13.611005	0.27479303	0.015754206	0.068906896	8.0	5562.189738988876
231	93.78889	10.022155	100.0	58.6	180.87038	28.949337	16.370909	63.97081	-11.948179	2320000	-1.6453365e-08	40.80926	-0.007278269	-12.040211	0.28327787	0.015286167	0.07080708	11.0	5586.458959102631
232	95.489296	8.496967	100.0	53.2	172.51785	28.89033	16.169422	65.54106	-17.047337	2330000	-1.3038516e-08	33.84204	-0.005796075	-7.0737567	0.27951932	0.016337968	0.059805978	8.0	5610.24862241745
233	96.638596	4.821362	100.0	76.0	168.73685	30.535355	15.716967	62.75809	-5.214281	2340000	-1.21071935e-08	24.01999	-0.0064540864	-4.323589	0.2780812	0.016066974	0.06570657	13.0	5635.159537553787
234	94.8	14.653079	100.0	-10.0	174.47273	30.120134	16.24495	63.560696	-27.044048	2350000	-3.4769375e-08	61.56358	-0.0075218272	-30.94755	0.27062598	0.01552098	0.07230723	12.0	5659.115397453308
235	96.47932	5.991942	100.0	62.2	169.75862	30.191093	15.527018	61.83643	-12.722097	2360000	-1.2417634e-08	25.596113	-0.009764737	-6.19877	0.27293685	0.015083135	0.07090709	21.0	5684.187148571014
236	96.7579	4.5058618	100.0	79.6	167.35088	30.659061	16.087685	63.113747	-18.17357	2370000	-3.8494665e-08	24.849085	-0.0063762334	-4.8324723	0.27235797	0.015097839	0.05560556	16.0	5709.072223186493
237	96.42106	4.112742	100.0	78.0	173.70175	30.65719	15.97777	63.765156	-10.501132	2380000	-5.7121117e-08	32.794323	-0.0037483692	-4.7477326	0.26054356	0.015686637	0.06330633	8.0	5733.083457708359
238	97.045616	5.2089014	100.0	63.4	169.3158	30.54285	15.526109	64.187706	-19.894186	2390000	1.2417635e-09	29.07752	-0.0035225134	-5.401142	0.2575153	0.015748722	0.04830483	5.0	5756.627713680267
239	96.95	3.9837382	100.0	76.6	163.91667	31.552782	15.024418	61.82416	-8.604151	2400000	2.4835268e-08	21.93393	-0.005190835	-5.446823	0.25813457	0.015616243	0.0690069	9.0	5780.188390016556
240	97.11	4.431768	100.0	78.4	164.2	31.367086	15.99826	64.29822	-19.106607	2410000	7.1401396e-09	25.202963	-0.007743049	-4.714895	0.24797459	0.015140089	0.06270627	18.0	5804.860612869263
241	95.57543	9.785494	100.0	32.8	172.33333	30.687891	16.251583	64.426865	-9.405265	2420000	-3.1664968e-08	36.14745	-0.006372541	-10.131976	0.24824995	0.016181739	0.059705973	11.0	5830.776663303375
242	95.46071	6.828922	100.0	67.6	172.64285	29.552011	16.53921	64.19362	-12.778613	2430000	8.692344e-09	31.135126	-0.007951227	-7.633177	0.24773858	0.015043127	0.07250725	17.0	5854.200995206833
243	96.17091	6.375683	100.0	62.2	176.09091	29.105955	16.638086	64.57063	-18.320663	2440000	-1.2417634e-08	29.169067	-0.0058355257	-6.894751	0.25123718	0.016733915	0.06120612	10.0	5881.987248659134
244	95.29091	7.439924	100.0	50.0	176.23636	29.72722	15.657848	63.85337	-12.1228485	2450000	0.0	32.420536	-0.008707495	-5.4519024	0.25478122	0.015171211	0.07510751	26.0	5906.545447349548
245	96.03158	6.530983	100.0	67.6	171.82455	29.331718	15.912077	63.62477	-19.002207	2460000	3.7252903e-08	30.005219	-0.006324077	-8.316968	0.2625948	0.015094702	0.062306225	13.0	5931.032282114029
246	95.38546	6.004102	100.0	74.8	178.6909	28.993343	16.428549	63.902466	-20.934084	2470000	-2.0954758e-08	27.869368	-0.0053964457	-4.974455	0.26313648	0.016158123	0.055705573	7.0	5956.023272514343
247	96.6	4.7954006	100.0	71.8	168.89655	29.839191	15.950439	63.02761	-9.624139	2480000	-4.0357313e-09	22.92843	-0.0068601607	-4.7793293	0.25313076	0.015402195	0.054305434	16.0	5980.548858642578
248	96.305084	6.6682506	100.0	55.0	165.9322	31.16091	15.972314	63.12848	-10.470343	2490000	4.4703484e-08	25.336927	-0.0063801655	-5.151773	0.25487778	0.015248217	0.059905995	15.0	6006.738844394684
249	96.87457	5.340589	100.0	65.8	166.9661	31.049213	16.020016	64.35083	-20.70103	2500000	-7.450581e-09	26.607096	-0.006836603	-4.07824	0.2631618	0.015306407	0.07940794	10.0	6030.149791240692
