Epoch	AverageEpRet	StdEpRet	MaxEpRet	MinEpRet	EpLen	AverageVVals	StdVVals	MaxVVals	MinVVals	TotalEnvInteracts	LossPi	LossV	DeltaLossPi	DeltaLossV	Entropy	KL	ClipFrac	StopIter	Time
0	96.76625	4.4975533	100.0	83.2	122.6375	34.67998	18.195389	80.255844	-20.602745	10000	-4.4703484e-08	52.958893	0.00393315	-12.057849	0.23459096	0.02373811	0.06130613	1.0	27.772653102874756
1	96.759995	4.5293655	100.0	84.7	121.075	34.299683	17.971277	80.002975	-16.683094	20000	-3.4769375e-08	60.265797	0.0028507647	-19.27949	0.23898025	0.017986706	0.0380038	1.0	52.0707471370697
2	96.98889	4.3167496	100.0	84.1	119.92593	35.034813	17.937681	82.31395	-17.079075	30000	-4.3151278e-08	46.30295	-0.0010183823	-8.761035	0.23953898	0.017821455	0.04970497	5.0	74.89527201652527
3	96.95926	4.5931716	100.0	82.9	119.54321	35.461246	18.330029	78.451035	1.3173103	40000	0.0	47.1291	-0.006358187	-10.341007	0.22660913	0.0151862325	0.06420642	16.0	98.66350507736206
4	96.1	5.9748178	100.0	75.4	125.792206	35.35765	18.533218	80.095634	-1.9749529	50000	4.656613e-09	55.042233	-0.010012965	-12.962886	0.237377	0.015511642	0.07210721	16.0	123.31662178039551
5	96.665	4.494138	100.0	85.0	120.8	34.55275	18.320717	79.73029	-14.883343	60000	3.4303714e-08	46.374256	-0.008420744	-10.209474	0.23183751	0.015380741	0.061806183	16.0	146.81816053390503
6	97.001274	4.353974	100.0	85.3	121.860756	35.357418	18.417856	79.31586	-3.5276728	70000	1.800557e-08	52.64533	-0.008222263	-10.094924	0.23700018	0.015637957	0.056605663	17.0	170.1133997440338
7	96.895004	4.6890535	100.0	83.2	122.75	34.56966	18.366997	80.4729	-3.4035416	80000	-5.2774944e-09	46.881165	-0.008050608	-8.6090355	0.23076288	0.0155538125	0.06860686	16.0	195.0849645137787
8	96.75062	4.9002423	100.0	82.0	120.8642	34.367172	18.363592	80.14921	0.2276392	90000	-3.1199306e-08	49.02299	-0.007337176	-10.81861	0.23175274	0.01500989	0.063906394	9.0	218.85453701019287
9	96.60875	5.615296	100.0	66.7	123.15	35.484734	18.455107	86.93843	-4.238093	100000	7.450581e-09	57.82948	-0.010889091	-18.066946	0.23722482	0.015192705	0.07660766	27.0	243.09464836120605
10	96.977776	4.4316483	100.0	83.5	121.580246	34.55042	18.189644	79.29161	-4.649753	110000	1.2417635e-09	56.102085	-0.008881403	-13.9005165	0.22745506	0.015172024	0.06190619	20.0	266.06151151657104
11	96.73704	4.7178526	100.0	81.4	121.90124	34.582695	18.002405	78.97679	-14.293529	120000	-1.7151857e-08	51.605427	-0.010817644	-12.19012	0.22181092	0.015075636	0.0690069	30.0	291.44123220443726
12	96.81111	4.8938613	100.0	81.1	120.08642	34.647915	18.304827	79.59021	-10.996692	130000	-2.173086e-08	43.340305	-0.0095212795	-7.10916	0.2219895	0.01535011	0.07480749	20.0	316.511846780777
13	96.76203	4.4663095	100.0	84.1	122.78481	35.292717	18.16952	79.63403	-5.3811054	140000	2.499049e-08	44.436188	-0.008323967	-9.285881	0.23390895	0.015584066	0.0610061	16.0	341.3227653503418
14	96.73164	4.8077345	100.0	81.4	120.81013	35.133434	18.240889	77.35275	-11.588395	150000	5.401671e-08	51.35956	-0.008036186	-12.516694	0.23338723	0.016089829	0.06120612	11.0	363.65772318840027
15	96.680244	4.8927865	100.0	78.1	120.74074	35.152336	18.081554	79.69158	-6.730892	160000	-3.4769375e-08	49.55832	-0.0069644745	-10.722599	0.2303863	0.016000448	0.05620562	9.0	386.1080825328827
16	96.5675	4.984219	100.0	81.4	121.6125	34.88603	18.060392	79.60719	-2.4066727	170000	-1.9247333e-08	57.606983	-0.01226605	-12.345889	0.22237436	0.015299544	0.08670867	64.0	412.79426980018616
17	96.84692	4.5310473	100.0	83.5	120.92593	34.852993	17.890373	79.81023	-3.6156824	180000	3.0733645e-08	52.11835	-0.0074227974	-11.957898	0.2158169	0.0156234875	0.057005703	11.0	438.1907138824463
18	96.71	4.705996	100.0	82.9	121.3	35.126015	18.497662	81.201065	-12.313723	190000	2.4835268e-08	52.84262	-0.009725261	-11.463769	0.2276948	0.015125153	0.063006304	19.0	461.4746673107147
19	96.646255	4.4951344	100.0	83.8	120.3125	35.16553	17.91074	82.65319	-17.811615	200000	-2.0799538e-08	60.485004	-0.0075219	-13.129865	0.23423438	0.0150135355	0.061206117	13.0	487.12446689605713
20	96.31	5.312923	100.0	81.1	120.6375	35.483135	17.970692	79.92529	-1.5550534	210000	1.800557e-08	50.640125	-0.005392635	-14.322373	0.22820967	0.015403584	0.046804678	10.0	510.52874207496643
21	96.491356	4.976791	100.0	82.9	121.16049	34.1254	18.661966	80.10964	-11.838036	220000	-4.384977e-08	49.643097	-0.0056636906	-10.318737	0.23140411	0.015336831	0.055705566	8.0	534.777670621872
22	96.734566	4.851885	100.0	83.2	119.71605	34.869022	18.307356	79.22248	-5.877068	230000	2.7396405e-08	49.38983	-0.0066913334	-9.370964	0.22608964	0.016706357	0.059105914	10.0	557.5473334789276
23	96.330864	5.2219777	100.0	80.0	120.24691	34.539238	18.447523	85.484406	-14.90052	240000	2.173086e-08	61.970123	-0.008706593	-11.476296	0.23014651	0.015853174	0.069806986	15.0	582.1311469078064
24	96.81852	4.875034	100.0	78.1	117.8642	34.92816	18.14284	80.13439	-2.8996172	250000	-5.8983765e-09	47.018826	-0.008199678	-11.06395	0.23114474	0.015198852	0.06790679	13.0	605.6086513996124
25	96.76667	4.4609413	100.0	85.6	118.74074	35.14898	18.260553	80.22063	0.68642724	260000	2.0489097e-08	45.521015	-0.0062051886	-8.095979	0.23014939	0.015220263	0.05890589	9.0	628.8377141952515
26	96.737495	4.4548674	100.0	84.4	121.7125	35.34008	18.058233	79.8482	-6.300305	270000	-1.800557e-08	60.0602	-0.006169082	-13.20565	0.23325296	0.015094009	0.07060706	16.0	652.3129730224609
27	96.75625	4.6284404	100.0	82.3	121.475	34.79967	17.912073	82.044754	0.4821775	280000	-6.3640377e-09	55.517323	-0.004392527	-13.705559	0.23256211	0.015852075	0.05340534	6.0	676.5671017169952
28	96.18272	5.003204	100.0	84.7	120.18519	35.056004	18.297375	84.850945	-13.38177	290000	-3.8494665e-08	56.715576	-0.0053716972	-13.533347	0.22443695	0.0156327	0.064806476	10.0	701.638073682785
29	96.73333	4.7206407	100.0	83.5	117.111115	34.844444	18.092289	79.57972	3.3009334	300000	-6.208817e-09	46.056538	-0.009011229	-7.313063	0.23130262	0.0150231505	0.069906995	28.0	724.8521420955658
30	96.63334	4.7923546	100.0	81.1	121.25926	34.83442	18.197422	78.99205	-19.895107	310000	-1.2417634e-08	58.168766	-0.0072198478	-9.48393	0.21976323	0.015111181	0.06270627	17.0	748.941398859024
31	96.59125	4.749636	100.0	82.3	120.4125	35.03009	17.82534	79.3907	-2.657493	320000	8.692344e-09	55.402874	-0.010327219	-9.645207	0.2310316	0.01540829	0.07740774	31.0	774.4132745265961
32	96.92593	4.3983665	100.0	83.2	118.27161	35.170296	17.579712	79.33963	-0.3995123	330000	-1.21071935e-08	50.68095	-0.006757088	-8.660255	0.23523794	0.015282567	0.06270627	14.0	800.0834908485413
33	97.062965	4.2595553	100.0	85.3	117.580246	35.136234	18.099764	79.757706	2.1792173	340000	4.346172e-09	51.067883	-0.007192059	-9.582199	0.2373814	0.015664333	0.065806575	14.0	822.3246257305145
34	97.075	3.9687686	100.0	85.6	120.175	35.844303	18.077076	78.302	1.0248654	350000	-4.4897508e-08	51.511173	-0.009010279	-10.142446	0.22988866	0.015701754	0.072507255	24.0	845.654464006424
35	96.40371	5.5187545	100.0	79.3	120.28395	35.11146	17.90266	80.67355	-3.4678807	360000	1.9868216e-08	49.719196	-0.007020718	-9.570233	0.2350545	0.016204132	0.062406242	14.0	869.9384725093842
36	96.66296	4.2680683	100.0	83.8	120.69136	34.70671	17.883928	83.40376	-10.432494	370000	-1.9557774e-08	50.079556	-0.0076463358	-9.239455	0.22936821	0.015207854	0.068506844	12.0	894.3094754219055
37	96.755554	4.5426645	100.0	82.9	120.75309	34.882133	17.691122	79.16816	-24.089344	380000	-2.514571e-08	57.205612	-0.0076011685	-12.265889	0.24025239	0.015174252	0.06030603	12.0	918.1962084770203
38	96.29625	5.480224	100.0	74.8	122.8	35.175564	18.017796	79.451775	-14.179389	390000	3.3527613e-08	53.266888	-0.010591902	-13.588336	0.23807275	0.015491925	0.07360736	26.0	942.6716742515564
39	96.42963	5.324702	100.0	75.1	121.580246	34.021732	17.99609	80.092384	-21.165293	400000	2.483527e-09	59.453884	-0.0076495637	-12.01371	0.24228679	0.015078957	0.05920592	15.0	968.0646297931671
40	96.28375	5.343768	100.0	74.8	119.925	35.455402	17.5575	79.81583	-14.385658	410000	3.0112762e-08	57.52654	-0.0052137696	-10.535895	0.23306783	0.015948767	0.06460646	8.0	989.7679901123047
41	96.78025	4.229188	100.0	85.6	118.950615	34.82988	18.037783	79.63595	-8.688407	420000	-5.5879354e-09	48.5927	-0.006800549	-7.6250978	0.23007715	0.015187058	0.06960696	15.0	1013.6774377822876
42	96.29875	5.057902	100.0	84.1	121.25	35.34326	17.72769	81.25753	-2.8309188	430000	-3.0423205e-08	57.53882	-0.008024794	-13.021455	0.22606461	0.0153562175	0.068006806	13.0	1038.362851858139
43	96.04683	4.9880323	100.0	81.7	123.31645	35.53495	18.188461	84.346535	-19.842485	440000	-9.934108e-09	63.458973	-0.0055253976	-12.552793	0.24700792	0.015004625	0.07040704	8.0	1062.6171112060547
44	96.21875	5.394745	100.0	79.3	121.9	34.753834	17.654575	80.7563	-3.6680593	450000	-1.8238401e-08	56.66138	-0.0008019141	-11.418424	0.239811	0.018376919	0.03360336	3.0	1086.0047175884247
45	96.28889	5.4251356	100.0	77.2	120.81481	34.562943	17.698408	80.36378	-24.383236	460000	-3.632158e-08	51.25023	-0.0056550405	-9.512139	0.22982486	0.015339141	0.057905793	10.0	1109.2862310409546
46	96.010254	5.2502646	100.0	78.7	125.74359	35.653606	17.98881	79.1231	-7.4668546	470000	-2.173086e-08	59.65434	-0.006490711	-12.144773	0.24069047	0.015676854	0.056305632	10.0	1133.9140937328339
47	96.09359	5.0384765	100.0	82.3	125.76923	34.666866	17.72671	80.617874	-11.126036	480000	1.1796753e-08	64.17925	-0.0070539364	-11.773811	0.2441601	0.015345135	0.07910791	10.0	1157.0369877815247
48	96.464554	4.8811197	100.0	79.0	123.74683	34.761253	17.260633	78.285225	-6.904404	490000	-7.450581e-09	64.46102	-0.011201677	-15.115208	0.2416616	0.015091446	0.068506844	30.0	1180.2934765815735
49	96.88125	4.816329	100.0	81.1	120.2875	35.223164	17.856348	80.91492	-16.471935	500000	1.9868216e-08	58.316868	-0.0059199706	-12.884891	0.24181974	0.015514103	0.05190519	7.0	1203.8875346183777
50	96.3367	5.341482	100.0	76.3	124.49367	35.5885	17.650465	81.42912	-15.694403	510000	-3.4148496e-08	59.955097	-0.005798083	-13.43267	0.25109714	0.015218708	0.046004597	7.0	1227.6068902015686
51	96.52374	4.815502	100.0	77.5	123.6625	34.901054	17.70835	80.13849	-3.7891116	520000	1.6142925e-08	61.240067	-0.0050173583	-14.272846	0.24399519	0.016340353	0.056605663	6.0	1250.4432759284973
52	96.27088	5.180957	100.0	75.0	124.822784	34.63173	17.873192	81.677895	-25.735134	530000	7.450581e-09	71.23368	-0.0076824888	-15.089195	0.24163936	0.015376073	0.0780078	13.0	1274.7344455718994
53	96.034996	7.206162	100.0	48.0	122.05	35.04971	17.632599	81.08298	-6.4518337	540000	1.4280279e-08	69.6271	-0.009555961	-16.512827	0.24283229	0.0150950225	0.07270727	13.0	1298.8749451637268
54	96.81358	4.2633014	100.0	85.0	119.44444	35.10882	17.620888	80.87346	-12.914789	550000	-9.313226e-09	59.942036	-0.008068915	-12.411094	0.24822442	0.016303265	0.08090809	17.0	1323.204023361206
55	96.730385	4.3601284	100.0	82.0	122.46835	35.839504	17.71752	81.66181	-1.8789598	560000	-1.0554989e-08	57.049164	-0.008243208	-9.296292	0.24416627	0.015374668	0.07260726	17.0	1346.2099785804749
56	96.33	5.2164497	100.0	76.0	122.0375	34.834053	18.065065	80.9665	-6.5094843	570000	5.5879354e-09	56.623524	-0.008238888	-14.80367	0.25359395	0.016082635	0.06350634	13.0	1370.979376077652
57	96.82	4.1374025	100.0	85.9	119.2125	35.179543	18.158375	81.33113	-7.3019576	580000	7.450581e-09	58.593525	-0.011638999	-11.98788	0.23892371	0.015248486	0.08230823	35.0	1395.1887850761414
58	96.52	4.5096397	100.0	82.9	121.05	35.261787	17.944159	81.756966	-3.4627833	590000	-4.2219956e-08	61.764027	-0.01019708	-15.708392	0.24264133	0.015091521	0.0650065	23.0	1419.8387534618378
59	96.60249	4.5356355	100.0	82.3	123.275	34.73821	17.348791	80.90585	-10.015774	600000	2.4214387e-08	72.35721	-0.008487436	-18.642363	0.2404785	0.01616331	0.07580758	12.0	1442.6696047782898
60	97.16172	4.0370374	100.0	85.6	119.55556	35.319107	17.66129	81.328636	-9.066834	610000	1.3193737e-08	61.96117	-0.010010061	-12.968486	0.24424337	0.015561327	0.07670767	18.0	1467.277821779251
61	94.071236	14.371294	100.0	-20.0	135.64383	34.552	18.55342	85.769775	-29.23264	620000	7.450581e-09	138.14641	-0.0056560063	-62.783432	0.26377988	0.018247131	0.040804077	4.0	1490.2890298366547
62	96.75432	4.3466477	100.0	83.0	120.30864	33.9204	17.27402	74.08525	-36.60162	630000	1.3348957e-08	63.684933	-0.009902567	-15.650832	0.23059005	0.015111773	0.069806986	26.0	1515.327993631363
63	97.091354	4.1773105	100.0	84.4	119.92593	34.589832	18.153223	81.08734	-10.194605	640000	-4.377216e-08	51.140865	-0.007959613	-12.006864	0.23579596	0.01562848	0.054805476	12.0	1538.803120136261
64	97.141975	4.335893	100.0	83.5	119.74074	34.959507	18.468508	81.78432	-13.411433	650000	-1.3659398e-08	52.42326	-0.009438081	-10.281193	0.23888499	0.01526102	0.077707775	21.0	1563.11781167984
65	96.94321	4.477321	100.0	79.9	120.012344	35.156292	18.438591	82.02423	-10.878009	660000	-2.2351742e-08	52.07187	-0.007924907	-11.549712	0.24527363	0.0160633	0.06950695	14.0	1586.589246749878
66	97.17407	4.118126	100.0	85.9	118.24691	34.77881	18.30205	80.927086	-10.3211	670000	1.21071935e-08	55.360897	-0.006656579	-11.376216	0.23552364	0.01552746	0.056305632	12.0	1609.7708671092987
67	96.56923	4.548353	100.0	84.7	125.53846	34.363155	19.982784	82.04193	-39.171486	680000	-4.1909516e-08	67.615944	-0.0079456465	-26.106682	0.2611306	0.015061423	0.061606158	8.0	1632.888382434845
68	96.394806	5.2885294	100.0	69.1	128.25974	33.955067	17.959414	75.44702	-36.01113	690000	1.7384687e-08	69.10621	-0.008201121	-17.057173	0.25807866	0.015689077	0.060206022	11.0	1657.162781715393
69	94.982056	13.864202	100.0	-20.0	125.80769	34.405045	18.391045	77.24529	-20.092545	700000	2.483527e-09	106.28878	-0.0066233855	-36.01822	0.2529093	0.016564988	0.0580058	8.0	1682.4895174503326
70	96.813576	4.667242	100.0	82.9	119.666664	34.4877	18.416578	78.109695	-19.918703	710000	-4.998098e-08	52.729595	-0.010473438	-11.287858	0.24040087	0.015573456	0.066706665	25.0	1707.025384902954
71	96.8275	4.4645543	100.0	84.1	119.425	35.663486	18.257055	79.91235	-13.808339	720000	1.4901161e-08	53.74754	-0.0065473323	-12.105485	0.2559843	0.015716642	0.06140614	9.0	1729.6009135246277
72	96.534996	5.1224284	100.0	75.4	122.0125	35.469223	18.556728	80.10429	-25.570467	730000	-1.3038516e-08	56.219677	-0.011402194	-12.273238	0.2529507	0.015220143	0.07410741	23.0	1753.3356988430023
73	97.2642	3.9819126	100.0	85.6	118.07407	35.013767	17.856644	80.31574	-1.0136498	740000	-3.7252903e-09	49.53982	-0.008268231	-10.59834	0.24269956	0.015229426	0.06410641	13.0	1780.2088460922241
74	95.04556	16.032877	100.0	-40.0	122.379745	35.017296	19.024147	82.9369	-40.155624	750000	9.934108e-09	97.165	-0.0061267107	-33.72644	0.24502517	0.0152716115	0.045704573	5.0	1802.1380941867828
75	96.50389	5.2028823	100.0	74.5	124.51948	33.716827	19.576637	76.64656	-45.597294	760000	1.5832484e-08	77.34676	-0.0079633	-28.399542	0.2533175	0.01720331	0.06270627	7.0	1825.0839457511902
76	97.08889	4.208838	100.0	85.9	119.37037	34.535774	18.229366	77.76776	-15.6039	770000	1.4590721e-08	55.589443	-0.00880998	-13.741447	0.23903628	0.016177883	0.07120713	15.0	1849.168198108673
77	96.531654	4.4166126	100.0	84.4	121.974686	35.234844	18.721815	80.19718	-13.941764	780000	5.820766e-09	61.179356	-0.008400153	-15.6133585	0.23840326	0.0160309	0.06280628	13.0	1873.796788930893
78	96.30641	5.1743283	100.0	79.0	126.166664	34.34158	18.33893	84.44225	-21.087172	790000	-1.5522043e-09	67.74171	-0.006799431	-17.569628	0.24050863	0.01571769	0.057805777	9.0	1896.982234954834
79	96.52179	4.6962247	100.0	84.7	124.833336	34.503204	17.829763	79.18179	-10.690943	800000	-2.5456151e-08	67.651054	-0.008472552	-14.953191	0.23765211	0.015477545	0.06040604	12.0	1919.429928779602
80	96.86667	4.500809	100.0	84.1	118.96296	34.879086	17.938993	81.23102	-9.777657	810000	1.7384687e-08	54.50401	-0.0068711317	-15.593034	0.22962974	0.015425946	0.056705672	9.0	1942.9716119766235
81	96.90371	4.7081084	100.0	77.8	119.34568	35.094334	18.585144	78.46038	-16.99806	820000	3.259629e-09	50.793285	-0.006316405	-12.388152	0.231155	0.016553119	0.05770577	8.0	1966.2391004562378
82	97.1395	4.2047496	100.0	83.5	119.17284	34.99885	18.451113	81.79093	-19.817656	830000	-1.8626451e-09	49.307354	-0.0077558476	-11.998722	0.23372406	0.015815115	0.052105214	11.0	1990.0956196784973
83	96.26875	5.3865943	100.0	74.0	121.675	34.81733	18.572983	79.25501	-20.707245	840000	-3.1044085e-09	55.485943	-0.008653809	-10.773845	0.23773795	0.01533866	0.06440643	14.0	2015.0517373085022
84	96.4875	5.0286527	100.0	75.7	122.725	34.692963	18.636053	80.019684	-17.41243	850000	-6.829699e-09	57.00475	-0.00903076	-14.129296	0.23477972	0.01506352	0.0660066	13.0	2038.2272970676422
85	96.96543	4.859283	100.0	75.4	117.28395	35.42343	18.27118	79.76204	-8.169206	860000	-1.5832484e-08	51.627132	-0.0064536235	-11.961403	0.2340033	0.015609535	0.05810581	8.0	2063.083980321884
86	96.12763	5.1436877	100.0	80.5	128.78947	34.13562	18.404686	80.64452	-21.823355	870000	1.3038516e-08	70.43332	-0.009095683	-19.995974	0.25444806	0.015586904	0.05740574	10.0	2085.431396961212
87	96.987656	4.5151978	100.0	76.9	120.40741	34.349804	17.916365	80.17439	-7.5640306	880000	1.6763806e-08	56.76182	-0.007624692	-13.411092	0.2270508	0.015535347	0.06110611	12.0	2109.9296102523804
88	97.245674	3.7944093	100.0	85.9	117.61729	34.928604	18.5628	79.789955	-2.9437156	890000	-4.346172e-09	49.395832	-0.0060120914	-12.344428	0.23070078	0.015396115	0.05670567	10.0	2132.783445119858
89	96.82875	4.5191035	100.0	76.0	121.9	35.3837	18.45862	84.15844	-30.225965	900000	1.6142925e-08	53.230316	-0.0088927755	-12.154556	0.2280515	0.015424564	0.058805883	15.0	2156.216774225235
90	96.987656	4.465709	100.0	83.8	117.888885	34.673725	18.250395	81.56102	-6.046374	910000	9.934108e-09	44.233295	-0.009776664	-9.749828	0.22952545	0.015237428	0.06570657	23.0	2180.18718957901
91	95.587654	13.599123	100.0	-20.0	119.96296	35.03237	18.810617	82.08592	-26.700073	920000	-6.2088173e-10	102.41682	-0.007341752	-42.868618	0.23701596	0.015364473	0.059305932	11.0	2205.728681087494
92	95.4375	13.722786	100.0	-20.0	120.2	34.262432	19.304192	76.548615	-48.752506	930000	1.8626451e-08	76.32799	-0.0098120645	-23.621658	0.22926247	0.015441932	0.06880689	16.0	2230.4696815013885
93	97.14938	4.3047814	100.0	85.9	117.8642	35.166595	17.893251	77.86643	-7.7591267	940000	4.8142588e-09	54.179432	-0.00680408	-13.916893	0.23218657	0.015586861	0.057605762	10.0	2252.444928884506
94	96.9926	4.5128016	100.0	78.7	117.950615	35.30754	18.465574	82.560425	-29.29764	950000	-1.8626451e-09	50.545547	-0.008740039	-12.2217865	0.232183	0.01546028	0.06280628	14.0	2276.9069843292236
95	96.67125	5.1132226	100.0	79.0	118.1125	35.573032	18.153122	81.85579	-14.772116	960000	-5.5879354e-09	47.616516	-0.0075499285	-8.138757	0.24196197	0.015368783	0.06060606	12.0	2300.883315563202
96	96.7	4.58194	100.0	80.2	121.51899	35.473763	18.41645	81.4518	-7.6696825	970000	1.3038516e-08	62.331287	-0.0068349056	-13.287166	0.24563427	0.015581126	0.065706566	8.0	2324.6540632247925
97	96.187004	6.040326	100.0	58.9	123.92208	34.701458	18.306944	75.886444	-10.93568	980000	6.829699e-09	71.82022	-0.0072323014	-18.695343	0.25351974	0.017059667	0.06850685	7.0	2347.361055612564
98	96.541245	5.634885	100.0	63.7	121.8375	34.652267	17.572609	77.39554	-18.235586	990000	8.071463e-09	62.426014	-0.0076850336	-11.79017	0.24458659	0.015950343	0.059305932	11.0	2371.193694591522
99	97.011116	4.02618	100.0	85.3	121.1358	34.920574	17.668926	78.50247	-29.380875	1000000	4.346172e-09	58.027203	-0.007802268	-13.909509	0.23291321	0.01574026	0.063006304	11.0	2394.758811712265
100	96.725	5.4256907	100.0	67.3	122.1375	35.493275	17.918316	76.1047	-16.882183	1010000	6.829699e-09	59.16567	-0.012196838	-13.495445	0.22625466	0.01512044	0.07280728	28.0	2418.8663885593414
101	96.34625	6.0406938	100.0	67.9	122.4625	34.898014	17.974531	77.61316	-19.28639	1020000	1.2417635e-09	57.83018	-0.009026962	-16.963926	0.23255236	0.015035142	0.052405242	11.0	2440.5252890586853
102	97.1225	4.4662614	100.0	85.3	120.0375	34.94722	18.396326	78.76646	-38.353462	1030000	3.5700698e-09	61.89511	-0.008046686	-17.817694	0.2431684	0.015327455	0.06330633	12.0	2464.563101530075
103	96.08205	6.400495	100.0	61.6	125.60256	35.296597	18.228224	77.345566	-6.4723716	1040000	3.7252903e-09	75.69068	-0.008086608	-19.455374	0.26511595	0.016013075	0.076907694	9.0	2488.432277441025
104	96.378746	5.0808134	100.0	79.9	121.4125	35.0256	17.620705	78.35178	-15.903454	1050000	-4.346172e-09	60.74792	-0.0059248456	-15.712455	0.24436913	0.015472879	0.05850585	8.0	2511.1377696990967
105	96.765	4.7769265	100.0	80.2	121.9625	34.96611	17.846165	77.85479	-6.6247826	1060000	-2.6077032e-08	61.485577	-0.0081848325	-15.305256	0.25908777	0.017210646	0.07450745	18.0	2535.460943698883
106	96.7605	4.6680074	100.0	82.0	119.14815	34.788258	17.922764	81.00087	-23.839386	1070000	4.284084e-08	58.931824	-0.0055273683	-15.438277	0.25577495	0.01506193	0.05070507	7.0	2557.989389181137
107	96.39375	4.7626495	100.0	79.3	121.2625	35.429367	18.106306	76.37202	-15.414913	1080000	1.831601e-08	62.4247	-0.0050035105	-13.458074	0.2537593	0.017243238	0.07820782	11.0	2581.2080538272858
108	96.46999	5.690835	100.0	71.2	121.7	34.672897	17.359177	77.164085	-8.936324	1090000	-2.2972623e-08	62.449528	-0.00524893	-16.088999	0.2558299	0.017901583	0.07280728	10.0	2605.173282146454
109	96.886246	3.85891	100.0	85.9	122.825	34.63803	17.671741	80.096	-9.386554	1100000	-1.8626451e-08	62.553715	-0.010218204	-14.08484	0.250887	0.015274402	0.06920692	21.0	2630.8377089500427
110	96.7481	4.0093203	100.0	85.9	123.974686	35.051506	17.836294	80.1467	-7.178057	1110000	-1.4280279e-08	65.38672	-0.009676886	-13.576476	0.2530094	0.015594703	0.07810781	19.0	2655.6058423519135
111	96.76666	4.304577	100.0	84.1	122.18519	34.3556	17.939985	81.21397	-6.515665	1120000	-6.15449e-08	53.347595	-0.0075252545	-9.342072	0.24149144	0.01598695	0.07280728	17.0	2679.170955181122
112	96.2	5.421056	100.0	76.3	125.06329	34.062634	18.23905	81.9603	-33.532013	1130000	7.450581e-09	66.744194	-0.007708844	-18.010513	0.25105566	0.015343495	0.06370637	11.0	2703.2152338027954
113	96.11039	4.7117033	100.0	82.9	124.19481	34.55683	18.230078	84.134186	-11.077122	1140000	-8.381903e-09	67.14899	-0.0074183107	-15.218623	0.25266019	0.015249294	0.06190619	12.0	2725.8462147712708
114	96.71126	4.6348405	100.0	81.4	119.5625	34.59053	17.77658	79.973335	-0.693089	1150000	1.2417635e-09	64.03382	-0.00946644	-17.340986	0.25671878	0.0151855005	0.06760677	18.0	2750.0316615104675
115	96.30875	4.59794	100.0	82.0	122.8375	34.89026	17.799324	83.06636	-4.2852516	1160000	6.829699e-09	61.38628	-0.00828953	-14.647931	0.24493903	0.015287578	0.06290629	12.0	2773.9259703159332
116	96.24875	5.235886	100.0	68.2	123.0625	34.160503	17.919985	79.94672	-8.991976	1170000	-1.7384687e-08	58.491222	-0.008175337	-11.135182	0.24567688	0.015225388	0.07790779	14.0	2797.8983681201935
117	96.15714	4.457517	100.0	84.4	125.49351	34.8408	18.155018	87.067665	-24.565432	1180000	1.2417634e-08	60.78606	-0.011872782	-14.615101	0.2593108	0.015125115	0.0720072	31.0	2821.329320669174
118	96.346245	4.5378666	100.0	82.3	121.0	34.235527	18.011715	82.365265	-5.353103	1190000	-3.678724e-08	63.01502	-0.012644696	-12.440619	0.25260445	0.0151146725	0.07770777	58.0	2847.3748960494995
119	96.61125	4.1788754	100.0	83.2	121.5625	34.869827	17.740843	80.41449	-0.27212167	1200000	1.2417634e-08	58.809704	-0.007871574	-12.559533	0.25640276	0.016047077	0.06270627	11.0	2871.372913837433
120	95.346054	5.6527686	100.0	77.8	129.21053	34.802753	18.307915	89.72065	-15.154329	1210000	-2.3826336e-08	79.23075	-0.0073965224	-19.104216	0.27906594	0.015958883	0.07150715	8.0	2895.319470643997
121	95.77105	5.1230855	100.0	77.8	128.51315	33.83434	17.767735	80.92609	-8.9367485	1220000	-6.208817e-09	68.67258	-0.008127444	-13.778415	0.26415613	0.0150794685	0.075307526	13.0	2917.673492670059
122	96.02693	4.775409	100.0	83.2	124.20513	33.995148	18.026339	81.44977	-3.637255	1230000	7.450581e-09	64.7517	-0.010195994	-15.685905	0.2670536	0.015001102	0.08280828	19.0	2940.797568798065
123	95.8	5.6098833	100.0	77.5	129.64473	33.94939	18.035866	81.06829	-8.896136	1240000	-1.4629525e-08	63.96085	-0.007962175	-15.08353	0.25976548	0.015056959	0.07760776	12.0	2965.3801770210266
124	96.39125	5.0854497	100.0	74.5	122.1	33.878506	18.10119	79.849556	-15.160534	1250000	-1.9868216e-08	67.516106	-0.008387323	-19.03548	0.25245777	0.017514883	0.07970797	13.0	2990.6804535388947
125	96.39367	5.203221	100.0	77.2	122.22785	35.29728	18.606989	83.40899	-11.3594055	1260000	6.208817e-09	62.67076	-0.012781407	-13.962376	0.25438347	0.015226349	0.0780078	44.0	3014.80437541008
126	96.462814	4.370798	100.0	83.2	125.02564	34.88321	17.853312	81.09092	0.14691472	1270000	6.2088173e-10	62.735764	-0.009366061	-13.121606	0.25531384	0.015384744	0.06490649	21.0	3038.2578177452087
127	96.3026	5.106425	100.0	79.9	125.93507	34.431934	18.227097	80.840294	-16.700712	1280000	7.450581e-09	60.948574	-0.011363562	-13.515708	0.2652522	0.015708849	0.08520851	25.0	3062.5547935962677
128	96.048096	5.157908	100.0	78.7	124.24051	34.623028	18.16836	80.10644	-10.120502	1290000	7.450581e-09	70.47047	-0.007605267	-15.274982	0.2581821	0.016592154	0.05850585	8.0	3087.734905719757
129	96.55062	4.4662	100.0	85.3	121.46914	33.996235	17.238815	79.52078	0.37551653	1300000	3.601114e-08	64.10871	-0.0113043105	-14.525818	0.24966739	0.015045735	0.08130813	37.0	3112.7890195846558
130	96.458755	4.5819397	100.0	80.2	120.7125	35.134884	17.947226	79.68224	-11.765325	1310000	2.3593506e-08	61.472553	-0.014378053	-14.898667	0.25496742	0.015432601	0.09470946	69.0	3137.340515613556
131	96.29	4.829146	100.0	80.2	121.9125	34.692844	17.817165	80.11881	-7.659809	1320000	3.663202e-08	57.758713	-0.010221604	-10.682682	0.25722697	0.015533935	0.076107614	26.0	3160.671366453171
132	96.655	4.5250106	100.0	83.5	122.2125	34.596043	18.029783	80.267166	-1.7788543	1330000	2.7474016e-08	64.6559	-0.008423745	-10.6259575	0.25779054	0.015786266	0.06680668	19.0	3185.1251182556152
133	96.04937	4.939581	100.0	76.0	122.822784	35.12662	17.73853	80.58179	-13.234846	1340000	-4.346172e-09	61.49634	-0.010649213	-14.623752	0.27164212	0.015874458	0.08550855	23.0	3209.054626226425
134	96.2595	4.847928	100.0	78.4	122.341774	35.12662	17.683676	81.485275	-8.272454	1350000	-3.1044085e-08	65.91071	-0.009735611	-14.137138	0.2663854	0.015999487	0.063906394	13.0	3232.5177109241486
135	96.33125	5.3560386	100.0	70.6	121.0875	34.97732	17.90679	81.1807	-18.148737	1360000	6.2088173e-10	64.323494	-0.00826615	-12.870454	0.27106565	0.016251327	0.06360636	11.0	3255.841383934021
136	96.20886	4.698995	100.0	82.6	124.31645	34.746044	18.288036	85.90754	-26.153498	1370000	-8.071463e-09	62.86604	-0.009893713	-14.579399	0.26719642	0.015069074	0.087208726	18.0	3278.7345492839813
137	96.75926	4.875607	100.0	72.4	120.07407	34.51026	18.188568	81.14034	-18.383587	1380000	5.4637592e-08	59.700787	-0.011808445	-11.958665	0.26303947	0.015030469	0.07860786	23.0	3304.1584026813507
138	96.46753	4.3285356	100.0	82.9	127.92208	35.305878	17.892616	80.820335	-0.8894241	1390000	2.537854e-08	68.69474	-0.012615618	-16.306288	0.27998438	0.015418619	0.08680868	22.0	3328.1608164310455
139	96.705	4.301363	100.0	78.4	123.1375	35.343224	17.361513	83.49078	-15.488592	1400000	-2.9336661e-08	58.51422	-0.0074177845	-14.547658	0.26674154	0.015266892	0.07790779	12.0	3351.8840777873993
140	96.79873	4.3765907	100.0	82.9	122.88608	35.60422	17.530607	81.39107	-10.977285	1410000	1.4901161e-08	66.59272	-0.008954673	-14.907895	0.26118648	0.015114603	0.0679068	17.0	3374.5103993415833
141	96.69494	4.4343853	100.0	82.0	121.48101	35.521385	17.637878	80.574554	-2.7233272	1420000	-1.2417635e-09	63.150177	-0.009560983	-12.541881	0.2687727	0.016137198	0.08240824	21.0	3400.268468141556
142	96.08717	5.4533296	100.0	70.9	125.24359	35.212494	17.662199	79.03237	-7.43795	1430000	1.3659398e-08	64.93043	-0.0099220835	-12.907516	0.25869352	0.015054149	0.0650065	16.0	3424.426174402237
143	96.32532	4.8934846	100.0	81.7	123.544304	34.641216	17.646166	80.63647	-18.909042	1440000	-2.4524828e-08	65.97942	-0.007193044	-14.067666	0.26169506	0.016556457	0.068506844	7.0	3448.413399219513
144	96.80625	4.6152825	100.0	83.2	121.9	34.91303	17.373169	83.27198	-3.5856895	1450000	8.925174e-09	67.487724	-0.007843736	-12.860512	0.25438437	0.01518441	0.0710071	14.0	3471.253472805023
145	96.4675	5.115144	100.0	75.4	123.025	35.158634	17.571012	78.3738	-5.650772	1460000	1.9868216e-08	60.06056	-0.0092885895	-10.887666	0.25650215	0.015172697	0.07590759	13.0	3494.636504173279
146	96.761246	4.6009374	100.0	81.4	119.8625	35.40023	17.678547	83.07531	-7.7126346	1470000	-6.208817e-09	56.5613	-0.010150959	-10.037018	0.25237072	0.015755236	0.081308134	22.0	3519.24370265007
147	95.232056	6.733622	100.0	63.7	126.23077	35.031563	18.103247	83.65502	-12.426823	1480000	-4.4703484e-08	77.38119	-0.008324861	-21.716665	0.2607976	0.015091126	0.07410741	12.0	3543.192352771759
148	96.277214	5.273289	100.0	78.1	122.98734	34.66845	17.458416	79.8525	-12.173811	1490000	-3.228585e-08	61.722492	-0.0077347006	-15.593354	0.24835826	0.015119507	0.05920592	12.0	3567.8797562122345
149	96.151245	5.363535	100.0	79.6	121.425	34.595516	18.06878	80.46299	-3.3345928	1500000	-6.5968684e-09	65.83902	-0.009186421	-11.544598	0.24672009	0.015636759	0.07410741	14.0	3592.642528295517
150	96.59375	4.90679	100.0	83.5	120.9	34.829712	17.856064	81.30899	0.43796813	1510000	-2.173086e-08	64.349174	-0.012517245	-15.969933	0.25160336	0.015278296	0.07990799	25.0	3615.934843301773
151	96.50124	4.8453717	100.0	76.6	122.5375	34.95905	18.428297	80.813194	-19.513302	1520000	1.9247333e-08	57.919468	-0.008905592	-13.4089365	0.24923146	0.01532384	0.06860686	15.0	3641.6131076812744
152	97.24304	3.7290409	100.0	87.7	122.455696	35.2198	18.331297	78.68131	-14.531327	1530000	0.0	61.089478	-0.0058306116	-15.412095	0.25163677	0.017969338	0.069106914	9.0	3666.2953009605408
153	96.555695	4.8521357	100.0	82.3	122.92405	36.103157	17.609777	79.1413	-6.5699635	1540000	3.7252903e-09	66.84883	-0.008579397	-14.297095	0.2520286	0.015136041	0.066406645	12.0	3689.4611229896545
154	96.79012	4.6948514	100.0	80.5	120.19753	34.824726	17.884052	78.79895	-1.346036	1550000	2.5456151e-08	59.522076	-0.0090792375	-11.656079	0.24351783	0.015114003	0.06620662	25.0	3714.9363536834717
155	96.33626	5.564738	100.0	70.3	120.95	35.389328	18.09011	80.09722	-10.449753	1560000	-4.967054e-09	63.72524	-0.008801774	-10.656358	0.23993735	0.0153075615	0.059805978	15.0	3739.0887699127197
156	96.07215	5.416055	100.0	77.5	124.177216	34.446377	17.856869	82.6849	-7.4804697	1570000	1.6298145e-09	63.19691	-0.01155956	-11.019935	0.24392514	0.0151064	0.069806986	24.0	3764.1441662311554
157	96.925	3.878547	100.0	84.7	123.6	34.88184	17.608984	81.974045	-3.1059244	1580000	3.0423205e-08	62.29479	-0.0085487375	-12.142773	0.23935036	0.015612412	0.063006304	15.0	3788.665706396103
158	96.67848	4.1738086	100.0	84.7	124.50633	34.90408	17.719328	78.41085	-7.4267254	1590000	1.0554989e-08	71.06907	-0.012585179	-14.770592	0.24013157	0.015305425	0.07290729	44.0	3812.4991438388824
159	96.18846	6.113394	100.0	61.6	125.0641	35.42214	17.659224	78.94009	-22.879646	1600000	6.2088173e-10	74.896164	-0.0112807555	-17.154942	0.24696143	0.0152690075	0.06660666	16.0	3835.650412797928
160	96.143036	4.783137	100.0	82.6	124.51899	34.75023	17.675928	77.57096	-12.897619	1610000	1.6142925e-08	59.134247	-0.009314704	-16.373371	0.24216057	0.015766779	0.07360736	14.0	3860.646536588669
161	96.6125	4.693783	100.0	82.6	121.9	34.2436	18.351109	77.60345	-17.1473	1620000	5.5879354e-09	59.571247	-0.006596843	-14.416444	0.23552708	0.01586075	0.04490449	8.0	3882.8049561977386
162	96.36583	4.553726	100.0	82.3	123.139244	35.023685	17.912422	78.82261	-17.88465	1630000	-1.4125059e-08	57.14417	-0.008765543	-11.760785	0.2350043	0.01537547	0.06810681	20.0	3905.4313626289368
163	96.32949	4.245423	100.0	86.5	125.9359	34.586555	18.21317	84.93023	-12.79795	1640000	1.854884e-08	59.27595	-0.00758955	-14.274571	0.233568	0.016654147	0.0610061	10.0	3929.647454738617
164	96.79506	4.3322477	100.0	82.9	120.320984	34.297886	17.356737	78.70707	-9.259595	1650000	1.086543e-08	63.492283	-0.009321551	-15.87242	0.22778277	0.015428179	0.05360536	19.0	3952.0189611911774
165	96.3075	5.5576696	100.0	65.5	123.475	34.52568	17.98542	79.5369	-10.293334	1660000	-4.967054e-09	62.052704	-0.010925171	-12.654713	0.21854647	0.015024577	0.06780678	35.0	3977.25332570076
166	96.29359	5.0452147	100.0	73.6	123.910255	34.70302	18.38058	79.94222	0.11698604	1670000	2.483527e-09	60.071537	-0.010611053	-12.994117	0.23890583	0.015344333	0.08090809	27.0	4002.166217327118
167	96.28987	4.930648	100.0	80.2	122.658226	34.940487	18.191013	80.12801	-4.946099	1680000	-3.3527613e-08	68.81222	-0.01003601	-18.52339	0.2370457	0.015881939	0.06790679	17.0	4025.756989479065
168	96.34431	4.7001143	100.0	83.5	124.822784	34.651848	18.012096	83.256256	-6.707092	1690000	-2.9414272e-08	68.87879	-0.00865458	-19.180098	0.242052	0.015169169	0.05860586	13.0	4051.0242006778717
169	96.58875	4.8989024	100.0	79.0	123.0	34.553192	17.646816	80.5844	-10.312408	1700000	2.7318796e-08	63.554943	-0.009368754	-13.422727	0.23681891	0.015199635	0.064106405	17.0	4075.05717587471
170	96.38249	4.829875	100.0	79.6	121.75	34.334156	18.187038	79.557594	-0.24348283	1710000	9.934108e-09	59.677734	-0.009921753	-11.020888	0.24381232	0.015167928	0.0660066	29.0	4100.535312175751
171	96.11266	4.923114	100.0	77.8	123.74683	35.305832	17.864784	83.12504	-15.932231	1720000	-1.2417635e-09	61.03218	-0.008182564	-17.09279	0.24255504	0.015244138	0.062406242	12.0	4123.7607090473175
172	96.64075	4.5353966	100.0	82.9	121.71605	34.289936	17.724926	84.63785	-9.555835	1730000	-7.450581e-09	59.346966	-0.009902419	-14.355428	0.23974092	0.015185297	0.06660666	17.0	4147.746876478195
173	96.690125	4.5376234	100.0	83.5	121.17284	34.34341	17.932594	85.14504	-7.6422696	1740000	-1.2417635e-09	61.29662	-0.011008437	-14.207166	0.2335095	0.015265909	0.06770677	27.0	4173.195609092712
174	96.738754	4.4728208	100.0	83.5	122.025	35.44242	18.050879	81.840775	-7.4445686	1750000	-3.290673e-08	54.589294	-0.012227026	-12.067097	0.2391849	0.015322606	0.07230723	32.0	4198.056501626968
175	96.63249	4.5965686	100.0	84.4	122.8375	34.874924	18.114399	87.073746	-9.216219	1760000	-3.1664968e-08	55.665043	-0.0115364045	-12.041798	0.23338503	0.015136656	0.062306225	24.0	4222.766191005707
176	96.60384	4.23597	100.0	82.3	123.448715	34.737694	17.917171	84.89004	-6.273855	1770000	1.0554989e-08	54.538937	-0.0113879545	-12.692829	0.22862248	0.015492886	0.07950795	50.0	4247.909101009369
177	96.51481	4.6030345	100.0	81.1	121.08642	34.34864	17.864265	86.28396	-20.84121	1780000	1.6142925e-08	62.292816	-0.010875394	-15.851243	0.22830188	0.015253633	0.068206824	20.0	4273.280455112457
178	96.18001	5.1771464	100.0	79.0	121.8125	34.987263	17.905216	86.13367	-5.917887	1790000	-6.829699e-09	52.816364	-0.008849132	-15.431561	0.2315778	0.015660547	0.063906394	17.0	4297.249217987061
179	96.0923	5.830881	100.0	74.5	123.628204	34.700783	18.289444	79.34142	-15.087109	1800000	5.2774944e-09	60.036892	-0.0068677193	-14.762974	0.24077232	0.015056044	0.04670467	8.0	4320.1111879348755
180	96.4975	4.7792773	100.0	84.7	122.95	34.36956	18.397118	80.57884	-11.309207	1810000	-3.7252903e-08	55.575222	-0.007847959	-11.858901	0.24031675	0.015044623	0.068306826	14.0	4343.577372312546
181	96.4875	4.733798	100.0	82.9	122.3625	34.717033	17.928947	80.67	-3.82832	1820000	-2.9181441e-08	56.675663	-0.0077333185	-12.720374	0.23566003	0.015878187	0.058205824	11.0	4367.910161733627
182	96.271255	5.0926957	100.0	79.0	121.7	34.738026	17.996746	80.15646	-17.349377	1830000	-4.33065e-08	56.33931	-0.006207932	-11.831965	0.23666966	0.016213553	0.04720472	8.0	4390.910801410675
183	96.26625	4.857878	100.0	82.3	122.475	34.241558	17.99479	81.53574	-2.957027	1840000	-4.377216e-08	48.093647	-0.007774994	-10.57113	0.23946911	0.016661962	0.05920592	11.0	4415.553357124329
184	96.15	5.2978406	100.0	73.0	123.07692	35.739494	18.6742	82.19989	-12.101617	1850000	3.4614157e-08	60.23238	-0.010065892	-15.551398	0.23278566	0.0152551355	0.070007004	15.0	4436.49457526207
185	96.0519	5.02817	100.0	80.5	123.0	34.77782	18.129078	87.50924	-12.241923	1860000	-3.989165e-08	54.79266	-0.008116438	-16.48955	0.25117552	0.015859457	0.06880688	12.0	4460.42656993866
186	96.26456	4.456883	100.0	79.6	122.1519	34.91679	18.224512	81.95393	-6.360151	1870000	4.0978193e-08	50.062733	-0.00469889	-10.919713	0.24218138	0.016035108	0.04910491	8.0	4482.667863368988
187	96.384995	4.7853446	100.0	79.9	123.6	34.608307	18.17532	87.63219	-6.0696163	1880000	9.313226e-09	54.812634	-0.008568717	-11.149465	0.24017845	0.015640248	0.069306925	12.0	4507.238213777542
188	95.74675	5.041712	100.0	79.9	126.22078	35.222042	18.085308	81.97291	-5.215913	1890000	-2.6077032e-08	58.02193	-0.008914684	-13.28936	0.23868151	0.01503534	0.069106914	15.0	4530.301305770874
189	96.27974	5.1644926	100.0	77.8	124.05064	34.187668	17.86029	79.517395	-14.88515	1900000	2.2351742e-08	58.126156	-0.008140241	-12.51421	0.23787381	0.016375368	0.064906485	13.0	4552.5557997226715
190	96.70988	4.3934464	100.0	86.2	120.03704	34.32632	17.944712	78.91227	-8.756626	1910000	-9.390836e-09	54.063004	-0.009374489	-14.830987	0.24236397	0.015354176	0.07590759	21.0	4577.629095077515
191	96.33291	4.902666	100.0	79.9	123.77215	35.017166	18.40183	80.79469	-15.129813	1920000	4.035731e-08	64.08758	-0.007345868	-20.112543	0.24835174	0.015235343	0.06460646	10.0	4599.984869718552
192	96.6375	4.930374	100.0	81.4	121.85	34.26766	18.427006	79.86682	-24.384052	1930000	7.1401396e-09	60.234447	-0.013780836	-16.698793	0.24834938	0.015004513	0.07580758	34.0	4624.573892116547
193	96.53375	4.84773	100.0	82.3	121.7	35.155697	18.174887	85.677574	-6.1684084	1940000	-2.2351742e-08	53.592724	-0.009555181	-10.219933	0.23230799	0.015759232	0.06620663	19.0	4649.267515420914
194	96.39125	4.6336055	100.0	82.0	123.1	34.57656	18.237215	79.46073	-15.188111	1950000	1.8626451e-08	58.198334	-0.007514505	-15.05771	0.24593113	0.015674613	0.05960596	12.0	4674.056763648987
195	96.741974	4.6441755	100.0	77.5	120.03704	34.865616	18.13773	80.44301	-2.5005646	1960000	-1.3038516e-08	48.61626	-0.012082733	-9.838825	0.23223531	0.016301902	0.07770777	78.0	4698.07413983345
196	96.34051	4.8134704	100.0	84.4	123.36709	34.88315	18.380333	80.38928	-12.056893	1970000	1.7695129e-08	58.386673	-0.00784129	-15.305173	0.23985203	0.015822245	0.054105412	12.0	4721.478085756302
197	97.01852	4.3004766	100.0	83.2	118.18519	34.226944	18.368752	82.43263	-9.226169	1980000	-1.3659398e-08	44.18729	-0.007916543	-8.486207	0.23352595	0.015523029	0.06710672	13.0	4745.3593962192535
198	97.179016	3.929745	100.0	86.2	117.49383	35.031998	18.452133	80.04874	-17.137802	1990000	7.2953603e-09	46.431873	-0.007316234	-8.11938	0.23225456	0.015401825	0.06280628	13.0	4769.228385448456
199	96.30633	4.8324676	100.0	82.0	123.50633	35.542458	18.175684	81.36869	-21.846718	2000000	-1.9363748e-08	61.20969	-0.007854021	-13.515263	0.2550721	0.01581864	0.06120612	10.0	4793.243105649948
200	96.43418	5.4702163	100.0	75.7	121.44304	35.381256	17.54473	85.145996	-13.236406	2010000	-9.934108e-09	55.461613	-0.009202755	-11.78273	0.25546506	0.016010331	0.068906896	16.0	4815.871077299118
201	96.17594	4.8506346	100.0	82.0	122.56962	35.29772	17.883047	79.5626	-6.903965	2020000	-1.0554989e-08	64.742424	-0.0074889385	-17.77851	0.24820404	0.015906895	0.060706068	10.0	4839.362498521805
202	96.23334	4.8781476	100.0	81.7	125.17949	34.698074	17.90259	79.16481	4.396674	2030000	2.7318796e-08	58.908646	-0.009652475	-13.499642	0.24877131	0.015454096	0.06640664	18.0	4864.804450273514
203	96.72749	4.573209	100.0	81.7	120.7125	34.451675	18.202875	86.0535	-19.414515	2040000	3.3527613e-08	57.5994	-0.00489038	-14.582965	0.24504232	0.015502338	0.0580058	7.0	4888.573008298874
204	96.23797	5.0795274	100.0	78.7	123.025314	35.093952	18.21783	79.67148	-11.762108	2050000	-9.235616e-09	61.833286	-0.012075744	-14.4183	0.2505454	0.015227032	0.08250825	37.0	4913.330345153809
205	96.25874	5.349245	100.0	79.6	121.5125	35.199142	17.821152	84.92949	-0.07344699	2060000	1.2572855e-08	56.070133	-0.0133519	-14.093484	0.24571574	0.015249211	0.07730773	35.0	4937.459730148315
206	96.494995	4.7752976	100.0	82.3	120.475	35.20145	18.572376	87.291435	3.0951564	2070000	-2.173086e-09	42.957424	-0.009108939	-8.097175	0.24721484	0.0154465465	0.07370737	19.0	4960.651242017746
207	96.48625	5.1970606	100.0	77.2	121.6375	34.299274	18.284159	86.09209	-23.420439	2080000	-1.6763806e-08	58.745483	-0.008183212	-12.365135	0.24953587	0.015616695	0.064006396	10.0	4985.397476911545
208	96.61898	4.6976175	100.0	82.3	121.658226	35.508152	17.911867	79.66181	-4.5384235	2090000	-1.14863115e-08	54.631184	-0.010160332	-11.148094	0.2450962	0.015415511	0.06930693	24.0	5007.753433227539
209	96.82222	4.336352	100.0	84.1	119.61729	34.5993	17.959217	80.51436	-8.841482	2100000	3.8029007e-09	50.165836	-0.0057051554	-8.755574	0.23895945	0.015438798	0.06040604	9.0	5031.873042345047
210	96.88765	4.2757826	100.0	83.5	116.987656	35.28327	17.950787	81.17645	-6.677729	2110000	-1.9557774e-08	46.647537	-0.0091177095	-10.138458	0.24591649	0.016116655	0.07970797	20.0	5055.478012561798
211	96.95926	3.9677954	100.0	86.5	119.03704	35.122875	18.091116	81.27548	2.5237856	2120000	-4.718701e-08	53.29068	-0.0076634544	-11.838681	0.25118825	0.015872426	0.0580058	14.0	5079.251553297043
212	96.57215	4.6304965	100.0	82.9	121.379745	35.21889	18.499891	82.45936	0.60306215	2130000	1.5832484e-08	54.1884	-0.00433479	-12.294875	0.2624941	0.015097777	0.06280628	7.0	5102.656585693359
213	96.57161	4.5388103	100.0	83.5	120.72839	33.798874	18.064386	88.535576	-0.45225954	2140000	-1.2417634e-08	57.648876	-0.0028364854	-13.712821	0.25389883	0.01594142	0.064106405	6.0	5125.451419591904
214	96.948746	4.1111426	100.0	83.8	120.975	34.976574	18.165632	85.87234	-3.217532	2150000	-2.1109978e-08	56.39403	-0.006670151	-12.541309	0.25094312	0.01789906	0.063006304	10.0	5148.653391361237
215	96.6375	4.327914	100.0	82.0	123.6125	34.82728	17.758394	82.72622	-9.117847	2160000	-2.7629236e-08	55.223873	-0.0063213506	-9.660066	0.26494703	0.017161554	0.07330733	8.0	5173.938296079636
216	96.39359	4.2457023	100.0	83.2	124.51282	35.409683	17.968843	81.562164	-3.102834	2170000	2.5456151e-08	58.440197	-0.00954366	-16.098953	0.26600698	0.015089944	0.06810681	16.0	5196.964897632599
217	95.4671	7.214393	100.0	58.3	126.56579	34.146885	18.237581	82.92816	-25.055843	2180000	-3.228585e-08	73.06763	-0.008226974	-18.983917	0.27655163	0.01783743	0.075007506	8.0	5220.067805528641
218	96.50633	4.6423025	100.0	80.2	121.49367	34.14468	17.677454	84.12799	-19.218922	2190000	-2.9802322e-08	70.47636	-0.00793387	-16.80263	0.26612988	0.015262158	0.07080708	13.0	5243.681002378464
219	96.128204	5.287331	100.0	75.4	124.92308	35.09776	17.72385	81.24344	-20.502573	2200000	2.6154643e-08	74.46858	-0.0063692513	-19.921701	0.26683247	0.0151404105	0.06940694	8.0	5266.105564117432
220	96.49494	4.581164	100.0	82.0	122.79747	35.183765	17.480936	88.788	-9.513021	2210000	2.4835268e-08	61.5702	-0.0057274797	-14.604953	0.26638782	0.016398659	0.060606062	9.0	5290.278664588928
221	96.19114	5.0401974	100.0	80.5	123.72152	34.75706	18.232094	82.95347	-11.683752	2220000	-6.2088173e-10	62.754467	-0.0075112097	-12.217551	0.27001032	0.015725	0.08250824	16.0	5312.506935596466
222	96.5775	3.9941201	100.0	85.6	122.7375	34.407597	17.757725	81.25424	-11.502635	2230000	3.791259e-08	68.04696	-0.0061262785	-12.44587	0.26244298	0.017026799	0.05130513	10.0	5336.429529666901
223	96.34811	4.2251163	100.0	82.0	124.18987	34.806763	17.703114	83.845436	1.1472266	2240000	1.8626451e-09	65.147415	-0.0070369956	-13.254142	0.26819357	0.016181454	0.07150715	10.0	5361.074613332748
224	96.65432	4.6085277	100.0	76.3	120.83951	34.270786	17.788944	83.38805	-17.663504	2250000	-2.6697913e-08	59.666584	-0.00816713	-14.297677	0.2510505	0.015519197	0.071507156	16.0	5385.440723419189
225	95.99078	5.1346645	100.0	74.5	127.81579	34.718433	18.658506	81.623024	-11.293113	2260000	-1.3659398e-08	65.973816	-0.006105187	-13.092555	0.2715893	0.015362638	0.068906896	9.0	5408.724840402603
226	96.408745	4.640398	100.0	82.6	123.6375	34.349026	18.168741	86.439964	-10.966758	2270000	9.934108e-09	61.49281	-0.0056726933	-13.719948	0.24998699	0.015553105	0.06030603	7.0	5431.441477060318
227	96.803696	4.397009	100.0	76.9	120.5679	34.351295	18.17378	80.582436	3.3002083	2280000	5.122274e-09	51.88254	-0.006105352	-9.386715	0.24319535	0.015633065	0.05780578	12.0	5455.236772537231
228	96.94568	3.8770628	100.0	84.1	120.51852	34.749737	18.307173	82.09579	-0.32130063	2290000	1.6763806e-08	50.664608	-0.007507991	-8.930867	0.24210012	0.0151361665	0.06420642	18.0	5479.708436489105
229	96.360756	4.821508	100.0	79.0	123.87342	35.18496	18.058334	81.64658	-5.432307	2300000	7.450581e-09	58.548008	-0.0070375414	-12.798962	0.24941067	0.015611909	0.06260626	11.0	5504.418587684631
230	97.07407	3.7533448	100.0	85.3	122.234566	34.43959	17.990475	82.134605	1.9212561	2310000	1.5522043e-10	49.060165	-0.0044278624	-8.739925	0.24879263	0.016653562	0.04550455	7.0	5528.259182929993
231	95.74675	5.6069202	100.0	74.5	125.88312	34.458267	18.192633	82.698944	-12.19	2320000	-6.131207e-09	61.17978	-0.0049255583	-12.798104	0.25608206	0.017227978	0.04490449	6.0	5551.349519968033
232	96.49241	4.1518264	100.0	82.9	123.898735	34.75347	17.985754	84.973564	-7.129033	2330000	1.0554989e-08	57.525593	-0.0059648887	-11.650162	0.25069895	0.01551869	0.072507255	13.0	5577.034464359283
233	96.455124	4.828804	100.0	73.9	124.84615	34.28465	18.203485	86.09542	-7.2449727	2340000	-4.656613e-09	69.738884	-0.007291692	-17.199373	0.24086553	0.015056722	0.06540654	17.0	5601.660774707794
234	97.0	4.2859077	100.0	80.2	123.9125	34.74196	17.757874	85.38919	-17.696314	2350000	-1.4590721e-08	60.796413	-0.004724936	-12.804881	0.2514262	0.017885407	0.072507255	8.0	5626.702960252762
235	96.97	3.5247834	100.0	87.7	122.1375	35.163097	17.996412	86.87851	2.2948556	2360000	-1.6142925e-08	55.63333	-0.0069736377	-14.881668	0.24704044	0.015770225	0.071607165	15.0	5652.5040447711945
236	96.55974	4.384988	100.0	83.2	125.75325	35.27083	17.864069	86.5907	-3.5185666	2370000	1.1796753e-08	69.12728	-0.009291998	-17.290228	0.2548679	0.015174142	0.06520652	20.0	5675.051743030548
237	96.57052	4.3167562	100.0	83.8	123.03846	35.234386	18.141422	81.70478	-7.8612137	2380000	3.1897798e-08	68.03131	-0.0067470446	-12.475289	0.25967818	0.015992174	0.04740474	13.0	5698.641064882278
238	96.27215	4.8238835	100.0	81.4	123.78481	35.318478	17.692654	86.766266	-15.484543	2390000	4.0357313e-09	69.73824	-0.008627468	-13.514739	0.26964638	0.01600593	0.07490749	13.0	5721.353441476822
239	96.63418	4.1511893	100.0	85.3	122.59494	35.10389	17.998865	78.6678	-2.170422	2400000	4.035731e-08	59.933178	-0.009214585	-14.017123	0.26999268	0.015245136	0.06610662	19.0	5745.391086339951
240	96.59625	4.598463	100.0	81.4	121.3125	35.723507	17.804045	90.87688	-8.587266	2410000	5.2774944e-09	59.64719	-0.01047118	-14.53783	0.2661066	0.015739592	0.06590659	29.0	5770.521300077438
241	96.64125	4.5149946	100.0	79.6	121.0125	34.57765	17.933722	82.673256	-15.816562	2420000	-2.0489097e-08	59.899998	-0.010085237	-11.769282	0.27328995	0.015037018	0.08270827	20.0	5795.011823177338
242	96.63	4.6340966	100.0	81.1	120.6875	35.53677	17.900402	86.057205	0.029702187	2430000	3.8494665e-08	60.004383	-0.009827027	-10.755357	0.27427152	0.015352505	0.07190719	23.0	5819.061025619507
243	96.17215	4.9017415	100.0	81.7	123.94936	34.909557	18.108	81.15002	-8.531295	2440000	4.9282485e-09	62.997295	-0.0079656495	-10.666083	0.27604654	0.016042452	0.076807685	14.0	5842.26362490654
244	96.83827	4.045377	100.0	83.2	121.50617	34.427544	17.997887	80.8899	-1.0500083	2450000	4.035731e-08	56.895283	-0.0069121867	-11.115108	0.27153042	0.015011802	0.05950595	13.0	5867.559970140457
245	97.062965	4.1268	100.0	85.0	119.987656	34.770397	17.92341	85.27102	-17.938715	2460000	2.7008355e-08	60.557934	-0.0054286905	-11.241796	0.27505216	0.015516918	0.0730073	10.0	5892.352753162384
246	96.55375	5.094481	100.0	75.7	119.7375	35.81685	17.871094	78.15056	-6.432306	2470000	3.4769375e-08	59.002163	-0.006631531	-10.981442	0.27135226	0.01575189	0.07020702	13.0	5915.685004711151
247	96.8425	4.3582616	100.0	83.5	121.575	35.147667	18.033636	88.079155	-4.034172	2480000	1.8626451e-09	62.043976	-0.0051612672	-14.028296	0.27253836	0.015154566	0.04980498	7.0	5938.26561498642
248	96.79382	5.0652614	100.0	76.6	119.234566	35.303688	17.67978	84.32591	-13.454046	2490000	1.086543e-08	58.94121	-0.0054683588	-10.682742	0.27573505	0.015391201	0.057305727	8.0	5961.870390176773
249	96.29	5.185981	100.0	76.9	122.125	34.84681	18.154266	82.504135	-13.121208	2500000	-8.537124e-09	65.872505	-0.00684352	-13.696111	0.27765885	0.015194919	0.07090709	9.0	5986.53590464592
