Epoch	AverageEpRet	StdEpRet	MaxEpRet	MinEpRet	EpLen	AverageVVals	StdVVals	MaxVVals	MinVVals	TotalEnvInteracts	LossPi	LossV	DeltaLossPi	DeltaLossV	Entropy	KL	ClipFrac	StopIter	Time
0	97.6	3.7488422	100.0	78.0	178.27272	31.182434	14.317183	61.017815	-3.7897382	10000	8.692344e-09	32.421375	0.0032759204	-4.355973	0.39060476	0.019781025	0.081608154	1.0	30.386685371398926
1	97.04	4.572392	100.0	77.2	178.56363	31.519392	14.251142	61.485725	-11.541353	20000	1.6453365e-08	28.229406	-0.0045031197	-4.4429803	0.3829616	0.017206935	0.084708475	7.0	59.657397747039795
2	97.21887	3.912489	100.0	76.0	182.79245	30.782143	14.515189	62.031673	-10.443956	30000	-1.4901161e-08	32.290028	-0.010437805	-3.1763325	0.37814116	0.01519684	0.07820782	27.0	90.30920696258545
3	96.30944	7.647771	100.0	48.4	180.13208	30.874975	14.540709	60.967663	-30.27942	40000	-9.313226e-09	36.93367	-0.006992891	-6.9205585	0.38133153	0.016339025	0.07550755	9.0	116.96697306632996
4	97.39286	3.6148434	100.0	76.6	173.53572	31.584206	14.545832	60.112762	-16.545298	50000	8.381903e-09	29.864319	-0.0057196985	-3.3194287	0.3854901	0.015707577	0.084008396	12.0	147.78121089935303
5	97.75715	2.8542485	100.0	87.4	176.98215	31.59471	14.418459	60.840347	-10.477605	60000	-1.0554989e-08	31.146994	-0.005714422	-4.595009	0.37595785	0.015023933	0.0929093	6.0	176.3632674217224
6	95.75273	14.595738	100.0	-10.0	176.05455	31.857378	14.421495	61.71222	-11.751195	70000	-3.228585e-08	80.29986	-0.009725404	-17.622892	0.37943769	0.0154111	0.09340934	18.0	206.60011315345764
7	97.79643	2.67007	100.0	90.0	174.125	31.542011	14.403637	59.330067	-9.160062	80000	2.910383e-09	33.72167	-0.010488969	-5.9462647	0.37396178	0.015351542	0.08440844	36.0	235.9908676147461
8	97.163635	3.7432299	100.0	85.6	174.90909	31.804274	14.470821	62.19427	-19.976147	90000	2.8560558e-08	29.626831	-0.008139831	-3.8251915	0.38682544	0.015087229	0.090809084	16.0	264.86235642433167
9	96.41818	5.3898587	100.0	72.4	175.5091	31.59744	14.580567	62.004013	-34.97591	100000	-2.9802322e-08	37.67543	-0.007929426	-6.408083	0.38937402	0.016140109	0.0940094	12.0	295.2459497451782
10	95.86793	5.061724	100.0	80.2	180.71698	30.390772	15.015907	61.83109	-9.917432	110000	3.7873786e-08	37.740814	-0.0074423603	-6.894766	0.3958913	0.016942332	0.08780878	8.0	323.32849764823914
11	96.86666	4.473295	100.0	74.0	181.03703	30.51814	14.09484	62.01122	-10.823416	120000	-5.3395826e-08	35.43934	-0.005799281	-5.5648637	0.40175438	0.015573792	0.09220922	8.0	354.2245602607727
12	96.89629	3.6104255	100.0	82.6	180.25926	30.684511	14.593419	61.25874	-8.103053	130000	-1.3659398e-08	29.530088	-0.005393354	-3.7068062	0.39498377	0.015620388	0.07940794	8.0	383.1648452281952
13	95.92363	4.9719934	100.0	72.0	180.3091	31.033358	14.261378	61.49536	-11.871204	140000	-2.1109978e-08	35.241817	-0.0060741566	-4.953769	0.3888642	0.015193157	0.0740074	12.0	411.181681394577
14	96.929634	6.4436197	100.0	53.8	180.90741	30.2938	14.775312	62.59001	-23.616173	150000	1.086543e-08	37.423977	-0.006690794	-8.676345	0.39134356	0.015029374	0.06310631	14.0	442.14884090423584
15	97.100006	3.9685335	100.0	75.4	180.85185	30.836134	14.474849	61.37632	-9.091173	160000	4.5324366e-08	28.82373	-0.00851335	-4.2386036	0.4012147	0.015044287	0.08540854	16.0	472.0849621295929
16	97.796295	2.6140623	100.0	88.0	176.25926	30.721827	14.863941	60.983803	-24.385931	170000	2.483527e-09	25.822107	-0.0058610477	-2.514251	0.40410814	0.015871564	0.09310931	15.0	501.92922019958496
17	96.46792	3.9255223	100.0	82.0	181.75471	31.179169	14.627819	61.096634	-3.8948734	180000	-3.7252903e-09	32.965046	-0.008548196	-4.7894554	0.3990666	0.015108242	0.083008304	25.0	532.5094113349915
18	97.53963	3.2072055	100.0	82.0	182.98112	30.354477	14.423681	61.336147	-14.805835	190000	3.601114e-08	32.420383	-0.00778253	-4.062864	0.40945616	0.015078467	0.07480748	18.0	562.0752522945404
19	97.188896	4.1655407	100.0	72.0	181.90741	30.974527	14.075271	61.30335	-6.4600563	200000	-1.2417635e-09	31.125498	-0.008069077	-2.8469875	0.40632686	0.015212263	0.0850085	25.0	590.7441289424896
20	95.49231	10.053814	100.0	38.2	187.25	29.573944	14.962958	61.759823	-29.772411	210000	1.27280755e-08	39.81278	-0.0066201515	-8.645179	0.40770742	0.015602946	0.06690669	9.0	622.1168141365051
21	96.30801	3.708199	100.0	85.0	195.24	29.045986	14.942227	59.65038	-10.757667	220000	-1.831601e-08	29.18334	-0.0073947236	-6.409813	0.40711996	0.015048063	0.0710071	13.0	651.0452010631561
22	97.01818	3.2748685	100.0	83.2	177.07272	29.815762	14.757422	61.382072	-5.682424	230000	1.4901161e-08	33.60939	-0.008086689	-6.805968	0.41456965	0.015918612	0.09750974	19.0	680.4351849555969
23	97.61818	2.5833797	100.0	89.2	177.03636	31.092562	14.32354	61.20873	-5.4879704	240000	-1.7384687e-08	32.38377	-0.004809638	-4.1055627	0.40530348	0.015123095	0.06530654	7.0	710.73868227005
24	94.815384	15.181813	100.0	-10.0	184.40384	30.636875	14.569271	60.46871	-15.428939	250000	-3.973643e-08	83.98498	-0.008910975	-24.387947	0.41066206	0.015475404	0.08620862	10.0	739.8739440441132
25	96.64151	8.130015	100.0	43.6	183.13208	29.686077	15.332308	60.615864	-27.253016	260000	-4.967054e-09	42.513756	-0.00707416	-11.660062	0.4257426	0.015916582	0.066506654	8.0	771.3341488838196
26	97.471695	3.3153946	100.0	83.2	185.33963	30.084541	14.715967	59.656345	-18.469465	270000	-1.3193736e-09	34.597626	-0.006156193	-6.2403526	0.41999996	0.015127574	0.09520952	8.0	799.7448585033417
27	96.06038	6.5957775	100.0	68.2	182.18867	30.294569	14.424937	60.54646	-21.636179	280000	1.2417635e-09	33.669624	-0.010175632	-5.6514173	0.40545425	0.015876524	0.09200921	16.0	830.8393261432648
28	95.196075	9.571239	100.0	56.2	188.21568	29.378962	15.155264	59.714596	-28.958883	290000	-1.2417635e-09	45.9042	-0.007942685	-8.728105	0.39645898	0.015240818	0.0860086	8.0	858.6298925876617
29	97.36728	3.031175	100.0	88.0	178.65454	30.388124	13.915232	57.50783	-11.728127	300000	-2.9802322e-08	31.436342	-0.01056999	-5.2159743	0.39152455	0.0151108615	0.10111011	39.0	891.744683265686
30	98.19636	2.1029825	100.0	92.0	175.6909	31.560043	14.006858	61.506657	-14.40027	310000	-6.45717e-08	27.817749	-0.0046685874	-2.612088	0.38481203	0.015370441	0.07460746	12.0	921.2031357288361
31	97.03929	3.4763322	100.0	84.0	175.0	31.537848	14.943274	61.497356	-11.417362	320000	1.1175871e-08	27.455994	-0.010087881	-3.1951122	0.3863337	0.015332454	0.091509156	45.0	951.3837857246399
32	97.69286	2.761978	100.0	88.0	174.25	31.560839	14.6749325	61.665405	-2.6374056	330000	1.1175871e-08	26.44629	-0.004082981	-2.9078496	0.40528497	0.015223711	0.07770777	8.0	979.2734594345093
33	96.60741	4.783144	100.0	77.8	179.83333	31.245352	14.754444	62.29154	-6.4691825	340000	-2.3593506e-08	34.24703	-0.008679136	-3.7681186	0.40465322	0.015458862	0.08930894	14.0	1009.8238995075226
34	97.46545	2.5796564	100.0	88.0	176.5091	31.299723	14.353783	61.613438	-5.051961	350000	1.9868216e-08	28.685957	-0.0069678403	-3.6215	0.408186	0.0154930325	0.08590859	15.0	1042.1377260684967
35	97.7614	2.6486514	100.0	89.2	170.4386	32.27899	14.337088	61.395786	-3.727731	360000	-1.800557e-08	28.595182	-0.00694376	-3.2950718	0.4003249	0.015965752	0.10111011	18.0	1071.8666989803314
36	97.08929	3.547619	100.0	85.0	173.42857	32.335197	14.381209	62.02519	-4.7270494	370000	1.4590721e-08	30.490332	-0.0073169656	-3.60938	0.40745032	0.0154684065	0.071507156	16.0	1100.245811700821
37	96.55636	4.5082054	100.0	79.0	176.89091	31.303099	14.466628	60.677917	-12.991364	380000	3.4148496e-08	27.5819	-0.006638812	-3.704279	0.40304887	0.015589488	0.06720672	15.0	1129.9824635982513
38	97.488884	2.9299648	100.0	88.0	178.44444	30.880169	14.7456255	61.667145	-4.088913	390000	2.6697913e-08	27.63019	-0.004034344	-2.8082054	0.39785394	0.015289053	0.063706376	8.0	1161.9094252586365
39	97.91071	2.029398	100.0	92.0	175.35715	31.600744	14.466967	61.597755	-4.299748	400000	2.2351742e-08	25.673101	-0.0066891722	-3.4800217	0.39101258	0.015002101	0.078007795	15.0	1192.5611598491669
40	95.94182	6.421291	100.0	63.4	178.25455	31.506155	14.50072	61.829258	-8.778364	410000	1.8936893e-08	33.9202	-0.0077137067	-5.7381954	0.3992996	0.015433439	0.06930693	13.0	1220.2932398319244
41	97.070366	3.5523927	100.0	83.8	179.12962	30.536833	14.703277	61.47361	-5.34698	420000	-2.8560558e-08	29.415665	-0.0062323995	-3.6030006	0.39943674	0.015229821	0.0940094	8.0	1251.6250128746033
42	97.4	3.030752	100.0	86.2	176.23636	31.284195	14.204289	60.498455	-8.642601	430000	1.14863115e-08	29.00958	-0.005200041	-3.1539333	0.40071797	0.015383746	0.07860786	6.0	1280.2292122840881
43	96.86667	5.0093246	100.0	74.8	183.05556	31.004295	14.342865	60.84003	-9.224393	440000	-2.173086e-08	33.454754	-0.0063745473	-5.403606	0.39570037	0.015310918	0.078007795	10.0	1308.447172164917
44	97.333336	4.3029704	100.0	73.0	178.2037	30.583107	14.391433	61.475697	-10.93686	450000	-1.9868216e-08	33.24091	-0.006212983	-6.482824	0.40130997	0.015467461	0.07920792	9.0	1337.4732472896576
45	96.22264	11.268501	100.0	17.2	183.92453	30.389542	15.237927	62.519104	-20.778498	460000	-5.8983762e-08	36.490692	-0.009154855	-9.59289	0.39537892	0.015270424	0.08310831	14.0	1368.0653460025787
46	96.33818	11.170537	100.0	18.4	177.56363	30.882687	14.68401	60.024937	-28.78336	470000	2.1109978e-08	42.764385	-0.0061238054	-10.561847	0.40023836	0.015935201	0.09560955	8.0	1395.9503481388092
47	97.36297	3.6996646	100.0	76.0	180.27777	31.051865	14.610565	61.024643	-7.3478794	480000	-2.1109978e-08	35.19425	-0.0060149995	-6.028355	0.38920704	0.016107693	0.08860886	12.0	1427.0991456508636
48	97.41852	3.13576	100.0	85.0	175.01852	31.155338	14.61767	62.707436	-5.9659734	490000	-3.601114e-08	30.595148	-0.0055743023	-4.472696	0.378726	0.01506579	0.08350835	10.0	1457.644698858261
49	97.27778	4.251956	100.0	71.8	178.42592	31.038403	14.780526	62.112755	-5.7206564	500000	-1.0306636e-07	32.371647	-0.0068584904	-4.966903	0.38703632	0.017143508	0.08440844	10.0	1485.7584195137024
50	97.69819	3.2538364	100.0	81.4	176.61818	31.549437	14.165682	60.78431	-21.74986	510000	-2.483527e-09	27.6548	-0.007379033	-3.5195549	0.38195232	0.015843894	0.07540754	14.0	1516.4922308921814
51	97.50944	2.7192025	100.0	90.0	181.33963	30.834541	14.673269	60.908993	-5.121217	520000	1.800557e-08	34.200134	-0.006611468	-4.208048	0.3773161	0.015182768	0.07820782	13.0	1544.5770304203033
52	97.65819	3.1582906	100.0	82.0	177.34546	31.737736	14.083735	61.16658	-4.7876353	530000	4.5945246e-08	28.96567	-0.008220452	-3.1729367	0.3742533	0.015232303	0.083208315	17.0	1575.4649560451508
53	97.989296	2.1568568	100.0	93.4	174.60715	31.743597	14.483931	61.610474	-3.7099943	540000	-2.2351742e-08	23.529036	-0.0056641996	-2.2951088	0.38093248	0.015662713	0.08590859	9.0	1605.483668088913
54	97.53334	2.5024436	100.0	92.0	180.46297	31.400866	14.592391	61.94522	-1.5157588	550000	8.541004e-08	30.0121	-0.008025505	-3.0557773	0.38227832	0.015443471	0.0910091	16.0	1635.8037962913513
55	97.09818	5.097289	100.0	70.0	177.76364	31.522623	14.408261	61.518246	-13.467253	560000	-1.6142925e-08	30.834455	-0.006108757	-3.6338959	0.38492692	0.0156937	0.0839084	9.0	1664.16601896286
56	96.17777	10.064875	100.0	29.2	180.24074	30.52415	15.3899765	62.045048	-22.741575	570000	1.1796753e-08	40.467037	-0.006007388	-9.212272	0.38766968	0.015534636	0.085608564	9.0	1694.621792793274
57	96.38572	7.5574803	100.0	55.0	173.625	31.333973	14.921197	60.924465	-20.765158	580000	3.7252903e-09	34.490215	-0.005826334	-4.715574	0.38522902	0.015261874	0.06930693	10.0	1723.6253793239594
58	97.11428	3.9563437	100.0	76.0	173.625	31.474827	15.048155	61.598568	-4.4113364	590000	3.7252903e-09	28.677002	-0.005742943	-4.5536246	0.39768577	0.016346645	0.07170717	10.0	1754.3366684913635
59	97.337944	6.5906105	100.0	50.0	168.7931	32.21182	14.936471	62.048416	-3.8686848	600000	4.4703484e-08	33.87141	-0.0064912266	-3.962841	0.39425746	0.015897704	0.07190719	15.0	1784.0533030033112
60	97.59273	3.6616862	100.0	75.4	175.0	31.474102	15.460829	61.718056	-22.448517	610000	3.632158e-08	27.695656	-0.0056200936	-5.611502	0.38418663	0.015103393	0.07710771	8.0	1812.1064836978912
61	97.67719	4.565585	100.0	70.0	171.54385	31.869917	15.442439	61.658325	-22.526962	620000	-4.346172e-08	28.665323	-0.006730882	-3.9993343	0.3792142	0.016270367	0.07670767	14.0	1844.113719701767
62	97.96842	2.7929208	100.0	85.6	172.89473	32.196396	15.092397	62.118145	-2.7307584	630000	-2.902622e-08	27.237917	-0.008306497	-3.5978248	0.37000284	0.016408794	0.08710871	22.0	1876.358332157135
63	97.63928	2.7898843	100.0	88.0	175.23215	32.002125	14.543323	61.52044	0.7794725	640000	3.4148495e-09	27.291443	-0.008650525	-2.7435143	0.35441372	0.015455737	0.07950795	38.0	1905.4279718399048
64	97.10357	4.4762855	100.0	73.6	172.58928	31.675615	15.020546	61.565506	-15.8523855	650000	-3.7252903e-09	27.530533	-0.005806199	-2.6750019	0.3747323	0.015150338	0.06880689	11.0	1935.3731474876404
65	98.08421	2.046803	100.0	94.0	172.05263	32.05637	14.951137	61.655937	-4.9268255	660000	5.5879354e-09	24.706362	-0.005181042	-2.1350257	0.36471835	0.016183378	0.079507954	16.0	1964.8896951675415
66	98.221825	2.253619	100.0	92.0	175.54546	32.066704	14.777346	61.809994	-4.6031246	670000	-8.692344e-09	26.436987	-0.009234513	-2.4823997	0.3655325	0.01535089	0.07480747	39.0	1996.2358374595642
67	97.85714	2.3960426	100.0	92.8	173.44643	31.968784	14.646979	61.070488	-4.8472323	680000	-1.086543e-08	24.491823	-0.0047503454	-2.8499439	0.36592367	0.015664294	0.068306826	8.0	2024.1152455806732
68	97.65357	4.5884156	100.0	72.0	176.125	31.38326	15.5002365	61.519993	-16.491442	690000	5.4637592e-08	32.922573	-0.006352734	-4.1461825	0.36252943	0.017169265	0.10361036	9.0	2054.2773144245148
69	98.04	2.2366858	100.0	92.0	177.61818	31.515522	15.106611	61.12455	-7.1748657	700000	-6.317472e-08	29.167704	-0.0046662265	-3.7861652	0.36052132	0.016377399	0.08830883	8.0	2085.3603093624115
70	96.41112	16.108585	100.0	-20.0	178.53703	31.046091	15.423299	61.360096	-35.200634	710000	0.0	46.70442	-0.0063456222	-17.693138	0.3582079	0.01670346	0.09250925	10.0	2114.1320021152496
71	97.46666	3.7232008	100.0	76.0	180.16667	30.965672	15.190094	61.299263	-12.306519	720000	-3.4769375e-08	29.84434	-0.0064329333	-5.6542087	0.3382441	0.015382822	0.08070808	12.0	2145.942976474762
72	97.77193	2.4846027	100.0	91.6	172.82455	31.908045	14.906361	62.0473	-3.3359463	730000	4.035731e-08	26.919006	-0.008224313	-3.4061165	0.33690655	0.015477203	0.07460746	36.0	2175.5512483119965
73	98.13928	2.2318864	100.0	94.0	174.48215	31.761267	14.8829155	62.506405	-8.812501	740000	-1.7384687e-08	29.528648	-0.0039704563	-2.8671627	0.32610694	0.015294117	0.05170517	12.0	2207.2541666030884
74	97.09286	6.1553655	100.0	55.0	172.5	31.669073	15.257879	62.31403	-20.818106	750000	2.483527e-09	28.989717	-0.0046769115	-5.2462296	0.33476242	0.015205935	0.06590659	8.0	2236.3063445091248
75	97.45926	4.005669	100.0	79.6	177.7037	31.40255	15.15029	61.129894	-20.156603	760000	3.8494665e-08	32.1702	-0.008462841	-5.057266	0.32748628	0.015298694	0.0720072	25.0	2266.349960565567
76	97.93572	2.5295706	100.0	89.8	174.48215	31.29904	15.147583	62.055588	-7.2777805	770000	1.27280755e-08	25.87211	-0.007954796	-2.9163883	0.33753726	0.015653936	0.06810681	21.0	2294.0193135738373
77	97.0509	4.019628	100.0	76.0	178.0	31.088766	15.491436	62.020096	-26.185541	780000	-3.1664968e-08	30.892221	-0.006731272	-3.8236866	0.33754203	0.015119273	0.0660066	14.0	2325.7363657951355
78	97.218185	4.373353	100.0	70.0	179.0	31.147978	14.762704	61.967644	-5.5009155	790000	1.9868216e-08	31.541636	-0.0040790266	-3.2868927	0.33868086	0.0150067285	0.05510551	7.0	2355.542149543762
79	97.69643	2.382074	100.0	92.0	174.78572	31.394901	14.70094	62.202545	-4.9420753	800000	2.2662183e-08	25.007788	-0.0060626217	-2.4814968	0.34326753	0.015252099	0.06930693	13.0	2384.6345522403717
80	97.57818	3.8878226	100.0	76.0	176.3091	31.502193	15.030563	62.133057	-2.5235198	810000	1.9247333e-08	30.178207	-0.0067920294	-2.563954	0.333217	0.015283615	0.06420642	29.0	2417.366182088852
81	97.82456	2.4177914	100.0	92.0	171.5965	31.883358	15.00192	61.92216	-6.2782044	820000	4.4703484e-08	27.152811	-0.00465508	-3.8991883	0.3389353	0.015391882	0.061806183	10.0	2444.9154422283173
82	96.99259	4.8924685	100.0	74.0	178.18518	31.71912	14.849289	62.04628	-22.498898	830000	3.8494665e-08	29.91915	-0.007115379	-5.8644466	0.33961773	0.015472756	0.07460746	17.0	2475.6673016548157
83	98.03273	2.3877766	100.0	92.0	174.12727	31.552963	14.824972	60.797215	-2.0223422	840000	3.9115548e-08	28.835798	-0.004408123	-3.0210083	0.34252858	0.0151687525	0.061806183	11.0	2506.7399146556854
84	97.45714	3.6644459	100.0	76.0	175.69643	32.016323	14.63362	61.75492	-8.488939	850000	3.973643e-08	31.51803	-0.0067258626	-3.1073506	0.3469391	0.015448078	0.077707775	16.0	2537.2527673244476
85	97.97894	2.4970682	100.0	88.6	172.22807	31.828579	14.925692	61.788174	-5.6592264	860000	-1.5522042e-08	25.992554	-0.0049187406	-3.559756	0.33411774	0.015275036	0.06260627	10.0	2565.7289640903473
86	97.51852	3.0060482	100.0	89.2	177.2037	31.218088	15.497104	62.955788	-15.873461	870000	-5.2154064e-08	29.300375	-0.0059077577	-6.7152514	0.34543177	0.015577111	0.06370637	5.0	2595.7051723003387
87	96.85926	5.5800753	100.0	64.6	182.53703	31.570751	14.205853	62.612404	-5.099204	880000	2.3593506e-08	37.710773	-0.004718906	-7.481161	0.3347024	0.015379723	0.07040704	6.0	2624.218091249466
88	97.163635	3.6088965	100.0	85.0	176.12727	30.912382	14.249998	62.39294	-8.87488	890000	8.381903e-09	28.961527	-0.007537596	-4.717869	0.3305683	0.015507802	0.077107705	19.0	2655.295455932617
89	97.27637	3.8329654	100.0	78.4	175.94545	31.341597	14.866319	61.90432	-4.213721	900000	4.656613e-08	28.741156	-0.0060957144	-3.2128837	0.33215976	0.016032623	0.08180818	16.0	2685.083892583847
90	96.88214	4.5811386	100.0	72.0	177.48215	31.440228	14.660239	61.89335	-14.765021	910000	-3.601114e-08	33.716568	-0.006185137	-4.8069177	0.34056023	0.015453853	0.06730673	14.0	2717.4318635463715
91	97.19629	3.6734264	100.0	84.4	181.90741	30.639484	14.706693	61.892464	-5.650498	920000	2.4835268e-08	32.58624	-0.009006026	-5.341421	0.33900928	0.01502421	0.07460746	14.0	2746.3990926742554
92	97.82182	2.3758407	100.0	92.0	177.41818	31.337788	14.294488	61.829628	-2.3979297	930000	6.2088173e-10	30.372803	-0.006432842	-4.0265336	0.3424088	0.015416603	0.06660666	14.0	2775.1556718349457
93	97.230194	3.633263	100.0	79.0	175.24529	30.469294	15.550214	62.398582	-22.32879	940000	-6.208817e-09	36.013905	-0.00991542	-4.877375	0.33691812	0.015265812	0.07920792	31.0	2804.348712205887
94	97.692856	3.7646794	100.0	77.2	174.48215	31.576231	14.534971	61.511227	-6.417669	950000	-1.4901161e-08	33.72792	-0.0073866174	-5.063925	0.34827086	0.015175064	0.066506654	13.0	2836.0284793376923
95	97.84285	2.6551073	100.0	87.4	174.625	32.189465	14.46442	61.62869	-12.101895	960000	-5.5879354e-08	31.133936	-0.007928538	-3.8977005	0.34597644	0.015021221	0.06940694	20.0	2863.735555410385
96	97.68727	2.6198583	100.0	89.8	178.47273	31.60161	14.709988	61.712788	-5.767151	970000	4.1909516e-08	29.335356	-0.0083517665	-2.930853	0.3413494	0.015094578	0.09150914	47.0	2896.36678814888
97	96.56364	7.560865	100.0	52.0	175.87273	31.358868	14.794957	62.320465	-3.8062897	980000	2.4059166e-09	36.09062	-0.0063864975	-4.2915072	0.34637132	0.015149605	0.075007506	10.0	2925.4041397571564
98	97.58929	2.9537919	100.0	86.8	176.14285	31.236965	14.813028	61.603863	-6.101854	990000	-2.2351742e-08	30.11912	-0.010857962	-4.0334306	0.34666416	0.015106007	0.08620862	52.0	2957.287426710129
99	97.01818	4.163438	100.0	77.8	180.14546	31.058792	14.800632	62.163853	-8.501811	1000000	-2.0799538e-08	30.830435	-0.0084576355	-3.5235386	0.34706065	0.015416957	0.069106914	20.0	2988.761864900589
100	98.03636	2.6152263	100.0	87.4	177.52727	31.559998	14.220227	62.260902	-21.84201	1010000	-2.9491882e-09	28.456682	-0.007996663	-3.1993306	0.3418912	0.015442523	0.07820782	20.0	3018.5509572029114
101	97.522224	3.0178285	100.0	88.0	178.2037	31.935337	14.351828	62.33775	0.17961937	1020000	-3.3838052e-08	25.524994	-0.008444657	-3.2395477	0.35012236	0.015234477	0.07840785	27.0	3049.2308428287506
102	97.06296	4.56976	100.0	74.8	179.57408	31.012867	15.071994	62.551506	-20.729593	1030000	-9.934108e-09	32.808685	-0.00751319	-4.327928	0.35036626	0.015459959	0.080708064	14.0	3078.9749500751495
103	94.781815	15.80404	100.0	-10.0	176.72728	31.162237	14.820572	62.731445	-3.346768	1040000	1.7384687e-08	89.03894	-0.0065993723	-16.558302	0.35735533	0.015178482	0.06260627	8.0	3107.1284968852997
104	96.97858	7.3069124	100.0	47.2	174.71428	30.456951	15.755889	61.15774	-33.79358	1050000	7.450581e-09	35.936783	-0.008107789	-8.751929	0.3580265	0.0155103095	0.07220722	9.0	3136.058751106262
105	97.64363	2.5008194	100.0	92.0	177.03636	31.696407	14.808019	62.646873	-9.181802	1060000	-1.2417634e-08	33.27342	-0.009636008	-8.469207	0.35281006	0.01520137	0.07730773	22.0	3168.0191469192505
106	97.45556	3.6070747	100.0	77.8	177.18518	30.977364	14.979699	61.770397	-14.532177	1070000	-6.208817e-09	29.146309	-0.006619364	-4.0936666	0.34723338	0.015757203	0.07190719	12.0	3196.6353833675385
107	97.88929	2.5969543	100.0	87.4	172.05357	32.004242	14.701826	62.762516	-8.702719	1080000	1.3659398e-08	27.509346	-0.0064020953	-3.1940835	0.3629929	0.016416753	0.06810681	10.0	3226.2800028324127
108	94.82143	22.361404	100.0	-70.0	175.28572	31.718212	14.861033	61.78815	-1.29282	1090000	-1.2417634e-08	90.561455	-0.00519645	-15.80293	0.35472775	0.015424311	0.08860886	12.0	3257.9139590263367
109	97.68001	3.180761	100.0	82.0	177.10909	31.179432	14.278932	58.752316	-14.0971	1100000	-7.761021e-09	30.677002	-0.0103194425	-5.7403398	0.34965268	0.01558574	0.08930894	33.0	3286.113646507263
110	96.96296	5.121787	100.0	68.2	179.53703	30.827364	15.018226	62.742374	-11.8557825	1110000	-2.4835268e-08	36.801537	-0.009542902	-6.6956515	0.37509802	0.015190189	0.075207524	14.0	3316.1806812286377
111	97.96	2.1706812	100.0	94.0	175.27272	31.233986	14.5266485	61.817997	-2.995064	1120000	1.6763806e-08	28.189932	-0.0053012795	-3.749265	0.36909628	0.01548132	0.06950695	8.0	3345.275895357132
112	96.7891	5.248226	100.0	65.8	177.83636	31.539637	14.578011	62.143017	-2.2721996	1130000	1.5677264e-08	30.832617	-0.0065607186	-4.4655213	0.35639396	0.016817925	0.07820782	9.0	3376.3012232780457
113	97.932144	2.283568	100.0	92.0	174.98215	31.646317	14.535199	61.67469	-14.604872	1140000	-4.0978193e-08	29.388092	-0.004933793	-4.457464	0.35582247	0.016114198	0.08010801	8.0	3406.7207131385803
114	97.89455	2.7142339	100.0	86.2	176.07272	31.119547	15.321624	62.624256	-26.242817	1150000	-4.346172e-09	34.80082	-0.0056843683	-3.9002979	0.360082	0.01505437	0.08350835	10.0	3434.4191212654114
115	97.10741	4.4589844	100.0	76.0	179.59259	30.872877	14.675199	61.977566	-28.65953	1160000	-2.3593506e-08	38.06233	-0.0070124823	-9.103361	0.37366173	0.015121299	0.081408136	13.0	3466.3866682052612
116	96.694115	4.3984585	100.0	81.4	188.47058	30.134062	14.586761	63.24815	-23.250298	1170000	1.6142925e-08	34.5997	-0.007865678	-6.5068016	0.35714757	0.015914315	0.07420742	14.0	3494.0425758361816
117	96.0	14.73665	100.0	-10.0	179.68518	29.796572	14.944275	62.40849	-25.300404	1180000	-1.4901161e-08	63.29944	-0.0077374815	-20.782438	0.35492054	0.015395557	0.07660767	17.0	3526.7243337631226
118	97.58148	4.136248	100.0	72.4	179.68518	30.7385	14.549942	62.243687	-10.284392	1190000	-1.6142925e-08	30.839228	-0.00809263	-5.959827	0.35060713	0.015015371	0.0730073	19.0	3555.9315683841705
119	95.73077	5.6331277	100.0	68.0	189.57692	29.823042	15.107443	63.038483	-21.6051	1200000	1.6453365e-08	47.044575	-0.010901693	-13.362808	0.34972918	0.015048966	0.08730873	16.0	3586.1696059703827
120	96.28149	6.061233	100.0	70.6	180.98148	30.258102	14.397811	63.22067	-21.60998	1210000	2.7939677e-08	46.474533	-0.0062918663	-8.656575	0.35079762	0.015109289	0.06540654	9.0	3616.1134877204895
121	97.01132	3.3061218	100.0	84.0	180.0	30.500782	14.495417	61.616295	-11.581751	1220000	3.1044085e-08	45.601048	-0.0070706257	-6.291268	0.34129408	0.015518594	0.07190719	13.0	3646.5462317466736
122	97.67637	2.3551853	100.0	92.8	176.92728	31.350254	14.476323	62.134426	-8.887272	1230000	-1.8626451e-08	30.46634	-0.0061841146	-5.1965365	0.34869552	0.015054032	0.06650665	10.0	3675.4541685581207
123	97.78889	2.8019621	100.0	89.2	178.37038	31.58503	14.513106	61.73992	-15.758279	1240000	-1.7695129e-08	27.522095	-0.005302571	-3.026282	0.34551835	0.015077092	0.07760776	12.0	3706.0717418193817
124	97.90909	2.7091277	100.0	86.0	174.12727	31.686096	14.725839	62.325424	-5.73042	1250000	-3.601114e-08	26.454935	-0.003898476	-3.1915958	0.3545883	0.0152496295	0.056005597	8.0	3732.9381415843964
125	97.78888	3.62551	100.0	80.0	177.03703	31.499092	15.001914	62.192043	-17.907257	1260000	-3.228585e-08	28.361547	-0.0064320867	-3.9113743	0.3447021	0.015711954	0.0720072	11.0	3763.518946647644
126	97.73214	2.4986498	100.0	91.0	174.48215	31.451889	15.084812	62.31398	-9.32912	1270000	1.14863115e-08	29.225412	-0.0066150515	-4.617398	0.35396385	0.016435226	0.08480849	12.0	3792.6471252441406
127	97.703705	2.2126706	100.0	92.2	178.48148	31.342194	14.647253	61.64949	-0.7354425	1280000	2.9802322e-08	27.859762	-0.011633672	-4.316431	0.34875238	0.014696136	0.083708376	79.0	3824.676955461502
128	97.67037	3.3278081	100.0	85.0	179.64815	31.184763	14.459322	63.015476	0.90077186	1290000	-1.9868216e-08	32.1358	-0.008002086	-3.9682438	0.35721484	0.015524358	0.08180818	16.0	3855.8401243686676
129	97.876366	3.6578164	100.0	77.8	178.5091	31.52425	14.529294	62.730106	-9.205244	1300000	-2.9802322e-08	32.868744	-0.005479745	-3.7320888	0.3566188	0.015000339	0.081908196	10.0	3884.641703605652
130	98.15926	1.8432575	100.0	94.0	178.96297	30.951542	14.962107	62.076622	-24.407211	1310000	1.2417635e-09	28.675093	-0.009015188	-4.931417	0.3595592	0.015290183	0.08030803	22.0	3915.1024136543274
131	97.936844	2.702346	100.0	86.8	171.3158	32.164833	14.714909	62.03874	-4.1162944	1320000	1.4280279e-08	25.15843	-0.0069351792	-2.080246	0.35550725	0.01565805	0.085708566	18.0	3945.611156463623
132	97.8	3.1316783	100.0	80.2	179.90741	31.290092	15.015483	62.42831	-5.6392517	1330000	-2.3593506e-08	28.264853	-0.00945633	-4.368746	0.35739002	0.015017732	0.082808286	24.0	3973.101214170456
133	97.31072	5.2072644	100.0	66.0	172.17857	31.690495	14.970226	61.82286	-5.3879604	1340000	6.829699e-09	26.96315	-0.0099427495	-3.8619277	0.36160746	0.0150016295	0.08350835	51.0	4003.8041746616364
134	97.50189	3.0904896	100.0	85.6	181.62263	30.711264	15.314297	61.935043	-22.299318	1350000	-3.1044085e-09	31.68368	-0.006296938	-6.794251	0.3582555	0.015861891	0.05860586	7.0	4033.607565164566
135	97.27924	3.0087519	100.0	88.0	183.83018	30.873707	14.50685	61.629356	-4.670969	1360000	-9.934108e-09	29.28338	-0.0058170594	-3.7265282	0.3625277	0.015929988	0.082208216	10.0	4061.589016199112
136	96.652824	5.672995	100.0	73.6	181.03773	30.721315	14.85623	61.917873	-15.732476	1370000	-1.1175871e-08	39.345448	-0.0049355184	-7.2769275	0.35673356	0.015226017	0.06250625	7.0	4090.519723892212
137	96.89455	4.5480633	100.0	76.0	177.72728	30.923018	14.377416	62.12127	-2.4828353	1380000	8.381903e-09	35.10971	-0.006904999	-8.001012	0.36221564	0.01565513	0.06750675	11.0	4121.328915596008
138	96.82963	5.5917144	100.0	63.4	179.61111	30.75915	14.985302	62.430897	-5.158846	1390000	3.7873786e-08	35.677685	-0.00566639	-6.0988555	0.34652925	0.015128265	0.06520652	9.0	4149.961936712265
139	95.329636	16.080914	100.0	-20.0	182.64815	30.405506	15.138552	62.382816	-17.326567	1400000	-2.483527e-09	79.350914	-0.007052233	-35.81973	0.34285125	0.01507792	0.06460646	9.0	4180.377544879913
140	97.44815	3.9078145	100.0	74.8	175.74074	30.762888	14.890785	64.28846	-15.538049	1410000	7.450581e-09	40.627712	-0.004430261	-6.010259	0.34458134	0.016986204	0.05960596	5.0	4209.03807759285
141	97.44	4.602355	100.0	75.4	176.81818	30.440712	16.047	63.987564	-34.99643	1420000	1.0554989e-08	40.984547	-0.0068507693	-14.5403595	0.34275535	0.016750528	0.07230723	7.0	4240.90936923027
142	97.543396	3.8970482	100.0	76.0	181.1132	30.581663	15.1428	62.06637	-28.821321	1430000	1.990702e-08	37.95694	-0.0070268144	-7.446199	0.35652998	0.015968531	0.0649065	6.0	4269.471300601959
143	97.83571	2.368878	100.0	92.8	173.5	32.15475	13.7922735	57.99019	-7.1847267	1440000	-7.450581e-09	27.937698	-0.007788796	-5.9089446	0.34673324	0.015223199	0.0820082	11.0	4299.3252465724945
144	97.46786	3.3205585	100.0	84.0	175.78572	32.02796	14.624691	62.12364	-3.837384	1450000	-4.656613e-10	27.66274	-0.006396772	-3.3805473	0.34319463	0.015100437	0.07540754	12.0	4328.024381160736
145	96.16603	9.714547	100.0	31.0	180.28302	31.020096	14.715956	62.208427	0.506811	1460000	-9.934108e-09	42.504395	-0.0075365934	-7.8292828	0.350788	0.015377141	0.073507346	13.0	4355.498153209686
146	97.55849	2.5739944	100.0	92.2	180.45284	30.410908	14.613316	62.00474	-8.595908	1470000	-2.2972623e-08	28.676819	-0.0054755025	-3.3332107	0.3464214	0.015550883	0.07480749	13.0	4383.474418878555
147	94.68727	17.354769	100.0	-30.0	179.76364	30.157267	15.447487	62.00057	-32.23365	1480000	3.7252903e-09	53.86845	-0.008810371	-20.542536	0.3632194	0.015181821	0.089308925	12.0	4414.164774894714
148	96.856606	4.0559063	100.0	77.8	179.33963	30.41955	15.129792	61.364464	-11.5153055	1490000	-3.1044085e-08	34.206547	-0.008595567	-6.284668	0.34382236	0.015340999	0.0809081	20.0	4443.086960554123
149	97.48148	3.2075186	100.0	84.0	178.33333	31.352386	14.326516	61.28471	-8.732101	1500000	-1.6142925e-08	30.271112	-0.0069508334	-3.6320884	0.34992778	0.015446556	0.093509346	18.0	4470.275785446167
150	97.192856	3.6866486	100.0	76.0	176.28572	31.291153	14.680285	61.71082	-5.6157355	1510000	1.3659398e-08	31.382538	-0.008509682	-4.5343404	0.35099328	0.015131843	0.07380738	32.0	4504.278717041016
151	97.56492	2.4486656	100.0	91.6	172.1228	31.60384	15.204438	61.82581	-8.842121	1520000	-7.605801e-09	26.083036	-0.0059785047	-2.676026	0.35056376	0.015020599	0.072707266	10.0	4535.53716135025
152	96.13334	4.702561	100.0	71.2	177.03703	31.246874	14.997629	64.17906	-13.520307	1530000	-6.208817e-09	32.463276	-0.010308994	-3.8880405	0.35032555	0.015018593	0.07620762	23.0	4562.876763343811
153	97.69475	2.527909	100.0	90.0	171.98245	31.501614	14.367834	61.835278	-0.84629345	1540000	-1.6142925e-08	25.609156	-0.0057654753	-3.0557244	0.33905196	0.015351818	0.05540554	12.0	4591.963658332825
154	97.96491	2.3697278	100.0	91.6	171.1579	32.274136	14.888247	62.455933	-1.938508	1550000	0.0	27.82221	-0.006475028	-2.8116207	0.3370513	0.015216189	0.07150715	19.0	4620.325254917145
155	97.76667	2.8075955	100.0	86.0	178.75926	31.66952	14.894381	63.79429	-11.598573	1560000	2.2351742e-08	27.284784	-0.00718556	-3.400678	0.34715453	0.015430555	0.076207615	12.0	4648.45726108551
156	97.425	4.7324204	100.0	67.6	173.01785	31.519356	14.822775	62.040966	-7.693897	1570000	-4.967054e-09	28.848328	-0.007549034	-5.1130524	0.3595946	0.0152114825	0.089108914	17.0	4678.2944922447205
157	98.21724	2.0835261	100.0	91.0	169.94827	32.438183	14.754312	62.784645	-4.450614	1580000	1.2417635e-09	23.658655	-0.0065211994	-2.7072258	0.34498262	0.016804634	0.08100811	10.0	4709.132210254669
158	98.073685	2.5916548	100.0	87.4	173.22807	32.26729	15.126304	62.92395	-0.82610285	1590000	9.080395e-09	24.794577	-0.0064297244	-2.091025	0.34562764	0.0155592235	0.07180718	14.0	4738.6560797691345
159	97.51786	3.6997635	100.0	76.0	176.30357	31.789219	14.907919	63.04467	-10.414147	1600000	3.1044085e-09	30.505823	-0.006118788	-3.8982346	0.35567126	0.015449916	0.069206916	13.0	4767.468245506287
160	97.39286	6.617397	100.0	53.2	172.03572	31.583471	14.947192	61.549076	0.14711678	1610000	1.4901161e-08	36.565136	-0.008900627	-5.4722934	0.3583932	0.015190954	0.07280728	18.0	4795.251065969467
161	97.54074	2.895879	100.0	88.0	178.90741	31.253233	14.711219	63.215652	-5.4124074	1620000	-2.3283064e-08	32.99069	-0.010431398	-5.6486382	0.35692978	0.015424351	0.085708566	38.0	4827.226047039032
162	96.01961	8.065152	100.0	44.8	186.80392	29.842209	14.896904	63.40799	-10.332294	1630000	-1.3659398e-08	41.763973	-0.00808189	-6.4048686	0.35785675	0.015100736	0.07040704	11.0	4857.760311365128
163	97.96667	2.6214924	100.0	88.0	179.48148	30.437712	13.953235	63.78167	-5.4842496	1640000	1.3038516e-08	30.985168	-0.007854242	-5.6831613	0.35257933	0.016160578	0.095109515	17.0	4887.492691993713
164	97.71637	2.768837	100.0	89.8	174.32727	31.497244	14.847514	63.702423	-3.7452083	1650000	-3.1354528e-08	25.522842	-0.0052442625	-2.5245278	0.35950062	0.015262496	0.07730773	8.0	4915.18599653244
165	97.39286	3.5638993	100.0	80.0	176.01785	31.735117	14.747821	63.76065	-11.894407	1660000	-1.2417635e-09	30.871765	-0.0063205757	-3.3653011	0.35842642	0.01531722	0.06050605	15.0	4945.1521916389465
166	97.95637	2.4050527	100.0	90.0	175.74545	31.791714	14.432823	63.105152	1.7682993	1670000	1.2417634e-08	27.164465	-0.0070609003	-3.1615257	0.35207906	0.015058576	0.084808476	20.0	4975.123120546341
167	97.76429	3.8744783	100.0	75.4	177.08928	31.389437	15.17659	63.46306	-1.5911088	1680000	6.829699e-09	28.954206	-0.008452845	-3.8956044	0.36106035	0.015608656	0.08730873	18.0	5004.410538434982
168	97.62182	3.096666	100.0	84.0	179.92728	31.065397	14.521214	62.408447	0.6611738	1690000	-3.290673e-08	28.742876	-0.010113989	-3.5685349	0.3656026	0.015592337	0.093209326	24.0	5033.345973491669
169	97.011116	4.360839	100.0	79.0	178.11111	31.095442	14.654938	62.600735	-6.3771524	1700000	-1.6608587e-08	31.052048	-0.008188515	-4.2801976	0.36573413	0.016009046	0.07970797	13.0	5059.797600507736
170	97.07778	4.162516	100.0	76.0	180.87038	31.36581	14.2339115	61.883827	-9.143649	1710000	4.4703484e-08	34.497547	-0.006454289	-5.381576	0.35592625	0.015034339	0.08160816	9.0	5087.14901971817
171	91.12963	31.836067	100.0	-70.0	181.62962	30.14494	15.154524	61.73779	-20.15573	1720000	-2.2351742e-08	157.47435	-0.007854824	-51.090748	0.37408957	0.015809966	0.07130713	8.0	5117.366603374481
172	97.08888	5.086608	100.0	64.6	177.53703	30.170881	13.718705	57.21423	-16.937233	1730000	-8.692344e-09	50.222942	-0.008222047	-18.5691	0.37004647	0.015439066	0.07320732	16.0	5145.59313583374
173	97.814285	3.1710427	100.0	82.0	174.41072	31.307194	14.277006	59.859554	-10.463994	1740000	-2.3593506e-08	29.572767	-0.0043929163	-4.0683627	0.36083564	0.015035109	0.05680568	7.0	5174.405081272125
174	96.89259	4.8475595	100.0	76.0	178.64815	31.43568	14.712624	63.132057	-19.195044	1750000	-2.9802322e-08	34.413406	-0.0063251	-5.7359962	0.37238416	0.016787212	0.07380738	8.0	5205.291059732437
175	97.101814	4.350778	100.0	79.6	177.98181	30.837223	14.79631	63.21804	-16.233759	1760000	2.4835268e-08	32.392685	-0.0056386846	-4.66036	0.3627617	0.016041465	0.06960696	8.0	5233.58664560318
176	97.31072	6.2980633	100.0	53.8	175.82143	31.371773	14.7182665	62.527252	-10.111762	1770000	-3.973643e-08	32.650425	-0.00899254	-4.9363003	0.36043704	0.015313747	0.07120711	26.0	5264.0870995521545
177	97.72143	4.4443674	100.0	74.2	172.89285	31.551487	14.890332	62.468204	-20.093178	1780000	-5.525847e-08	31.266745	-0.0075461394	-5.2274666	0.36538038	0.015038796	0.0740074	13.0	5296.220048904419
178	93.84913	23.66516	100.0	-80.0	170.05263	31.9218	15.124049	62.918938	-12.367214	1790000	-9.934108e-09	81.420204	-0.005954437	-13.426316	0.36790824	0.024599673	0.08440844	8.0	5324.8945689201355
179	92.25306	21.849495	100.0	-10.0	197.61224	28.28106	16.202168	61.43987	-35.750713	1800000	1.4901161e-08	94.045685	-0.010377128	-35.778263	0.38634026	0.015759826	0.084708475	9.0	5355.167472600937
180	96.05098	9.14672	100.0	47.2	188.29411	28.1344	15.623432	55.50038	-23.093699	1810000	4.2219956e-08	56.772736	-0.011788259	-19.990202	0.3861694	0.01514088	0.092009194	16.0	5385.348370552063
181	97.25098	4.717567	100.0	76.0	188.58824	29.346249	14.745894	55.965435	-34.62396	1820000	1.4901161e-08	42.24173	-0.008117855	-11.45713	0.38762656	0.015245075	0.09280928	11.0	5411.840092897415
182	95.19246	16.91711	100.0	-20.0	184.94339	30.287315	14.6189785	56.14901	-34.675365	1830000	4.2219956e-08	66.59884	-0.0066503347	-22.001066	0.389075	0.015300858	0.10621063	7.0	5440.142713546753
183	97.26538	4.530193	100.0	74.2	186.5	29.727968	13.900223	56.014713	-14.615438	1840000	1.3659398e-08	40.08153	-0.0077212863	-9.538503	0.39475128	0.016839461	0.08410841	7.0	5471.218730688095
184	97.76666	3.0501366	100.0	82.0	183.46297	30.68102	13.563112	57.779762	-10.0872135	1850000	-2.363231e-08	28.229391	-0.009710657	-7.1765175	0.3880601	0.015117463	0.07810781	29.0	5501.52451300621
185	94.067924	16.9435	100.0	6.4	185.20755	29.642677	16.19895	57.572975	-38.162838	1860000	-1.3659398e-08	61.029064	-0.009828282	-18.847773	0.3854915	0.015387699	0.092709266	12.0	5533.131494760513
186	97.74074	2.688419	100.0	88.0	181.94444	30.123035	14.469282	55.91896	-13.556931	1870000	2.9181441e-08	37.10757	-0.009863689	-11.611717	0.38147068	0.0151332775	0.0940094	33.0	5562.109667539597
187	98.029625	2.2543478	100.0	89.2	181.40741	31.03382	14.125737	58.63555	-2.1253417	1880000	2.12652e-08	26.319464	-0.0044343993	-2.617038	0.37526247	0.015917096	0.07060706	6.0	5590.420627117157
188	95.48077	16.439133	100.0	-20.0	184.48077	30.305208	14.497455	59.287315	-18.233727	1890000	1.7384687e-08	76.77349	-0.006214836	-29.682936	0.3822887	0.015248551	0.0740074	8.0	5617.922104597092
189	97.96728	2.4789336	100.0	88.6	178.25455	30.691498	15.089688	61.106396	-39.94007	1900000	-2.1109978e-08	35.648956	-0.007309718	-8.981525	0.35994253	0.015276883	0.0780078	13.0	5648.645937681198
190	96.47548	7.7631183	100.0	48.0	182.32076	31.133987	14.642432	59.45202	-28.951674	1910000	4.4703484e-08	46.920002	-0.0067631565	-7.8512225	0.35879374	0.016170906	0.077107705	9.0	5678.440039396286
191	95.05357	15.146027	100.0	-10.0	175.19643	30.804651	14.33061	61.614185	-14.7362	1920000	5.5879354e-08	61.38242	-0.00740863	-22.560453	0.36140752	0.015644586	0.07150715	10.0	5706.370419025421
192	97.83859	2.5624654	100.0	86.2	171.08772	31.447681	14.82518	60.41158	-22.461113	1930000	-9.313226e-09	31.989166	-0.007966379	-5.0888104	0.35289702	0.01577539	0.08370837	14.0	5735.760452270508
193	97.799995	2.7514591	100.0	88.6	171.5614	32.283142	14.66065	62.204113	-5.521619	1940000	-2.9802322e-08	28.827194	-0.005318929	-2.676302	0.35827982	0.015132085	0.06430643	9.0	5764.625370979309
194	97.80357	3.125355	100.0	85.6	175.07143	31.875961	15.014031	62.70363	-15.01347	1950000	3.6476802e-08	28.971716	-0.0065952973	-3.4794934	0.35538936	0.01520681	0.068906896	13.0	5792.767910718918
195	97.97193	2.9256134	100.0	82.6	169.57895	32.452137	14.545784	62.53603	-0.35636628	1960000	1.1796753e-08	27.36669	-0.005429849	-2.2120335	0.3585191	0.015297187	0.068506844	10.0	5824.2296686172485
196	97.14909	6.2350583	100.0	56.2	178.36363	31.95102	14.700134	63.0589	-3.9895563	1970000	-1.7074248e-09	35.275112	-0.008265327	-5.6416945	0.359463	0.01512373	0.082308225	16.0	5853.385882854462
197	96.41818	6.1735244	100.0	65.2	176.03636	31.237524	14.720992	62.755695	-11.790344	1980000	3.7252903e-09	38.371155	-0.0056385747	-5.118147	0.3686025	0.016499989	0.07140714	8.0	5882.605320215225
198	96.95	6.838886	100.0	52.0	171.73215	31.560856	14.366457	62.43274	-13.588298	1990000	-2.4835268e-08	36.834084	-0.006410003	-4.5555477	0.3684361	0.015878055	0.063806385	13.0	5911.56112575531
199	97.5614	4.0423093	100.0	72.4	173.47368	31.063276	15.315027	62.426983	-25.043167	2000000	-1.6142925e-08	28.814133	-0.006924967	-5.051197	0.36989534	0.015510865	0.08250826	8.0	5939.920659065247
200	96.91321	3.650073	100.0	82.0	184.16982	30.730206	15.325926	61.326706	-20.357882	2010000	4.967054e-09	32.282413	-0.0059267585	-5.4459095	0.36234054	0.015355554	0.09250925	13.0	5969.09560084343
201	97.38596	4.3918366	100.0	70.6	171.8421	31.066423	14.900778	62.044125	-23.93069	2020000	-1.8626451e-08	31.064133	-0.007073387	-5.8110275	0.37211737	0.016091118	0.076907694	13.0	5999.391639947891
202	95.17408	17.464844	100.0	-30.0	179.77777	29.892515	16.307934	60.325165	-36.65552	2030000	1.4901161e-08	59.589355	-0.007820029	-20.669905	0.36310795	0.015240443	0.0929093	11.0	6027.7340259552
203	97.67407	2.33438	100.0	93.4	178.81482	31.064001	14.528803	59.31152	-9.251637	2040000	6.519258e-08	30.696615	-0.008700577	-4.252186	0.36410847	0.015400756	0.07880788	27.0	6055.93776345253
204	97.88364	2.3219712	100.0	94.0	176.3091	31.560572	14.65697	61.847733	-5.937249	2050000	-3.290673e-08	26.68381	-0.0069004116	-2.703104	0.3716062	0.015683515	0.06550655	13.0	6086.527942657471
205	97.8	2.6115823	100.0	88.0	178.27272	31.82084	14.460852	62.114063	-7.8095875	2060000	-2.7939677e-09	28.968767	-0.0065710284	-2.7491004	0.37040475	0.015409051	0.07060706	18.0	6115.584990262985
206	97.19616	3.0567682	100.0	84.0	187.26923	30.304201	15.518102	61.968983	-30.842583	2070000	-1.21071935e-08	37.162987	-0.0066782585	-7.5816784	0.3721052	0.015637944	0.07910791	11.0	6145.594717979431
207	97.0509	4.6753855	100.0	72.0	177.89091	31.345613	14.415155	62.032433	-25.480022	2080000	1.6142925e-08	38.033184	-0.0061293133	-6.454498	0.37236026	0.015639747	0.063006304	12.0	6175.562224388123
208	98.06296	2.2170463	100.0	93.4	179.24074	31.56285	14.069956	61.041615	0.96745265	2090000	-9.313226e-09	30.44146	-0.0077045728	-6.1829515	0.36880335	0.015092532	0.08760876	30.0	6203.889246702194
209	97.77037	2.7571876	100.0	87.4	177.22223	31.361248	14.699045	61.90284	-0.8401723	2100000	2.3748726e-08	27.328516	-0.007188395	-2.697075	0.38745698	0.015022568	0.06810681	17.0	6232.826388120651
210	97.82182	2.4809597	100.0	88.0	179.12727	31.251085	14.772158	62.37789	-4.1300273	2110000	5.5355486e-08	24.09817	-0.0076923524	-2.3487422	0.3866292	0.015264777	0.07210721	26.0	6262.373715400696
211	98.03272	2.6129086	100.0	88.0	178.05455	31.378618	14.803375	62.052414	-5.726924	2120000	-1.8626451e-09	26.226868	-0.004430688	-1.9668127	0.38642716	0.015374755	0.0620062	9.0	6292.466812372208
212	98.182144	2.2120695	100.0	91.0	173.55357	31.9862	14.657982	62.33424	-12.448679	2130000	4.0978193e-08	26.839674	-0.005520204	-3.247094	0.39510143	0.015547062	0.09220922	8.0	6321.8183624744415
213	98.221825	2.188789	100.0	92.2	175.92728	31.85595	14.977996	61.935135	-2.0843534	2140000	-2.6387474e-08	25.947744	-0.0060542957	-2.5479996	0.39534137	0.015374087	0.08180818	13.0	6351.033113956451
214	97.69056	3.306612	100.0	80.8	182.83018	30.847813	15.220419	61.671432	-16.543222	2150000	7.450581e-09	30.661371	-0.0075302417	-3.9981964	0.38925835	0.015261226	0.07750776	17.0	6378.583537817001
215	96.28302	5.7633104	100.0	70.0	183.81133	30.570004	14.304569	64.16182	-3.3085222	2160000	-1.3504177e-08	36.900646	-0.005282298	-5.458814	0.4014819	0.015097502	0.050305028	5.0	6409.943997144699
216	97.62858	4.242881	100.0	71.8	172.80357	31.396494	14.410664	61.801453	-35.37628	2170000	-5.5879354e-09	30.830221	-0.008008594	-6.51106	0.3913794	0.015805265	0.074307434	16.0	6437.470233917236
217	96.03846	11.90934	100.0	14.2	186.75	30.378006	15.221096	61.54482	-25.053963	2180000	1.7384687e-08	46.891285	-0.0070876665	-9.983196	0.39400205	0.015250475	0.063906394	13.0	6469.749266386032
218	97.543396	4.3606095	100.0	71.2	180.20755	30.62317	14.447341	60.02279	-35.922462	2190000	3.1044085e-09	34.10894	-0.004634417	-6.1010036	0.38204226	0.015116796	0.06120612	9.0	6496.487937450409
219	98.0	2.5507216	100.0	88.0	175.3091	31.129944	15.149089	61.85122	-4.4804068	2200000	7.636845e-08	28.83133	-0.0074925846	-6.285145	0.38614798	0.015834698	0.070907086	15.0	6528.033544301987
220	98.5	2.1213205	100.0	93.4	173.21428	32.13182	14.70034	60.853928	0.23667037	2210000	-4.40826e-08	26.510904	-0.006219639	-2.3139718	0.37017477	0.015308338	0.072507255	12.0	6556.775203704834
221	98.13077	2.3670444	100.0	89.8	182.0577	31.32448	15.111169	61.06231	-7.3955574	2220000	-7.326404e-08	32.093567	-0.006266417	-3.8212795	0.37285092	0.015165343	0.07960796	13.0	6584.437170267105
222	97.600006	3.4427178	100.0	83.8	184.26923	30.527758	14.82068	60.976883	-19.91991	2230000	2.4214387e-08	39.487904	-0.007835214	-7.5941067	0.3779805	0.01501478	0.080008	14.0	6613.763132810593
223	97.1	4.1976624	100.0	80.8	180.96297	30.881681	14.699373	59.65791	-9.015319	2240000	-4.5945246e-08	31.018454	-0.0070239916	-3.9019496	0.3972348	0.015074811	0.07020702	14.0	6642.712159872055
224	97.35439	3.7709918	100.0	80.2	173.82455	31.610598	14.787434	61.39686	-1.2354453	2250000	2.9181441e-08	29.66181	-0.006378729	-3.6229198	0.38308945	0.015716357	0.07490749	14.0	6671.590613126755
225	97.1	3.9206483	100.0	82.0	179.66667	31.098648	14.71177	61.695305	-21.346634	2260000	2.9802322e-08	33.23205	-0.010154409	-4.293398	0.38239107	0.015016017	0.08850885	32.0	6700.811569213867
226	96.755554	3.8752143	100.0	81.4	183.81482	30.54329	14.418607	61.608173	-7.0556035	2270000	1.4901161e-08	31.481241	-0.008239314	-4.593729	0.37482333	0.0156037435	0.090009004	15.0	6729.6652138233185
227	95.99607	6.657974	100.0	59.8	188.41176	29.202808	15.0317745	61.346077	-18.569954	2280000	4.967054e-09	37.26544	-0.008707915	-7.8218675	0.40045986	0.015569653	0.08110811	11.0	6758.30437541008
228	98.047264	2.3651912	100.0	92.0	175.56363	31.024181	14.155915	60.32479	-2.7035027	2290000	-3.7563343e-08	29.321348	-0.004777191	-6.507435	0.39307168	0.015623793	0.089108914	6.0	6785.44725894928
229	97.90877	2.6267374	100.0	88.6	171.49123	31.942026	15.132253	61.404217	-2.6309943	2300000	-7.450581e-09	28.142136	-0.0027194954	-3.3442376	0.39374575	0.015292031	0.05710571	5.0	6814.1203780174255
230	97.603775	6.8996572	100.0	50.2	180.4717	31.487047	14.6739855	61.648743	-30.148579	2310000	-9.934108e-09	34.09457	-0.007690137	-6.5329823	0.39435506	0.015876612	0.08420842	12.0	6842.800628423691
231	97.975	2.8382752	100.0	85.6	175.57143	31.674187	14.562704	59.42538	-6.826784	2320000	-3.4924597e-08	29.961142	-0.0073427097	-3.9124184	0.38487205	0.015776407	0.08600861	34.0	6872.36981678009
232	98.03158	2.621046	100.0	88.0	172.21053	32.075985	14.96823	61.317974	-4.174274	2330000	4.5945246e-08	28.020262	-0.008378309	-3.109647	0.3884019	0.015474565	0.08450846	35.0	6902.74756526947
233	97.69455	3.0191765	100.0	87.4	175.96364	31.90485	14.910122	62.02029	-3.2446928	2340000	-3.7252903e-09	29.102346	-0.006464427	-5.058935	0.38414988	0.015507386	0.06990699	11.0	6931.750839948654
234	98.24286	2.2445858	100.0	93.4	176.125	31.725937	15.180936	61.477192	-3.5720968	2350000	2.483527e-09	25.987757	-0.0031917344	-2.2784805	0.38287362	0.015376161	0.052305233	7.0	6963.89263010025
235	97.433334	3.0949779	100.0	87.4	177.68518	31.223711	15.171952	61.48929	-12.297222	2360000	3.7873786e-08	33.403072	-0.005135559	-5.1667213	0.3789313	0.016201166	0.06650665	7.0	6991.643137454987
236	97.26297	5.8825326	100.0	59.8	178.2037	30.843851	14.8437	62.101772	-12.367228	2370000	-5.2154064e-08	37.026825	-0.0036227268	-8.449024	0.38571915	0.01838624	0.049304932	5.0	7021.068256378174
237	96.50741	8.7443285	100.0	40.0	180.09259	30.94934	14.9152975	61.82334	-8.488075	2380000	-2.173086e-08	37.9617	-0.005534927	-7.1268826	0.38300383	0.016040197	0.079807974	8.0	7052.297772407532
238	97.70909	4.2242284	100.0	77.2	176.96364	31.219275	14.40501	61.685993	-18.889215	2390000	-4.284084e-08	33.022167	-0.00657455	-5.1798	0.3797677	0.015295629	0.09140915	9.0	7080.409995317459
239	98.221436	3.1768541	100.0	80.2	173.82143	31.752317	14.578494	62.24568	-17.464382	2400000	3.7252903e-09	27.60079	-0.005245406	-3.1314106	0.3792517	0.015236449	0.069806986	11.0	7110.867679357529
240	98.185715	2.7178926	100.0	85.6	175.82143	31.881927	14.800136	61.92919	-15.59377	2410000	6.208817e-09	25.332489	-0.008125958	-2.0929432	0.36930287	0.015265736	0.06790679	27.0	7141.183526992798
241	98.10545	2.3676164	100.0	90.4	175.01819	31.914448	14.622685	61.804783	-1.4192803	2420000	6.208817e-09	28.211624	-0.009064169	-2.1702168	0.36294505	0.015075554	0.07910791	38.0	7170.379794836044
242	98.11579	2.690581	100.0	85.6	169.73685	32.46551	14.657657	62.153072	-8.941918	2430000	-6.721044e-08	23.766642	-0.005902402	-1.863753	0.36409163	0.015765188	0.05490549	11.0	7199.337991952896
243	97.52281	4.7039747	100.0	67.6	173.36842	32.23568	14.948617	62.276054	-13.722966	2440000	6.829699e-09	33.622223	-0.0070237233	-4.8883457	0.36940145	0.015719423	0.06610661	13.0	7230.050607204437
244	97.82182	2.629531	100.0	86.8	179.12727	31.565485	14.541941	62.505604	-6.678125	2450000	1.2417635e-09	31.473114	-0.004743865	-5.4275002	0.3632872	0.016556563	0.07660766	8.0	7257.482450008392
245	98.025	2.5947921	100.0	88.0	174.625	31.753078	14.679698	62.287376	-0.8980398	2460000	-6.208817e-09	26.617594	-0.0061790347	-2.6572826	0.36250058	0.015436284	0.07550755	15.0	7285.370619535446
246	97.56296	4.420001	100.0	70.6	178.2037	31.67168	14.509023	61.688084	-16.835682	2470000	0.0	30.93778	-0.0062001734	-3.0705178	0.35596672	0.015676549	0.07740774	17.0	7314.295863628387
247	98.27143	2.228205	100.0	92.8	174.66072	31.388824	15.018144	61.75379	-7.477092	2480000	1.2417634e-08	26.335264	-0.0070653004	-2.5067139	0.36010894	0.015424993	0.07670767	24.0	7343.845417976379
248	97.7158	4.0821295	100.0	74.8	170.07018	32.3736	14.950885	62.21315	-12.365827	2490000	1.8626451e-08	27.418524	-0.006482559	-2.3807812	0.35559332	0.015199066	0.06040604	20.0	7372.412031650543
249	97.751854	2.5733495	100.0	88.6	179.88889	31.441525	14.994711	61.221443	-2.6948564	2500000	-4.9670536e-08	26.851858	-0.008788998	-3.0267708	0.3486698	0.015133406	0.08330833	38.0	7401.407261610031
