Epoch	AverageEpRet	StdEpRet	MaxEpRet	MinEpRet	EpLen	AverageVVals	StdVVals	MaxVVals	MinVVals	TotalEnvInteracts	LossPi	LossV	DeltaLossPi	DeltaLossV	Entropy	KL	ClipFrac	StopIter	Time
0	54.920002	44.55029	97.0	-53.333332	465.6	5.7152176	13.000552	33.85358	-57.37906	10000	-9.623666e-09	103.62445	-0.008343744	-25.580261	0.35597274	0.01643895	0.063906394	4.0	25.28226923942566
1	65.28333	23.81802	97.0	13.0	515.6111	7.174747	12.540778	37.51508	-52.600666	20000	0.0	72.86664	-0.00881948	-20.429022	0.3562101	0.015301558	0.060906094	6.0	47.61485695838928
2	60.77037	29.905626	91.9	-13.333333	510.66666	6.912211	12.160091	34.976357	-51.416725	30000	-3.228585e-08	85.66801	-0.0074197003	-25.258703	0.34466925	0.01618124	0.059705973	8.0	70.40515351295471
3	60.824078	30.63806	100.0	-6.6666665	528.44446	7.0683074	11.767073	34.204025	-47.152103	40000	1.8626451e-09	68.9105	-0.010506295	-15.135384	0.34954786	0.016278423	0.08750876	12.0	93.12841987609863
4	63.64912	32.233803	94.0	-26.666666	481.0	7.147947	11.869546	35.377647	-45.918716	50000	6.208817e-09	87.07595	-0.009310888	-32.315327	0.35889694	0.015482359	0.07270727	9.0	116.59893727302551
5	61.465004	38.99074	100.0	-33.333332	465.45	8.145899	10.391139	34.162865	-40.061325	60000	1.9868216e-08	93.15845	-0.009217638	-28.857122	0.3527744	0.016136535	0.06730673	10.0	139.27172017097473
6	64.85741	33.388798	100.0	-20.0	528.3333	8.29431	10.984254	34.538063	-51.73262	70000	-2.483527e-09	84.053764	-0.009270851	-26.359406	0.34944287	0.01641236	0.09210921	12.0	162.26358652114868
7	69.63333	25.892963	94.0	-20.0	509.1111	8.626076	10.219968	35.998657	-53.736095	80000	0.0	66.856476	-0.009670633	-20.474213	0.36381674	0.01627118	0.06720672	9.0	185.18530297279358
8	67.07037	28.581635	94.0	-13.333333	515.3333	7.666607	10.118972	31.55537	-36.424156	90000	-2.483527e-09	71.201004	-0.009843075	-18.148455	0.35071376	0.015704075	0.06410641	10.0	207.55038237571716
9	54.949123	42.0143	91.0	-40.0	481.8421	7.93646	10.71815	34.350037	-41.92464	100000	1.9868216e-08	112.66123	-0.012439259	-36.49667	0.34873617	0.015055719	0.08660867	22.0	232.2194323539734
10	59.444443	32.04147	94.0	-13.333333	541.1111	6.8455577	12.273385	34.994774	-53.5185	110000	3.290673e-08	70.20935	-0.011499488	-15.319379	0.3443201	0.015668303	0.0790079	19.0	256.66073775291443
11	53.468334	39.06511	94.0	-26.666666	477.35	5.8817997	12.234866	33.99043	-53.819157	120000	-7.450581e-09	73.21198	-0.0108566275	-15.931118	0.36003613	0.015110098	0.07110711	14.0	281.3695969581604
12	63.766666	29.692015	94.6	-13.333333	493.0	6.843242	11.895625	32.71624	-50.985588	130000	1.0554989e-08	62.131454	-0.009654122	-15.577279	0.36971065	0.015050404	0.07970797	9.0	305.0931627750397
13	53.690002	42.565063	97.0	-53.333332	463.95	8.361259	11.039646	34.119335	-58.116436	140000	-1.2417634e-08	105.94503	-0.01024668	-37.250813	0.36402723	0.015383092	0.07650765	13.0	331.7054719924927
14	59.356667	31.787062	97.0	-6.6666665	482.55	6.5974936	10.646478	31.73633	-46.704514	150000	-3.7252903e-09	96.4871	-0.011761374	-42.182377	0.36857477	0.015567128	0.08450846	13.0	356.2589056491852
15	55.498245	35.417763	90.1	-13.333333	503.8421	7.525434	12.725045	33.309578	-54.508892	160000	-1.5211603e-08	68.51116	-0.0072278883	-17.884748	0.3682545	0.015196283	0.06960696	8.0	381.0885260105133
16	53.673332	43.41694	89.2	-46.666668	466.55	6.228763	12.124946	32.36643	-58.14371	170000	1.2417634e-08	95.818214	-0.00823601	-29.99878	0.35992515	0.015706288	0.07040704	11.0	403.73162937164307
17	60.229828	39.774868	100.0	-33.333332	470.57895	6.891259	11.213795	34.40564	-48.93298	180000	1.086543e-09	119.29891	-0.009747551	-35.167767	0.37559855	0.015862111	0.064106405	10.0	428.3560838699341
18	60.64333	29.6039	92.8	-13.333333	483.45	7.0780306	11.922568	34.012955	-55.301136	190000	-1.4901161e-08	68.739174	-0.011435936	-18.093304	0.36666226	0.0150400745	0.08130813	12.0	452.0621991157532
19	61.54445	29.385187	91.0	-13.333333	527.0	8.140035	11.993916	35.058342	-62.151363	200000	-4.967054e-09	68.46723	-0.0079996465	-16.965452	0.3532846	0.015115015	0.06270627	8.0	475.0891115665436
20	57.79815	28.48484	91.9	-6.6666665	535.7222	7.8652534	10.328636	34.59544	-41.47598	210000	0.0	56.255657	-0.008444901	-14.746444	0.3464348	0.015354118	0.07450745	10.0	497.5446231365204
21	55.463493	31.845854	88.0	-20.0	468.61905	6.24116	11.090262	39.158653	-56.309074	220000	3.7252903e-09	91.115944	-0.008412489	-33.99152	0.3591721	0.016156984	0.075307526	9.0	521.9961428642273
22	71.2	19.18958	97.0	22.0	508.05554	7.752422	10.131286	34.986855	-47.959965	230000	-1.9868216e-08	50.632504	-0.008381615	-16.570604	0.34857854	0.015277262	0.06210621	8.0	547.2815551757812
23	60.766666	29.298428	94.6	-13.333333	508.05264	8.637688	10.762376	35.03904	-49.072342	240000	7.450581e-09	69.093254	-0.0072641983	-12.09633	0.36288103	0.016285295	0.057605762	7.0	569.1554989814758
24	59.81482	29.912344	90.1	-6.6666665	521.8333	7.9528394	11.279989	35.384926	-50.020058	250000	-1.1175871e-08	71.799385	-0.008993186	-13.79969	0.35444117	0.015531182	0.082308225	12.0	593.2236804962158
25	35.359997	48.52028	90.1	-46.666668	467.45	7.0624447	11.538067	35.511524	-42.34248	260000	-2.483527e-09	180.61806	-0.010155006	-56.799683	0.3707638	0.01567567	0.08120812	12.0	616.5266842842102
26	57.603504	34.08118	100.0	-6.6666665	494.73685	4.7914414	10.807812	36.06008	-42.289272	270000	-2.2351742e-08	98.79062	-0.010671762	-27.565622	0.365743	0.015110345	0.087208726	13.0	640.3650622367859
27	59.98947	28.891172	97.0	1.9	513.3158	6.5553546	11.339741	36.686035	-58.751465	280000	2.483527e-09	74.245995	-0.009547344	-21.454376	0.37245917	0.016272454	0.0860086	10.0	665.6068856716156
28	55.51754	31.173069	88.0	-26.666666	500.26315	7.4908457	11.295341	33.039726	-51.362118	290000	-1.1796753e-08	79.72328	-0.010450388	-18.76745	0.37162614	0.015050091	0.08320832	12.0	688.4101319313049
29	67.700005	22.712772	94.0	13.0	511.83334	7.3211126	10.961657	32.664463	-46.27119	300000	1.3659398e-08	65.878174	-0.010485423	-19.678976	0.3638641	0.015920749	0.07760776	12.0	710.6920177936554
30	62.824078	29.972393	92.8	-6.6666665	508.1111	8.656944	10.495912	34.875973	-56.32997	310000	-2.4835268e-08	66.29565	-0.0093056625	-15.174176	0.3603591	0.015974702	0.0720072	9.0	736.6500780582428
31	61.92778	30.390293	91.9	-13.333333	523.1111	7.889495	10.453493	34.272366	-55.678703	320000	-7.450581e-09	80.38505	-0.012753691	-13.546097	0.3602933	0.015208474	0.094209425	22.0	761.3106725215912
32	50.821053	42.653797	91.9	-46.666668	480.5263	7.056057	11.0831785	37.26728	-54.878414	330000	-9.934108e-09	140.03563	-0.009856287	-28.955381	0.37122914	0.015649782	0.0860086	16.0	784.2377619743347
33	57.807014	36.779037	97.0	-26.666666	478.8421	6.16593	10.770286	33.285316	-51.71942	340000	0.0	97.516815	-0.010448595	-20.581678	0.36372814	0.015224545	0.074307434	11.0	807.340836763382
34	62.824078	32.94942	91.0	-20.0	515.7778	7.6439652	11.018815	36.558712	-55.776066	350000	4.268562e-09	82.46244	-0.009746644	-21.209124	0.35342836	0.015207191	0.08770877	12.0	829.8849010467529
35	57.73158	39.404762	100.0	-46.666668	485.10526	7.437845	11.939317	34.265884	-53.32345	360000	2.173086e-08	103.67172	-0.009869821	-19.097084	0.3734423	0.016335197	0.0850085	10.0	852.2443614006042
36	64.52037	34.04846	100.0	-26.666666	530.0	7.8048615	10.77411	37.54709	-45.72432	370000	1.2417634e-08	81.42987	-0.006270544	-12.356898	0.34907982	0.015459812	0.05630563	6.0	874.4597480297089
37	62.17368	37.58241	100.0	-46.666668	498.73685	7.7200975	10.115667	32.52668	-42.29754	380000	0.0	80.49656	-0.009792316	-17.3556	0.35998476	0.015075691	0.08850885	10.0	897.7554833889008
38	50.90702	40.505978	100.0	-40.0	505.89474	7.4902854	11.595589	34.917263	-45.46788	390000	-3.7252903e-09	106.78781	-0.008073623	-30.708078	0.3663851	0.01598846	0.074107416	10.0	921.8708624839783
39	54.011665	33.682186	97.0	-13.333333	474.65	5.8844757	12.498955	35.906345	-54.59428	400000	7.450581e-09	84.72411	-0.0076714065	-20.782784	0.3619288	0.016852401	0.06480648	8.0	946.2433130741119
40	56.690735	27.743681	91.9	-6.6666665	530.2222	7.2559323	11.35754	34.47852	-52.34757	410000	-1.5522042e-08	74.344444	-0.006154783	-19.52837	0.36083364	0.015514678	0.04470447	5.0	968.664103269577
41	63.698147	31.881783	100.0	-6.6666665	530.5	6.9143324	11.120823	32.889366	-47.234844	420000	-9.934108e-09	78.6644	-0.0058849095	-13.125659	0.34827211	0.016391015	0.06270627	6.0	990.9465548992157
42	67.583336	24.392103	91.9	16.0	521.3333	7.571868	11.124636	33.61367	-54.40155	430000	1.6142925e-08	56.539913	-0.009729126	-13.859363	0.35790467	0.015904186	0.0739074	12.0	1011.9460337162018
43	57.655	43.086243	97.0	-60.0	486.4	8.264563	10.813087	34.29475	-49.455887	440000	-1.6142925e-08	96.71671	-0.01030624	-25.470568	0.356505	0.015375855	0.08050805	15.0	1037.6161479949951
44	59.990738	39.046165	100.0	-20.0	498.66666	7.2040486	11.75011	31.56524	-57.47648	450000	0.0	123.78898	-0.009482972	-36.475197	0.3582283	0.015136354	0.07810781	10.0	1059.3555753231049
45	74.683334	18.602993	94.0	19.0	513.44446	7.9823904	11.107995	36.49524	-40.42292	460000	7.450581e-09	59.56137	-0.00768044	-22.48983	0.34901786	0.01539917	0.07150715	8.0	1080.4505188465118
46	57.348145	35.86682	91.0	-13.333333	510.66666	8.146616	11.620206	33.47514	-47.981663	470000	1.2417634e-08	94.7821	-0.008929829	-35.190384	0.34661135	0.015749544	0.075107515	14.0	1103.5991361141205
47	68.474075	26.980639	97.0	-6.6666665	512.5	6.9383893	10.6304245	33.324905	-35.47753	480000	3.1975407e-08	77.31626	-0.010541759	-24.049524	0.33590153	0.01574742	0.074307434	13.0	1126.1441745758057
48	65.861115	31.224674	97.0	-13.333333	526.1111	7.9842553	10.540314	33.420246	-42.256233	490000	8.692344e-09	70.02102	-0.0069518625	-10.2930565	0.3371593	0.015445729	0.0650065	8.0	1148.1871438026428
49	53.21754	44.657623	94.0	-73.333336	503.42105	7.2506804	11.295792	33.023975	-42.0865	500000	-1.7384687e-08	94.62609	-0.008812511	-20.466675	0.34516773	0.01644724	0.075407535	10.0	1172.4468774795532
50	57.907013	38.15596	94.0	-20.0	494.42105	6.420458	11.663901	31.473263	-40.2071	510000	2.9491882e-09	72.032974	-0.008042526	-12.921758	0.34576964	0.015122778	0.0640064	12.0	1196.1397411823273
51	60.54737	41.48982	97.0	-53.333332	484.5263	7.273383	11.397194	34.516445	-35.628906	520000	3.7252903e-09	92.96403	-0.008934892	-17.38927	0.3431939	0.0155888	0.07660767	11.0	1221.1167206764221
52	61.72281	35.957832	94.0	-40.0	502.4737	7.6638947	11.57169	33.881153	-38.959297	530000	1.4901161e-08	75.52233	-0.009075541	-21.217358	0.33489203	0.015803972	0.0620062	10.0	1243.816195487976
53	59.25614	39.922634	100.0	-60.0	477.21054	7.8428435	11.220004	32.512028	-47.254078	540000	7.450581e-09	117.16938	-0.01025924	-28.905905	0.3430345	0.01502996	0.079307936	20.0	1266.317617893219
54	65.28148	27.914547	91.0	-6.6666665	527.8333	8.041252	10.865223	32.189556	-60.946648	550000	1.8626451e-08	77.51254	-0.0075748353	-19.502945	0.3402621	0.015739746	0.059405938	9.0	1288.6323392391205
55	66.06482	29.112982	100.0	-6.6666665	531.3889	7.3306665	10.072158	31.99053	-35.86465	560000	-1.2417634e-08	73.32329	-0.010365863	-23.31478	0.33431032	0.015743135	0.08170817	14.0	1312.6963350772858
56	67.07407	26.982998	100.0	-6.6666665	518.0	7.2094035	11.744876	34.730965	-46.733997	570000	-3.228585e-08	65.95042	-0.00802622	-15.487236	0.3395382	0.015739178	0.071807176	9.0	1335.6693484783173
57	65.977776	29.658007	91.0	-13.333333	542.1667	8.391622	11.597944	33.0456	-44.132748	580000	-2.483527e-09	62.430573	-0.008254508	-12.13466	0.33496413	0.015829945	0.07740774	11.0	1358.4065628051758
58	60.674072	32.601566	97.0	-13.333333	525.5	7.7887526	10.969475	36.430008	-49.43062	590000	-8.692344e-09	82.98599	-0.011681423	-27.52212	0.34774467	0.015212591	0.081208125	29.0	1381.6298089027405
59	61.47037	30.625282	100.0	-13.333333	524.55554	7.071368	10.549775	37.31716	-47.27024	600000	-1.6763806e-08	76.718124	-0.009311694	-17.496832	0.33942553	0.015543577	0.07240724	9.0	1405.1524422168732
60	64.51667	35.48335	100.0	-20.0	506.0	7.626795	10.615388	33.764217	-42.245953	610000	2.483527e-09	80.63151	-0.0105609	-19.58999	0.34581628	0.015607675	0.089308925	16.0	1427.1785943508148
61	59.9	31.123684	100.0	-13.333333	552.58826	8.181287	10.886746	34.165165	-45.027596	620000	2.4835268e-08	69.33091	-0.007066487	-19.497765	0.3334217	0.015068981	0.05070507	6.0	1449.0416705608368
62	70.45	24.792791	100.0	13.0	526.7222	7.429834	11.018226	33.23487	-53.091454	630000	7.450581e-09	55.94455	-0.008019164	-12.053074	0.33725452	0.015834488	0.079807974	8.0	1471.224318265915
63	55.536846	36.178883	91.0	-33.333332	496.5263	7.8711143	11.710264	37.17194	-54.177155	640000	2.7318796e-08	68.16359	-0.009915023	-14.92003	0.3323661	0.015070182	0.079307936	15.0	1497.6980605125427
64	61.157402	32.079227	91.0	-20.0	508.5	7.3829165	12.344867	34.40898	-59.32048	650000	-1.8626451e-09	74.40429	-0.010295415	-17.089117	0.3365502	0.015441551	0.08010801	14.0	1520.127567768097
65	55.457893	35.71568	92.8	-33.333332	485.0	7.2129307	12.031885	34.496	-49.119385	660000	4.967054e-09	93.99581	-0.010907299	-23.062387	0.336411	0.015295236	0.08130813	14.0	1546.290137052536
66	47.768627	41.11944	97.0	-26.666666	547.58826	7.3223457	12.135817	33.055893	-58.476982	670000	-2.483527e-09	101.60078	-0.009346298	-26.050058	0.33463702	0.015192625	0.07590759	11.0	1568.642849445343
67	63.252945	31.28569	94.0	-13.333333	550.41174	6.1913357	11.485212	33.513035	-49.791874	680000	4.346172e-09	92.712135	-0.00915222	-29.03613	0.32497442	0.015463016	0.07590759	13.0	1591.4045219421387
68	54.390743	33.700756	91.9	-13.333333	535.3889	7.5115457	10.302936	35.604527	-48.18972	690000	-1.0554989e-08	90.82317	-0.010177614	-19.912672	0.32456374	0.015089754	0.07580758	10.0	1613.9827888011932
69	58.8537	35.63899	97.0	-13.333333	518.5	6.6480794	10.258689	33.238823	-45.669456	700000	-2.483527e-09	86.40436	-0.008792475	-22.014496	0.32968286	0.015230362	0.07330733	12.0	1636.5252940654755
70	64.11667	24.736237	91.0	10.0	521.0	7.0826287	11.620808	37.449966	-50.77696	710000	-3.7252903e-09	61.67206	-0.008083778	-16.448503	0.33746895	0.015478446	0.06810681	7.0	1658.724835395813
71	58.498043	30.521128	97.0	-13.333333	546.2353	7.9047337	10.896575	32.08029	-62.542072	720000	-2.5456151e-08	74.18246	-0.0101619745	-18.359274	0.32336202	0.0151297515	0.0790079	19.0	1681.2927207946777
72	54.67778	28.945902	88.0	-13.333333	529.2222	7.427076	11.010611	32.257706	-48.002346	730000	9.313226e-09	70.07732	-0.0089749945	-12.439003	0.33905885	0.01625353	0.078907885	11.0	1704.2148885726929
73	56.87407	27.971115	91.0	-6.6666665	514.7778	6.4892592	10.478523	32.09286	-48.011738	740000	4.967054e-09	80.35064	-0.009810775	-18.2993	0.33515415	0.015052223	0.07460746	10.0	1726.7425298690796
74	64.64444	30.143053	100.0	-13.333333	524.05554	7.3695226	10.091598	32.19137	-41.902073	750000	2.483527e-09	72.70521	-0.0091259	-21.31027	0.32774854	0.015585661	0.08030803	11.0	1749.436824798584
75	42.528336	45.862865	89.2	-86.666664	476.85	8.198433	10.256551	32.31935	-51.26376	760000	-1.0826625e-08	157.0221	-0.0072669163	-50.831524	0.3398131	0.015170234	0.06940694	7.0	1774.3988800048828
76	57.65741	27.473417	85.6	-6.6666665	520.94446	5.499243	11.047074	29.55667	-51.45545	770000	0.0	91.56986	-0.012180607	-39.141357	0.32866862	0.015431586	0.07460746	14.0	1797.4591927528381
77	42.325924	46.040306	94.0	-46.666668	521.2778	6.190722	12.074501	31.495087	-59.17658	780000	1.7384687e-08	131.21626	-0.010442615	-48.0388	0.32682776	0.01544258	0.07450745	11.0	1820.160705089569
78	55.70981	24.627481	88.3	-13.333333	542.82355	4.4156985	12.191639	32.480534	-56.3411	790000	-9.934108e-09	83.32638	-0.008966743	-36.186962	0.33069846	0.016033784	0.07240724	9.0	1844.4443855285645
79	62.40926	34.193863	94.0	-40.0	504.77777	6.9644437	9.898956	37.261337	-55.769344	800000	1.8626451e-09	98.62744	-0.007268054	-25.20835	0.3487769	0.016417794	0.07460746	8.0	1865.5822260379791
80	50.54902	39.595146	88.3	-46.666668	538.2941	7.9532394	8.906634	34.28946	-47.22826	810000	-2.3593506e-08	109.34989	-0.009227739	-27.976318	0.33076993	0.015731035	0.09190919	14.0	1889.2438955307007
81	63.383335	22.219467	91.0	13.0	523.6667	5.8564386	10.047415	33.43776	-51.57453	820000	4.3291948e-10	70.881386	-0.0067454944	-18.39639	0.32511207	0.015771497	0.074407436	8.0	1912.2543885707855
82	47.93889	36.472656	97.0	-40.0	526.94446	7.2662606	10.666106	33.230736	-50.67002	830000	1.2417634e-08	96.93746	-0.011596066	-21.709475	0.3324186	0.015487909	0.089908995	15.0	1933.8905701637268
83	61.857407	30.083822	97.0	-6.6666665	520.8333	6.018964	9.543706	31.433832	-39.280483	840000	7.450581e-09	82.251015	-0.01161642	-25.778536	0.34497413	0.015090872	0.076207615	20.0	1957.3792262077332
84	60.462967	35.762974	91.0	-40.0	504.22223	6.951833	10.960626	33.77541	-38.653008	850000	1.9868216e-08	76.96893	-0.007851277	-19.952415	0.33597538	0.015254405	0.0450045	6.0	1979.7238326072693
85	58.605556	36.55381	100.0	-6.6666665	512.0	6.9715524	11.541492	32.72667	-52.98332	860000	-1.8626451e-08	83.09731	-0.0076905545	-17.766409	0.33886185	0.01711062	0.09060905	8.0	2001.7319350242615
86	71.25	22.789087	100.0	1.0	528.94446	6.7755146	10.94039	36.015064	-39.61773	870000	1.7384687e-08	70.0404	-0.007363975	-29.870829	0.33022264	0.015529039	0.06930693	8.0	2025.1075019836426
87	65.42037	30.118341	97.0	-13.333333	516.6111	7.891146	10.483665	35.41639	-38.53799	880000	7.450581e-09	70.247795	-0.011025813	-18.999035	0.3243423	0.0153521225	0.08320832	17.0	2048.232983112335
88	59.845	42.699764	100.0	-86.666664	478.35	7.650732	10.782139	34.14468	-46.11778	890000	-1.4901161e-08	104.501045	-0.009395555	-22.149347	0.33157375	0.015924921	0.07890789	9.0	2072.8775544166565
89	58.85185	34.82961	93.7	-46.666668	505.66666	8.470357	9.904866	32.048416	-58.167225	900000	1.4901161e-08	105.43618	-0.007849373	-24.050272	0.3353807	0.017376807	0.06620663	6.0	2094.851200580597
90	56.714817	29.32849	85.0	-6.6666665	525.6111	7.0228825	11.149579	31.512438	-56.175312	910000	8.692344e-09	89.6297	-0.009129261	-26.485495	0.33806208	0.015083344	0.08420842	12.0	2118.9762897491455
91	66.73333	24.280422	97.0	13.0	500.05554	6.7660537	10.385452	34.1645	-45.346172	920000	2.483527e-09	68.74982	-0.010837216	-18.483873	0.33950642	0.015303649	0.076907694	15.0	2142.4798772335052
92	46.4807	42.465736	89.2	-66.666664	495.73685	7.550387	11.24773	33.659393	-48.778793	930000	-1.4901161e-08	130.05016	-0.0110221775	-49.357483	0.33611298	0.015033412	0.07750775	17.0	2167.3358430862427
93	65.03148	29.224735	94.0	-6.6666665	516.7778	6.3405337	11.28898	31.72678	-59.641777	940000	8.692344e-09	92.09908	-0.008734494	-32.944134	0.34584042	0.015659882	0.05830583	9.0	2190.9835517406464
94	46.778946	43.465923	100.0	-40.0	499.3684	7.683775	10.977399	35.579533	-54.84294	950000	0.0	141.04541	-0.010173745	-32.702183	0.33834717	0.015038432	0.07540754	11.0	2216.071495771408
95	60.550003	27.954653	93.7	10.0	520.3333	5.504202	11.263043	36.273327	-48.663788	960000	-3.1044085e-09	85.81725	-0.0076445695	-25.883642	0.34421977	0.015802251	0.06930693	8.0	2237.847100019455
96	60.192154	27.96705	97.0	-13.333333	546.7647	7.1996875	11.647615	35.514046	-57.13353	970000	-2.4835268e-08	56.300552	-0.008675704	-11.579333	0.33897424	0.016115164	0.07840785	11.0	2260.5055873394012
97	52.024075	33.160435	100.0	-20.0	522.7222	7.446477	11.083001	35.15037	-47.18629	980000	-2.2351742e-08	81.748474	-0.009101564	-16.372202	0.3477594	0.015808111	0.07170717	10.0	2286.71511054039
98	61.41053	25.959095	91.0	13.0	497.5263	6.696261	10.925494	30.919228	-58.802895	990000	2.483527e-09	64.99401	-0.013299796	-11.879768	0.34232152	0.015246597	0.08760876	19.0	2310.8110971450806
99	54.464706	33.709698	90.1	-13.333333	527.05884	7.6215014	11.49413	37.39474	-56.068558	1000000	9.934108e-09	90.717964	-0.007622627	-21.257145	0.32435298	0.015488386	0.07920792	9.0	2333.624606370926
100	54.38431	35.403385	93.7	-13.333333	547.05884	7.0736437	11.537832	32.99076	-52.487766	1010000	1.1175871e-08	86.43168	-0.006291093	-17.140932	0.3349813	0.015407056	0.05490549	8.0	2357.177842617035
101	55.93334	36.982502	100.0	-46.666668	520.2105	6.8642235	10.594641	33.092842	-43.328053	1020000	-1.2417634e-08	79.773575	-0.008442195	-22.6332	0.32342795	0.016031181	0.087408744	10.0	2382.0371074676514
102	54.191227	39.503937	96.4	-40.0	506.57895	6.9271455	11.7394085	33.08278	-57.283897	1030000	-5.2774944e-09	88.412575	-0.009473612	-25.273895	0.33320382	0.015068625	0.077707775	16.0	2407.9339656829834
103	72.64074	24.287437	100.0	-6.6666665	514.1111	7.0068192	10.251353	38.836315	-41.943005	1040000	-1.1175871e-08	85.735435	-0.007412719	-31.005945	0.32787475	0.016321218	0.05960596	9.0	2431.40283870697
104	63.49608	30.103537	97.0	-6.6666665	538.2941	9.360635	9.569715	32.47817	-38.78248	1050000	0.0	86.55273	-0.0077703693	-30.282394	0.33555332	0.015323739	0.073407345	9.0	2452.9423649311066
105	73.05294	25.634745	100.0	13.0	542.0	8.105699	10.03406	39.25668	-59.93433	1060000	-8.692344e-09	57.17693	-0.008367654	-17.800922	0.33220792	0.016113767	0.08060806	9.0	2476.790386915207
106	57.241177	35.54796	88.0	-33.333332	562.2941	9.398578	10.185098	35.761654	-59.45028	1070000	2.0489097e-08	99.64795	-0.01024478	-26.505836	0.33809996	0.016374856	0.0780078	10.0	2498.3827085494995
107	58.99804	34.239685	97.0	-6.6666665	546.0	7.620478	8.978699	34.289776	-32.16929	1080000	6.3640377e-09	99.50164	-0.012097773	-30.934692	0.35394943	0.015051975	0.09070907	20.0	2521.4941744804382
108	68.03333	26.233418	100.0	13.0	532.44446	7.5268908	9.92413	35.3499	-42.13887	1090000	6.829699e-09	102.524994	-0.0072241337	-46.27061	0.3469347	0.016461104	0.05810581	8.0	2546.021286010742
109	62.355556	34.030754	92.8	-6.6666665	520.0	8.480078	9.415779	32.826416	-38.918015	1100000	-3.7252903e-09	95.12719	-0.011361596	-42.0678	0.3480563	0.015448839	0.08050805	19.0	2569.1793434619904
110	66.13703	27.970879	100.0	-13.333333	523.6111	8.031479	11.238269	35.412582	-61.04319	1110000	1.9712994e-08	61.08168	-0.008331242	-15.200892	0.34393394	0.016456168	0.063906394	8.0	2591.6707055568695
111	70.37038	23.787085	100.0	-13.333333	511.3889	8.59622	10.142186	31.760696	-56.127743	1120000	-6.2088173e-10	50.482494	-0.00835752	-9.4991865	0.3626614	0.015168323	0.088408835	9.0	2615.4299216270447
112	56.24	41.80155	94.0	-53.333332	477.75	8.71761	10.002848	33.93793	-57.904884	1130000	-3.0423205e-08	120.22468	-0.005609548	-24.157099	0.33699253	0.015481864	0.0650065	6.0	2637.916340827942
113	68.915794	28.519878	94.0	-40.0	498.21054	8.144117	9.871971	32.01363	-60.55772	1140000	4.811833e-09	74.28072	-0.008329304	-28.184723	0.34360656	0.015726805	0.06760676	8.0	2661.981305837631
114	71.02631	22.481638	100.0	16.0	498.57895	8.62504	10.537829	32.227825	-58.08639	1150000	7.450581e-09	53.495464	-0.010600776	-14.993095	0.35162255	0.015036069	0.080408044	14.0	2687.4825513362885
115	66.00166	31.785921	100.0	-20.0	486.25	9.5041065	10.125932	36.231033	-54.7625	1160000	-2.2351742e-08	72.48107	-0.011034847	-17.67606	0.35028473	0.015247953	0.070907086	10.0	2711.6553106307983
116	70.78333	15.6359005	91.0	41.5	519.2222	8.928273	10.258591	39.329517	-58.189835	1170000	-1.9868216e-08	47.246704	-0.008264337	-15.898514	0.34993085	0.015359197	0.06850686	8.0	2734.189373731613
117	54.14562	34.438164	88.0	-20.0	500.3158	8.946295	10.75818	32.75794	-49.08394	1180000	-1.9868216e-08	126.50263	-0.010332679	-35.1504	0.36484435	0.015249296	0.09030903	14.0	2758.313603401184
118	68.72037	28.966705	100.0	-13.333333	513.0	7.294572	9.3734255	31.941906	-36.260315	1190000	7.450581e-09	82.76364	-0.008226979	-22.23422	0.35882124	0.016476078	0.06930693	9.0	2782.751487016678
119	59.27544	36.5752	100.0	-40.0	505.5263	8.5020485	9.844663	32.74833	-44.485413	1200000	6.2088173e-10	96.6451	-0.009872842	-24.394073	0.35151696	0.015712658	0.07320732	8.0	2805.2889709472656
120	67.95686	26.792141	100.0	-13.333333	529.41174	8.050987	9.7643385	33.45318	-43.826115	1210000	-4.967054e-09	61.595417	-0.007055042	-16.63181	0.3524113	0.015752798	0.058905896	7.0	2827.201138973236
121	58.59841	42.239433	100.0	-46.666668	456.5238	8.262611	10.427349	35.115887	-49.16814	1220000	-5.401671e-08	88.728325	-0.009711075	-23.590942	0.35586715	0.015161224	0.07110711	10.0	2852.813665151596
122	57.76842	39.041172	91.0	-53.333332	496.4737	8.827719	9.914354	32.177246	-47.485813	1230000	-1.7074248e-08	108.055664	-0.01349735	-29.935797	0.3498334	0.015254696	0.09580958	24.0	2875.2718563079834
123	70.19815	29.633125	100.0	-6.6666665	518.1667	7.20399	10.947796	33.04857	-52.46267	1240000	-4.967054e-09	83.73948	-0.0087560825	-23.513311	0.3490187	0.016138691	0.08090809	9.0	2898.357110977173
124	70.259995	33.78055	100.0	-40.0	473.45	8.319103	10.542059	33.652267	-37.35488	1250000	-1.4901161e-08	85.051674	-0.008350552	-25.281637	0.3621931	0.017306725	0.06640664	7.0	2922.379431247711
125	65.0574	24.896967	97.3	-6.6666665	514.6667	8.81904	11.69044	31.99647	-54.532932	1260000	-3.601114e-08	69.65532	-0.008411896	-24.197214	0.36643413	0.0160707	0.07890789	9.0	2945.3980202674866
126	53.936665	37.2345	90.1	-53.333332	463.1	7.737999	10.276729	33.519165	-43.638012	1270000	-2.173086e-08	82.75387	-0.009534293	-22.734283	0.36939692	0.01570183	0.08180819	8.0	2968.952663421631
127	68.18246	35.07813	100.0	-53.333332	485.3158	7.8089457	10.394547	30.645744	-43.676315	1280000	-2.8560558e-08	79.283424	-0.009209696	-18.641027	0.35388747	0.015222992	0.07020702	10.0	2992.5184409618378
128	61.094734	36.471783	97.0	-20.0	490.10526	7.161133	11.671265	34.573006	-43.453983	1290000	-4.967054e-09	73.08039	-0.014695625	-17.465761	0.35883772	0.015269571	0.09960996	20.0	3018.8961946964264
129	61.914814	31.9048	100.0	-6.6666665	519.8333	8.024339	11.48419	35.220184	-38.425125	1300000	1.9247333e-08	84.753914	-0.01239194	-20.704214	0.35512984	0.016050423	0.090909086	15.0	3042.165063858032
130	68.39629	30.683935	100.0	-26.666666	506.66666	7.119645	10.383278	34.610527	-58.904644	1310000	1.7384687e-08	72.054565	-0.010187596	-32.47954	0.36318037	0.015324313	0.06430643	8.0	3064.5563867092133
131	65.79074	27.140198	100.0	-6.6666665	514.2778	8.872661	11.034954	34.09423	-56.890797	1320000	1.2417634e-08	70.02816	-0.009492346	-16.27527	0.36342707	0.015902866	0.09190919	11.0	3087.136798620224
132	57.28246	39.775192	100.0	-40.0	497.73685	8.224722	10.942029	35.929543	-55.04886	1330000	-6.208817e-09	113.476234	-0.00929025	-28.171427	0.36183408	0.015991816	0.07820782	11.0	3110.6210124492645
133	79.333336	15.883289	100.0	47.8	494.6111	7.418103	11.587044	34.599636	-37.644356	1340000	-1.1175871e-08	68.58446	-0.008808306	-37.003643	0.36861825	0.015347385	0.06510651	7.0	3132.1933550834656
134	75.399994	17.211042	100.0	37.0	504.44446	9.623605	10.109308	34.175884	-43.877525	1350000	-6.208817e-09	52.924255	-0.008627344	-13.79792	0.36583856	0.015937312	0.08080808	8.0	3154.9639642238617
135	57.670177	39.07493	91.0	-26.666666	495.6316	9.218156	10.0344095	32.11707	-46.98383	1360000	-3.4769375e-08	131.8961	-0.009728683	-61.355145	0.3663104	0.015251394	0.080208026	14.0	3179.7576956748962
136	72.24737	31.215572	100.0	-40.0	492.73685	8.008215	11.06977	32.809074	-46.054672	1370000	1.2417634e-08	77.00436	-0.007989059	-33.85198	0.35873118	0.01581025	0.05810581	8.0	3204.2625682353973
137	60.393333	36.930496	91.0	-53.333332	462.65	8.771336	11.452566	36.14729	-52.786198	1380000	-9.934108e-09	102.015755	-0.011975051	-25.539099	0.3672166	0.015538129	0.0930093	18.0	3228.880451440811
138	64.221054	36.875298	97.0	-33.333332	480.0	8.082185	11.63523	33.56485	-54.25648	1390000	-1.7384687e-08	95.15158	-0.011654898	-22.052427	0.371127	0.015193853	0.08520851	13.0	3252.143910884857
139	63.04667	40.590908	100.0	-53.333332	466.45	8.181931	11.545949	35.408615	-50.548916	1400000	-2.3515895e-08	91.05994	-0.008790174	-23.412848	0.35832688	0.015818609	0.067406744	8.0	3275.310254573822
140	58.459652	40.05781	97.0	-46.666668	485.6842	8.828875	11.524744	35.480694	-49.320213	1410000	-1.2417634e-08	110.04743	-0.012476929	-39.195896	0.3722124	0.015546734	0.09230924	18.0	3300.7460305690765
141	58.966667	37.808727	100.0	-26.666666	483.73685	6.7022543	13.57246	36.21453	-64.37018	1420000	-1.2417634e-08	100.543495	-0.006596807	-20.44774	0.3732386	0.016099984	0.06230623	6.0	3325.727578163147
142	68.638596	29.322714	100.0	-26.666666	473.21054	7.3559475	12.133175	36.711285	-58.241848	1430000	-1.2417635e-09	83.91621	-0.008045648	-33.234737	0.36994326	0.016046735	0.07810781	7.0	3350.719023704529
143	55.49444	39.630665	97.0	-20.0	528.8889	7.6468487	12.278276	36.316467	-46.339306	1440000	-1.3892229e-08	106.37415	-0.00835229	-35.885384	0.35959944	0.015534679	0.070607066	11.0	3374.0529391765594
144	68.02037	27.427332	100.0	-13.333333	529.0	6.7539372	12.247321	37.30249	-48.840214	1450000	1.1175871e-08	74.66511	-0.008543886	-23.906546	0.36405268	0.016369218	0.05950595	7.0	3397.6481506824493
145	62.56316	36.33696	100.0	-33.333332	502.6316	7.545094	11.089553	35.9676	-41.241207	1460000	2.1109978e-08	78.645195	-0.008821639	-15.302811	0.3502942	0.01521746	0.08040804	8.0	3421.5045568943024
146	63.205265	37.680477	100.0	-20.0	477.42105	7.4298887	11.605301	34.584923	-50.404217	1470000	-1.3038516e-08	92.237206	-0.009186541	-21.469194	0.3679947	0.01588322	0.10161016	10.0	3445.639907360077
147	62.882458	38.428364	100.0	-26.666666	483.21054	7.3700805	11.875795	39.254128	-46.88577	1480000	-4.967054e-09	95.977356	-0.008321105	-20.686462	0.37700567	0.016706577	0.06780678	8.0	3472.5426852703094
148	67.59298	37.701866	100.0	-40.0	486.1579	7.2667828	11.851566	36.001793	-47.29181	1490000	2.483527e-09	83.41851	-0.0072040944	-24.781935	0.36611864	0.016139746	0.06260625	7.0	3496.192271709442
149	71.149124	29.985579	100.0	-26.666666	474.57895	8.2041025	11.942353	34.669296	-47.495888	1500000	-4.967054e-09	57.14716	-0.010793656	-19.131517	0.37356988	0.015146057	0.0860086	13.0	3520.700448989868
150	61.45	50.430866	100.0	-93.333336	434.05	10.208392	10.657067	35.44458	-52.554882	1510000	-1.2417634e-08	131.48698	-0.006990981	-35.676075	0.35666382	0.015210837	0.06270627	6.0	3542.158326148987
151	64.62667	37.84836	100.0	-40.0	480.65	8.839584	11.033506	35.332275	-46.359104	1520000	-2.9802322e-08	95.737495	-0.0110989055	-32.767838	0.37948048	0.015851371	0.08040804	12.0	3568.9555110931396
152	61.92105	41.422585	100.0	-53.333332	476.89474	8.980484	10.750759	38.507507	-45.46667	1530000	2.1109978e-08	122.02085	-0.009366893	-32.15395	0.3638916	0.015128705	0.070007004	11.0	3590.5527124404907
153	70.98333	24.68781	100.0	10.0	497.94446	8.2725315	11.190402	36.210865	-56.614857	1540000	2.0333877e-08	55.676174	-0.009548969	-12.130379	0.36363316	0.015585671	0.07470747	9.0	3612.4873061180115
154	67.412285	35.02508	100.0	-46.666668	474.4737	8.762305	11.047713	35.424267	-47.489285	1550000	-9.313226e-09	66.83549	-0.008487356	-17.268703	0.3621031	0.015187371	0.07220722	9.0	3636.976077079773
155	53.768333	32.965347	91.9	-20.0	492.15	9.035035	10.192366	33.532516	-36.354057	1560000	-8.692344e-09	107.83524	-0.010346067	-37.494778	0.36559013	0.015354868	0.08360836	12.0	3661.3161001205444
156	56.29123	38.856388	97.0	-46.666668	495.10526	7.126491	10.975086	36.349525	-54.54234	1570000	-6.208817e-09	110.20243	-0.010322086	-22.460302	0.34623817	0.015587434	0.08780879	12.0	3684.9212958812714
157	61.764904	36.27183	100.0	-26.666666	481.73685	6.5063305	11.909456	33.744717	-68.446205	1580000	-1.3659398e-08	82.28574	-0.009238618	-17.532251	0.36629125	0.015657006	0.0830083	9.0	3709.017058610916
158	54.454384	41.28985	100.0	-46.666668	501.0	7.5735164	12.178947	35.456112	-73.62141	1590000	-1.9868216e-08	96.866875	-0.009170069	-23.889856	0.35385334	0.015627204	0.07150715	9.0	3734.3768241405487
159	68.17407	30.050444	100.0	-6.6666665	501.3889	5.972758	11.909663	35.065937	-68.3645	1600000	-4.4703484e-08	70.8411	-0.009773399	-18.170816	0.35415637	0.01632108	0.08060806	8.0	3758.3047313690186
160	54.385185	34.80412	100.0	-13.333333	513.7222	7.64753	12.588032	34.29748	-63.192654	1610000	9.313226e-10	90.4694	-0.009593323	-21.35769	0.35915622	0.015720287	0.10271027	13.0	3781.0600991249084
161	53.105263	45.346554	100.0	-66.666664	500.3158	6.217804	11.505663	34.038948	-63.100777	1620000	1.2417635e-09	110.436745	-0.0126192225	-29.7553	0.35440361	0.015687546	0.08150815	19.0	3806.731122493744
162	56.98772	39.668083	97.0	-66.666664	472.8421	6.132716	11.065679	34.068195	-42.899395	1630000	9.934108e-09	101.27387	-0.011242379	-27.714483	0.3696834	0.015309386	0.08430842	11.0	3830.305438518524
163	61.174072	35.10023	94.0	-20.0	508.83334	7.4643245	11.270517	37.603645	-51.90989	1640000	-1.4901161e-08	102.10221	-0.008697308	-23.064962	0.35888124	0.015184517	0.07480748	11.0	3852.165070295334
164	55.689472	43.2046	97.0	-66.666664	458.0	7.298044	10.367557	34.663754	-58.499546	1650000	1.3659398e-08	122.76136	-0.011334489	-35.58301	0.36954913	0.015416276	0.084708475	14.0	3875.7666738033295
165	54.50185	36.877518	94.6	-13.333333	514.8889	6.098894	13.071992	34.137497	-75.36976	1660000	-1.21071935e-08	89.5115	-0.011183627	-22.61593	0.36271754	0.015500707	0.098709874	18.0	3899.316580057144
166	68.55	22.3312	91.0	19.0	507.6111	6.7559285	11.557355	37.62107	-49.379646	1670000	-6.208817e-09	69.71586	-0.009513232	-33.791348	0.36450708	0.016370302	0.080008	10.0	3922.1904990673065
167	60.918518	31.180796	100.0	-6.6666665	523.3333	8.388375	10.993749	34.281292	-55.30362	1680000	2.0489097e-08	92.48279	-0.014765546	-36.19112	0.36521116	0.015139003	0.09020903	24.0	3945.7702317237854
168	59.264812	32.830887	97.0	-6.6666665	521.55554	6.84452	11.826051	36.220592	-62.20536	1690000	3.5215635e-09	78.61378	-0.008929984	-14.942215	0.36399737	0.01525415	0.070007004	11.0	3970.5357401371
169	54.248154	36.703754	91.0	-20.0	530.55554	5.859812	12.693162	34.00849	-66.17742	1700000	2.0799538e-08	94.29419	-0.009802963	-19.016039	0.36137262	0.015245877	0.084908485	13.0	3994.9574856758118
170	64.583336	30.92353	91.0	-20.0	516.2222	6.611043	10.937816	32.299816	-47.749134	1710000	-1.4901161e-08	75.959816	-0.007910582	-21.81314	0.36085168	0.017252443	0.05560556	7.0	4019.599965572357
171	71.27895	23.954926	97.0	7.3	480.78946	7.883576	11.144468	34.33132	-64.86635	1720000	1.9868216e-08	69.97492	-0.00914521	-17.132158	0.36813655	0.015246078	0.072507255	8.0	4045.9385709762573
172	63.833336	26.410187	97.0	-6.6666665	494.1579	9.1580515	9.8185625	35.967937	-52.96691	1730000	-1.2417634e-08	81.18885	-0.0084602	-24.005829	0.36324993	0.015587176	0.07530753	9.0	4069.6964819431305
173	56.981487	36.47158	94.6	-13.333333	505.22223	7.9914384	10.94663	31.919344	-59.98512	1740000	1.8626451e-08	89.28774	-0.006679513	-26.903463	0.35761437	0.016743744	0.06770677	8.0	4094.4973192214966
174	53.357143	43.821922	97.3	-46.666668	447.7619	7.3738675	11.117503	34.450596	-59.361385	1750000	1.3659398e-08	155.61726	-0.01002357	-44.492157	0.3653209	0.01548912	0.086508654	11.0	4118.516691207886
175	67.64667	33.78444	100.0	-46.666668	480.45	7.724033	10.636873	35.463177	-50.073044	1760000	2.483527e-09	87.09499	-0.011322687	-36.255104	0.37272087	0.01551446	0.09110912	12.0	4143.567732095718
176	63.280388	31.037407	100.0	-13.333333	524.17645	9.390676	9.625217	32.61322	-43.80946	1770000	1.2417635e-09	73.79287	-0.009934279	-22.176712	0.3620342	0.015154126	0.08680868	12.0	4165.569863796234
177	56.13333	46.874016	94.0	-73.333336	462.05	8.225758	10.455082	34.415684	-50.98925	1780000	1.4901161e-08	148.2101	-0.011255947	-37.021236	0.3614472	0.015283018	0.085508555	16.0	4191.391496181488
178	66.61667	23.318192	100.0	13.0	507.83334	8.031314	10.842211	34.117306	-55.03425	1790000	6.829699e-09	67.98635	-0.0103572	-18.697784	0.37294897	0.01599702	0.0790079	10.0	4214.0431497097015
179	65.97408	32.66859	100.0	-13.333333	492.6111	7.744194	11.118226	31.972338	-54.762867	1800000	-1.8238401e-08	92.72933	-0.010501885	-28.714996	0.37499166	0.015142359	0.08630863	16.0	4238.396250486374
180	61.22105	36.10736	100.0	-33.333332	497.3158	8.701915	9.671223	34.511795	-44.999454	1810000	9.934108e-09	93.18731	-0.01002048	-39.276108	0.3780229	0.015099241	0.077807784	8.0	4262.089179754257
181	55.744446	33.346138	100.0	-13.333333	524.3889	7.6203966	11.163216	32.118862	-55.715714	1820000	6.519258e-09	85.60342	-0.009198691	-19.830116	0.37547788	0.015032771	0.091709174	9.0	4290.188846349716
182	48.80702	42.988415	97.0	-40.0	503.05264	6.556933	10.846778	31.549305	-51.25108	1830000	-1.1331092e-08	122.25644	-0.011113347	-29.648575	0.37286028	0.015669031	0.078907885	11.0	4314.373996019363
183	59.13334	38.48874	100.0	-46.666668	481.4	6.4519305	11.567514	36.104736	-60.447876	1840000	6.829699e-09	128.74992	-0.009945418	-36.87851	0.36865255	0.0151887415	0.09140914	9.0	4338.135058403015
184	50.61111	36.32763	94.0	-20.0	528.8889	7.1029644	11.082259	32.120663	-58.80805	1850000	0.0	89.777016	-0.009182553	-27.100195	0.36188444	0.015499883	0.067406744	9.0	4362.683465480804
185	66.224075	27.059021	96.4	-6.6666665	525.44446	6.747745	10.565287	39.696735	-62.724926	1860000	2.7318796e-08	90.58279	-0.008099633	-23.549667	0.3598918	0.015537035	0.088208824	9.0	4385.498294830322
186	49.456142	50.764206	100.0	-86.666664	497.6842	7.880672	10.395653	32.352695	-52.453358	1870000	-2.483527e-09	140.42241	-0.0067454353	-41.859535	0.36550403	0.015619244	0.062806286	7.0	4410.761021614075
187	56.698036	36.44892	100.0	-26.666666	551.58826	6.1738424	11.616914	31.622955	-65.968346	1880000	-8.692344e-09	77.074455	-0.010241552	-21.39834	0.36363038	0.016035289	0.09520952	12.0	4433.441856145859
188	58.61111	33.468327	100.0	-13.333333	521.5	6.6956134	11.873506	31.960257	-59.96782	1890000	1.2417634e-08	78.87377	-0.010598581	-23.880285	0.36783114	0.0151129365	0.08950895	14.0	4456.466205835342
189	56.144444	36.69618	92.8	-20.0	510.5	7.288042	11.600172	41.68034	-42.816235	1900000	1.2417635e-09	77.93583	-0.016360428	-15.244395	0.36615196	0.015018468	0.09540954	32.0	4481.0951936244965
190	58.22456	39.122738	100.0	-33.333332	508.57895	6.930393	11.321288	37.422474	-58.780895	1910000	4.967054e-09	104.619286	-0.010970958	-22.576492	0.3680034	0.01566083	0.086608656	15.0	4504.868443965912
191	51.01403	43.346626	94.6	-46.666668	493.3158	6.6528516	11.827915	31.994625	-60.52917	1920000	2.483527e-09	117.86477	-0.011145071	-39.546947	0.3660032	0.015370321	0.0910091	17.0	4529.874901533127
192	59.17037	34.816635	94.0	-26.666666	512.7222	6.3801537	11.541298	39.63789	-55.966747	1930000	-2.5456151e-08	97.06951	-0.008652431	-32.15706	0.37310815	0.017176868	0.083808385	9.0	4553.098984003067
193	52.014816	41.142776	100.0	-26.666666	528.3333	5.92749	11.952269	33.985622	-62.600536	1940000	8.692344e-09	101.09564	-0.010269931	-29.761969	0.3618389	0.01562098	0.093209326	14.0	4579.2936317920685
194	68.52408	35.218884	100.0	-20.0	502.66666	6.0250826	11.1858635	39.28037	-54.02624	1950000	2.4835268e-08	88.86301	-0.008735263	-32.924946	0.36055055	0.015142497	0.070707075	10.0	4601.436271905899
195	65.8421	31.333427	100.0	-13.333333	484.94736	8.169801	11.176099	35.92984	-55.161697	1960000	4.598405e-09	93.19689	-0.010642316	-27.343176	0.3711513	0.016412929	0.09070907	10.0	4625.895795345306
196	69.49824	25.938187	100.0	-13.333333	488.26315	8.841354	9.56678	32.79534	-48.738346	1970000	1.4901161e-08	52.7468	-0.008497711	-16.876696	0.36006078	0.016003061	0.061806183	7.0	4650.005476951599
197	50.893333	45.51656	92.8	-46.666668	461.05	9.538674	9.64116	36.446438	-50.809162	1980000	-7.450581e-09	170.04553	-0.009471187	-52.90041	0.35782734	0.01556066	0.096809685	13.0	4672.71723651886
198	49.85439	39.60707	93.7	-20.0	504.42105	6.4444075	11.457994	37.186012	-46.57049	1990000	-4.967054e-09	115.45876	-0.013070236	-31.2409	0.37052408	0.015506544	0.09340934	16.0	4699.1235473155975
199	73.700005	21.77246	100.0	28.0	488.1111	6.395636	11.765577	38.00458	-58.680416	2000000	-2.483527e-09	72.15223	-0.009617527	-28.573511	0.35883522	0.016670361	0.06690669	8.0	4720.568154335022
200	74.066666	19.352318	100.0	28.0	496.83334	8.530441	10.384244	31.158455	-57.229465	2010000	-1.8626451e-08	50.8761	-0.008304975	-12.1724825	0.37330285	0.016033651	0.07970797	8.0	4743.738481521606
201	50.431576	38.75279	87.4	-20.0	495.3158	8.986925	10.297039	35.930805	-55.084988	2020000	-1.9868216e-08	101.56803	-0.0074862116	-34.804394	0.37705955	0.01636006	0.07750775	9.0	4768.211135864258
202	68.235085	29.664566	97.0	-13.333333	490.6316	6.6837945	10.632199	37.11349	-57.269253	2030000	-2.1109978e-08	87.733215	-0.010721613	-23.874	0.36540994	0.015573636	0.08580858	11.0	4792.873188972473
203	64.06112	32.2236	100.0	-13.333333	509.66666	8.091448	10.962073	35.69412	-59.575005	2040000	-3.4769375e-08	77.65756	-0.010533191	-16.543798	0.36516848	0.016482254	0.08280828	11.0	4817.866940736771
204	61.45185	34.86543	100.0	-13.333333	505.0	7.162595	11.865985	38.949657	-56.44837	2050000	1.7384687e-08	86.86334	-0.00926916	-24.984964	0.35858825	0.015304585	0.07110711	14.0	4844.160628557205
205	61.731487	30.663708	100.0	-6.6666665	523.7222	7.0784345	11.983191	40.51826	-59.166485	2060000	-1.4901161e-08	80.20406	-0.00963309	-17.937944	0.3570936	0.015990658	0.07140715	11.0	4867.283470392227
206	55.73889	39.3729	100.0	-6.6666665	522.1111	7.0974183	11.116117	35.93589	-66.932396	2070000	-2.4835268e-08	131.65462	-0.009449297	-38.092632	0.3763279	0.015016146	0.08940894	11.0	4892.28550028801
207	67.075	33.828796	100.0	-33.333332	482.2	7.737893	9.967808	33.98174	-57.56879	2080000	-1.2417635e-09	98.3997	-0.008503643	-35.870876	0.35979286	0.01524086	0.070007004	8.0	4917.909157991409
208	64.01403	29.873638	100.0	-6.6666665	500.57895	8.285541	9.865471	36.80524	-55.899437	2090000	-2.483527e-09	66.55434	-0.01078331	-15.367433	0.37330505	0.01579014	0.09390938	11.0	4942.73827123642
209	68.01667	18.721415	96.4	37.0	495.16666	8.603784	9.381612	41.85651	-32.40743	2100000	1.4901161e-08	55.171932	-0.011492297	-13.987514	0.3580483	0.015455001	0.09370937	10.0	4964.705620765686
210	62.74386	32.550503	97.0	-13.333333	495.10526	8.657706	8.939108	39.98337	-44.071575	2110000	9.934108e-09	88.02311	-0.009419534	-25.911867	0.3655727	0.015753528	0.082908295	10.0	4989.668036222458
211	66.77778	33.664417	100.0	-13.333333	493.44446	9.083017	10.132659	38.37083	-51.323177	2120000	2.483527e-09	95.50989	-0.009847048	-23.712814	0.37728342	0.015982619	0.07490749	9.0	5011.1484134197235
212	63.711113	35.065018	100.0	-13.333333	491.5	7.6522546	11.9217615	38.03727	-57.350178	2130000	1.800557e-08	81.973816	-0.008813788	-18.952536	0.35812774	0.0166155	0.08510851	9.0	5035.696382284164
213	69.59074	27.436666	100.0	-6.6666665	500.44446	8.573778	10.45678	40.274364	-50.02292	2140000	-6.829699e-09	71.9846	-0.008282692	-14.984914	0.3721582	0.015930789	0.0640064	9.0	5056.439439296722
214	64.1614	28.92161	100.0	-13.333333	482.26315	8.989455	10.756291	35.877792	-56.86722	2150000	-9.934108e-09	78.39987	-0.009742371	-15.87876	0.37465993	0.01659444	0.10351036	11.0	5083.308065652847
215	58.24833	38.145752	94.0	-53.333332	474.6	8.778636	10.713552	36.318787	-57.543503	2160000	-9.934108e-09	105.81068	-0.012151266	-32.857845	0.37890974	0.01541283	0.08330833	16.0	5108.265056371689
216	63.616665	23.41982	100.0	4.0	501.66666	7.6735587	11.093397	33.89363	-69.80842	2170000	8.692344e-09	60.880432	-0.009927229	-13.499038	0.3805603	0.015564752	0.06860686	9.0	5129.962820529938
217	53.021667	40.28134	97.0	-33.333332	467.65	7.5149016	11.896787	37.860962	-68.45202	2180000	9.934108e-09	126.193535	-0.010119409	-29.952871	0.39123186	0.015574462	0.09190919	12.0	5156.192040920258
218	62.452637	40.12759	100.0	-33.333332	473.05264	7.272179	10.851198	38.773846	-62.555172	2190000	1.1175871e-08	110.86036	-0.011403284	-28.583364	0.3782715	0.015260632	0.080408044	16.0	5180.819957733154
219	63.822803	32.68374	97.0	-40.0	471.8421	7.9142876	11.652046	33.578545	-67.14122	2200000	-2.7939677e-09	101.55749	-0.008091026	-25.60559	0.38453862	0.015159716	0.07030704	8.0	5202.50968003273
220	62.86111	29.442604	100.0	-13.333333	493.94446	7.585599	11.512617	32.657608	-64.793396	2210000	9.934108e-09	92.290344	-0.011213298	-27.472572	0.37863398	0.01513585	0.08060806	16.0	5226.621840000153
221	60.664814	29.195103	94.0	-13.333333	517.8333	7.847461	12.609041	40.523464	-67.82925	2220000	-1.0244548e-08	83.4529	-0.01124892	-21.78296	0.3676223	0.015514434	0.08350835	14.0	5250.528833627701
222	72.747375	16.468609	100.0	46.9	478.6316	7.018647	11.217812	32.125137	-68.52879	2230000	-3.7252903e-09	80.69402	-0.01111069	-41.9498	0.3858602	0.016334483	0.078607865	10.0	5273.323959350586
223	57.303703	34.948147	97.0	-26.666666	501.55554	9.208201	9.949571	34.76564	-52.89448	2240000	-1.7384687e-08	113.973595	-0.012682475	-37.869694	0.37860754	0.015071012	0.08360836	17.0	5298.820939540863
224	76.850006	17.211987	100.0	33.4	502.05554	8.154886	10.30554	34.944515	-53.113636	2250000	-3.7252903e-09	64.84286	-0.010755599	-26.045218	0.38113162	0.015353239	0.08230823	9.0	5320.738562822342
225	58.364914	39.432022	100.0	-46.666668	490.6316	9.284692	10.355144	34.763996	-50.59583	2260000	-2.3593506e-08	103.74639	-0.010721636	-34.02167	0.37220934	0.01540557	0.093209326	11.0	5344.46505188942
226	61.446033	43.546646	100.0	-46.666668	449.8095	7.9524136	10.051176	33.63235	-61.322906	2270000	-2.483527e-09	89.692345	-0.008302074	-30.86071	0.3511641	0.01618923	0.07220722	8.0	5371.315345048904
227	59.146667	32.219078	97.0	-6.6666665	480.8	8.441898	9.665379	32.06565	-32.492657	2280000	-1.3659398e-08	79.68841	-0.0173256	-23.09043	0.35443854	0.015201149	0.10321032	30.0	5394.972759485245
228	61.215874	42.546917	100.0	-40.0	461.42856	8.311896	10.061264	34.002777	-45.879295	2290000	-3.7252903e-09	98.79822	-0.01133446	-24.133516	0.3622128	0.016357958	0.0740074	12.0	5420.480010986328
229	63.607407	26.901821	97.0	-6.6666665	504.33334	8.800969	11.184653	35.474125	-47.780685	2300000	1.7384687e-08	92.29116	-0.009846137	-27.591894	0.37507856	0.01723724	0.08340833	8.0	5443.778613328934
230	66.14	36.760796	100.0	-26.666666	459.05	7.8268895	9.235436	31.111317	-48.52532	2310000	9.934108e-09	74.287704	-0.011246202	-21.61225	0.36228013	0.015236583	0.08240824	11.0	5469.235679864883
231	63.76333	35.24706	100.0	-20.0	475.15	8.4199	10.414781	31.084143	-39.83189	2320000	9.934108e-09	76.7922	-0.01091751	-16.917677	0.36826336	0.015041498	0.08390839	13.0	5493.068608045578
232	71.75263	25.673975	100.0	7.3	479.3684	8.454684	10.759454	35.538513	-37.368988	2330000	2.0178655e-08	68.6811	-0.012258741	-18.114822	0.3590816	0.015016151	0.08890889	17.0	5517.652289867401
233	59.037033	38.254265	100.0	-33.333332	503.72223	9.663193	10.2032795	33.950455	-46.97732	2340000	-4.967054e-09	84.31652	-0.008582277	-26.641626	0.35216713	0.016106121	0.061806176	9.0	5541.400213241577
234	49.54815	40.69273	96.4	-20.0	523.8333	7.44289	11.955353	39.53334	-62.421158	2350000	1.4901161e-08	102.18329	-0.008429397	-31.609167	0.36556068	0.0151788695	0.06830683	10.0	5565.4196434021
235	68.5	22.161228	97.3	19.0	500.1111	6.335493	11.956365	35.14258	-61.280834	2360000	9.934108e-09	79.36084	-0.0077007967	-31.282248	0.3631507	0.015930923	0.061806183	8.0	5588.932573318481
236	59.63684	35.713455	96.4	-20.0	479.0	7.515869	11.283159	32.664154	-52.570568	2370000	7.450581e-09	85.78915	-0.010963335	-27.485514	0.3644037	0.015141997	0.08290829	14.0	5612.599018335342
237	64.85	26.863777	100.0	13.0	506.77777	7.85178	11.737245	37.343613	-47.666027	2380000	2.8560558e-08	72.56728	-0.011823163	-17.72493	0.37030128	0.015695028	0.080008	14.0	5636.329651594162
238	49.923332	35.197605	95.5	-13.333333	469.8	6.8391614	11.982455	31.138508	-53.975372	2390000	7.566996e-09	133.75908	-0.008570472	-47.213776	0.35777235	0.0153607875	0.080508046	10.0	5659.888128995895
239	65.97833	30.530663	100.0	-6.6666665	485.55	6.3301177	10.727017	36.635853	-55.518433	2400000	8.692344e-09	89.115395	-0.009139937	-38.172928	0.3415737	0.01595407	0.067406744	8.0	5683.598377466202
240	60.76833	40.509388	97.0	-33.333332	473.4	7.994869	10.910121	31.150013	-50.580925	2410000	2.6077032e-08	94.164	-0.009146229	-20.39023	0.34797084	0.015389551	0.063006304	9.0	5708.600355386734
241	66.30176	29.49826	100.0	-26.666666	493.42105	7.4457097	12.136576	35.23368	-55.600933	2420000	-2.483527e-09	63.52055	-0.0096137775	-17.43699	0.34807995	0.016576728	0.07490749	12.0	5732.769689321518
242	65.07017	29.273613	94.6	-26.666666	480.1579	8.372823	11.303345	31.739487	-54.660625	2430000	-1.3038516e-08	76.17293	-0.009979866	-23.195902	0.34189907	0.015438646	0.081908196	11.0	5757.689181089401
243	60.557407	29.047817	91.9	-6.6666665	507.83334	8.137886	11.259738	31.669466	-57.873947	2440000	-1.0089328e-08	76.418785	-0.006987976	-25.813375	0.34107003	0.015017909	0.068006806	8.0	5780.334852218628
244	71.62631	15.703296	100.0	48.7	480.42105	7.91341	11.187335	32.614574	-54.173004	2450000	2.1109978e-08	83.26424	-0.010109457	-42.054703	0.35856125	0.015408416	0.0850085	9.0	5803.540210485458
245	70.22105	22.582027	100.0	13.6	483.5263	9.367135	9.206898	30.324354	-45.570915	2460000	7.450581e-09	48.685764	-0.009345014	-13.141926	0.3518196	0.0155587075	0.08120812	9.0	5827.21405172348
246	57.649204	48.769604	100.0	-66.666664	458.42856	8.80945	10.347103	32.210907	-45.311367	2470000	-1.7384687e-08	96.10236	-0.007928421	-24.531082	0.33658394	0.015375033	0.05940594	7.0	5850.212654352188
247	54.07544	44.18922	97.0	-60.0	479.8421	9.4963875	9.669005	32.025925	-50.368534	2480000	-2.483527e-09	128.47414	-0.009241864	-41.85287	0.3438002	0.015118663	0.06780678	8.0	5875.408165931702
248	70.070175	28.09664	100.0	-6.6666665	486.26315	6.592797	11.413735	33.2948	-57.436028	2490000	8.071463e-09	104.85151	-0.011177083	-42.433872	0.33811447	0.015223473	0.07890789	19.0	5898.319508314133
249	61.63833	37.235485	100.0	-46.666668	486.7	8.434226	10.452511	34.418972	-53.98303	2500000	0.0	91.71305	-0.0102295065	-21.630798	0.33983955	0.015408233	0.06750675	9.0	5924.142283916473
