Epoch	AverageEpRet	StdEpRet	MaxEpRet	MinEpRet	EpLen	AverageVVals	StdVVals	MaxVVals	MinVVals	TotalEnvInteracts	LossPi	LossV	DeltaLossPi	DeltaLossV	Entropy	KL	ClipFrac	StopIter	Time
0	-9.633333	62.786533	82.0	-84.0	618.06665	-3.9643192	10.618017	21.198353	-59.88992	10000	-1.800557e-08	114.8241	-0.011618475	-32.857517	0.5674789	0.015187901	0.09850985	9.0	27.688025951385498
1	-23.214285	56.109814	73.0	-76.0	631.4286	-3.3365965	11.597586	22.209034	-67.21792	20000	4.072111e-09	127.41446	-0.010391221	-32.969555	0.57156307	0.015271862	0.084608465	15.0	52.00644564628601
2	-10.214286	55.3559	74.5	-84.0	689.3571	-4.105529	9.052186	20.502314	-59.518795	30000	6.2088173e-10	94.20689	-0.008208267	-27.400564	0.59943515	0.016597586	0.10231023	9.0	77.4953031539917
3	-17.153847	54.705994	82.0	-80.0	664.46155	-2.3136888	10.08651	24.801668	-59.42404	40000	-7.450581e-09	104.208534	-0.009025305	-21.921743	0.56902885	0.015564187	0.10751075	13.0	100.68952012062073
4	-28.538462	44.98652	70.0	-84.0	711.2308	-2.172422	10.403126	20.935888	-56.661774	50000	-9.934108e-09	87.03193	-0.009831424	-22.67514	0.5786853	0.015000761	0.089008905	12.0	125.87234234809875
5	-28.884615	45.820786	86.5	-76.0	717.2308	-3.8829515	10.875077	23.77307	-62.71069	60000	-6.7520887e-09	91.79092	-0.00855894	-19.211075	0.57380176	0.015043341	0.08600861	11.0	151.7650043964386
6	-15.866667	62.41433	95.5	-80.0	606.5333	-3.6440368	12.017123	22.959703	-64.86452	70000	-1.6142925e-08	117.52777	-0.008526382	-30.317085	0.5459478	0.01638214	0.07730773	8.0	176.55256915092468
7	-9.633333	58.112377	65.5	-80.0	630.2	-4.8227715	10.541138	20.215227	-66.2961	80000	-2.3593506e-08	97.12199	-0.0072466247	-32.37158	0.5846537	0.015190729	0.074507445	8.0	204.62207794189453
8	-35.166668	33.765945	25.0	-72.0	771.0833	-3.189799	9.552355	17.002365	-37.659073	90000	-1.1796753e-08	114.868614	-0.008577422	-45.16687	0.5818647	0.016350444	0.08170817	10.0	228.29341888427734
9	-26.692308	45.92701	76.0	-80.0	685.9231	-3.3171122	11.159324	20.658257	-67.24573	100000	-1.7384687e-08	84.939766	-0.017227808	-14.544681	0.57209414	0.015000069	0.11611161	57.0	255.3065025806427
10	-27.107143	49.674004	86.5	-76.0	678.7143	-4.1875205	10.863585	24.241344	-68.506165	110000	-6.208817e-09	101.890495	-0.0129547315	-24.439875	0.5538976	0.015412279	0.097009696	23.0	280.44789695739746
11	-25.916666	47.5683	55.0	-76.0	744.0833	-4.205543	12.397637	20.709494	-69.11259	120000	-4.346172e-09	89.77005	-0.010818229	-29.883354	0.5804153	0.0153642595	0.09060905	16.0	302.4600501060486
12	-30.038462	42.10265	65.5	-76.0	719.9231	-2.2233522	11.843884	25.539896	-69.49071	130000	-3.7252903e-09	78.11603	-0.008924295	-19.366617	0.57986015	0.01575598	0.09680968	10.0	326.8246314525604
13	-17.464285	57.82006	88.0	-76.0	636.1429	-4.1338925	11.233528	21.419407	-69.11051	140000	-2.9181441e-08	102.88561	-0.008189161	-21.287565	0.56346935	0.015111089	0.09340934	12.0	351.8081114292145
14	-23.75	42.91877	55.0	-72.0	748.5	-3.1886592	11.421744	21.910933	-65.00197	150000	-6.829699e-09	86.45663	-0.007672901	-20.546047	0.56355983	0.01555672	0.10071007	13.0	374.81387209892273
15	-16.538462	55.164948	94.0	-72.0	697.46155	-1.6141402	11.565944	24.434355	-69.315735	160000	-2.483527e-09	89.20227	-0.007513612	-22.935019	0.5929156	0.015143163	0.09560957	11.0	401.9421889781952
16	-24.035715	55.477943	86.5	-84.0	660.0	-2.194828	10.780848	21.326906	-68.37454	170000	1.1175871e-08	108.06205	-0.0087631345	-27.739624	0.5811884	0.015259785	0.09170917	11.0	424.76705145835876
17	-27.076923	47.494877	79.0	-72.0	679.46155	-2.690662	11.7661	23.532135	-64.7869	180000	2.483527e-09	82.295746	-0.009030768	-31.84017	0.57041013	0.015481557	0.072807275	10.0	446.6965093612671
18	-25.307692	47.651596	88.0	-76.0	718.53845	-4.1777763	11.135214	23.130667	-67.49577	190000	2.8560558e-08	86.05381	-0.012713875	-21.725046	0.57911533	0.015239265	0.11181118	22.0	472.2589464187622
19	-15.142858	53.12533	92.5	-72.0	676.3571	-3.3319526	12.207161	20.747696	-69.024124	200000	9.313226e-09	68.273506	-0.014028047	-9.277425	0.5702893	0.015222331	0.103310324	34.0	495.6604642868042
20	-26.357143	49.22051	91.0	-76.0	661.7857	-3.7108855	12.420117	22.738077	-69.311	210000	2.483527e-09	113.37827	-0.0088447295	-25.404305	0.5589373	0.015078735	0.09010901	8.0	519.1548781394958
21	-28.423077	47.230145	95.5	-76.0	741.0769	-4.7245197	10.599046	20.48038	-60.579487	220000	-1.2417635e-09	106.42397	-0.008190509	-33.80022	0.5901409	0.015328273	0.086508654	13.0	542.7651813030243
22	-22.807692	47.012085	65.5	-88.0	727.53845	-2.9481463	11.466659	23.79259	-71.25304	230000	-4.967054e-09	101.78243	-0.009736069	-29.99861	0.59105426	0.015186742	0.0890089	15.0	566.6290502548218
23	-37.26923	42.02134	89.5	-72.0	668.0	-3.2468653	10.9875345	23.004911	-64.64464	240000	6.208817e-09	92.50449	-0.013037679	-32.269966	0.5676127	0.015217836	0.10741074	21.0	589.0159833431244
24	-16.571428	55.86171	88.0	-80.0	661.2857	-4.576878	11.569097	26.610632	-46.178055	250000	-3.7252903e-09	100.0615	-0.008314128	-25.010658	0.5817659	0.015313346	0.07450745	11.0	612.0741188526154
25	-34.76923	42.9188	73.0	-76.0	695.61536	-3.144993	10.517897	21.295101	-51.894672	260000	1.4280279e-08	113.17258	-0.011453678	-41.46642	0.56193155	0.0150773125	0.092909284	16.0	634.7594711780548
26	-24.964285	48.185825	89.5	-72.0	660.7857	-5.6538887	11.418623	20.409021	-47.127712	270000	-5.5879354e-09	82.21029	-0.010858268	-38.805878	0.5879305	0.016240938	0.081608154	12.0	660.0935833454132
27	-24.6	54.0861	88.0	-80.0	636.4	-5.800001	11.182748	21.296328	-47.970905	280000	4.967054e-09	87.16901	-0.009474459	-19.977844	0.5820362	0.015986975	0.07940794	9.0	685.4347741603851
28	-15.576923	50.947124	74.5	-84.0	732.0769	-5.0146885	11.004116	19.799335	-42.302162	290000	1.5522043e-09	125.63029	-0.007476377	-49.44229	0.60866016	0.015032225	0.079607956	11.0	708.6060245037079
29	-11.285714	60.655266	85.0	-72.0	646.4286	-3.028052	11.867401	25.179495	-63.59363	300000	0.0	93.66571	-0.010811689	-21.239773	0.57660514	0.015577369	0.09650966	13.0	732.6153309345245
30	-12.2	57.915398	76.0	-80.0	625.3333	-3.9776874	12.721317	23.237648	-65.36405	310000	-1.2417635e-09	111.06137	-0.009600886	-40.923275	0.61055756	0.015255161	0.10791079	13.0	756.852548122406
31	-13.25	60.540646	95.0	-72.0	663.2857	-4.4347067	11.0435705	20.827814	-50.38374	320000	-9.934108e-09	89.1221	-0.010887709	-25.332666	0.5881696	0.015543848	0.08960896	12.0	780.676769733429
32	-19.78125	59.516533	94.0	-80.0	598.9375	-4.4892287	11.571242	25.73957	-60.783382	330000	1.5522043e-09	127.35601	-0.008368526	-30.814606	0.56942856	0.01627501	0.08570858	9.0	807.6029479503632
33	-19.571428	56.864456	89.5	-76.0	673.5714	-3.9835947	11.955291	23.391714	-66.12276	340000	-7.2953603e-09	125.145996	-0.008534298	-37.10547	0.5912326	0.016383935	0.08090809	8.0	831.8528718948364
34	-16.642857	51.46338	77.5	-76.0	652.6429	-4.2585425	11.638895	31.064465	-70.12208	350000	2.483527e-09	116.596535	-0.009801743	-34.695152	0.5806075	0.015619378	0.09730973	11.0	854.6760683059692
35	-26.321428	58.991405	92.5	-84.0	653.2143	-3.31875	11.549343	28.482851	-70.5018	360000	-1.7384687e-08	127.117615	-0.010358816	-35.64064	0.56505793	0.015734559	0.08880887	12.0	877.3973853588104
36	-26.5	47.542694	80.5	-72.0	718.3077	-3.6201184	11.877173	22.026413	-71.6652	370000	1.4901161e-08	116.53127	-0.009462754	-34.245167	0.56895274	0.0151207335	0.0930093	17.0	901.0885412693024
37	-21.071428	54.318455	85.0	-72.0	655.7143	-2.6842992	11.688742	29.44063	-71.26146	380000	-1.1175871e-08	111.86679	-0.011390445	-22.141806	0.5781805	0.015262801	0.09590959	14.0	925.2623720169067
38	-21.615385	50.408394	76.0	-72.0	704.8461	-3.8814778	11.67571	25.125961	-72.2671	390000	-2.4835268e-08	115.28054	-0.0077162064	-25.897566	0.5641318	0.015428662	0.09040904	10.0	951.5896792411804
39	-14.884615	56.69356	75.0	-72.0	691.61536	-3.2499306	11.264907	23.299976	-74.26254	400000	-1.1175871e-08	90.18219	-0.008552113	-24.274107	0.54737234	0.015052232	0.092909284	12.0	973.8663222789764
40	-29.416666	42.48619	70.0	-72.0	710.1667	-3.4628253	11.730618	24.20296	-75.13833	410000	-3.7252903e-09	115.70425	-0.009996193	-28.472498	0.56643766	0.015636712	0.09570957	13.0	997.3505730628967
41	-16.384615	49.172443	76.0	-68.0	702.2308	-3.7764473	11.882313	24.467384	-74.36965	420000	1.9247333e-08	67.750015	-0.008133747	-14.582927	0.5647319	0.015524051	0.07810781	13.0	1021.4806253910065
42	-15.7	59.79292	90.0	-80.0	628.86664	-2.9745882	11.127696	23.506569	-71.64349	430000	7.450581e-09	107.846985	-0.009987742	-26.874846	0.54799116	0.015594102	0.080508046	17.0	1046.4303760528564
43	-27.416666	61.737854	91.0	-92.0	538.8333	-4.2109404	11.116679	20.6479	-69.404594	440000	-1.2417634e-08	141.40572	-0.01010904	-56.962173	0.52390295	0.015341933	0.082908295	13.0	1068.715636730194
44	-16.033333	60.407635	91.0	-72.0	627.06665	-5.8788147	10.827868	21.08674	-48.071896	450000	8.692344e-09	115.34732	-0.0142311035	-29.288992	0.5375834	0.015055977	0.102810286	22.0	1093.2157423496246
45	-7.3076925	62.682823	91.0	-80.0	722.7692	-4.118845	10.493434	23.025457	-56.11885	460000	-6.9461144e-09	101.737175	-0.0068881884	-39.707886	0.55446446	0.015935985	0.07030703	11.0	1118.6702091693878
46	-13.071428	57.512066	85.0	-76.0	649.7143	-1.5341214	11.962337	24.602936	-75.47845	470000	-6.208817e-09	87.322876	-0.009934127	-16.31852	0.5533394	0.015469837	0.098709874	21.0	1141.9815607070923
47	-24.923077	42.791916	70.0	-68.0	723.38464	-3.112003	11.62439	24.277466	-75.786064	480000	-2.173086e-09	95.72727	-0.008948956	-29.087006	0.55538553	0.015560291	0.08330833	14.0	1169.0469980239868
48	-32.692307	41.53846	73.0	-80.0	715.53845	-2.7019188	10.083203	26.246	-52.84643	490000	-9.934108e-09	110.00558	-0.010509885	-45.4446	0.55491006	0.015258639	0.09460946	14.0	1191.1542055606842
49	-33.464287	52.591576	89.5	-88.0	578.0714	-4.7659087	11.065737	25.302605	-73.13782	500000	-1.7384687e-08	153.02827	-0.010584403	-48.60307	0.5236234	0.015084292	0.10021001	10.0	1217.9565267562866
50	-33.192307	39.959373	80.5	-72.0	722.0769	-5.4721274	12.521744	22.106476	-76.89476	510000	-2.483527e-09	96.957275	-0.008214019	-24.4602	0.5318493	0.016144512	0.07560756	11.0	1240.3811235427856
51	-32.115383	46.372303	89.5	-72.0	695.8461	-4.64375	11.906018	21.941526	-77.23204	520000	7.450581e-09	84.80063	-0.010492603	-22.226202	0.5418331	0.0155391395	0.1020102	14.0	1263.1970756053925
52	-35.615383	45.47787	76.0	-80.0	710.7692	-3.7805045	10.664915	24.390694	-76.86348	530000	-7.450581e-09	135.25145	-0.011788257	-50.253876	0.53029466	0.01512077	0.09040904	15.0	1290.073616027832
53	-28.333334	43.924812	58.0	-88.0	695.4167	-5.4524274	12.277952	26.911606	-76.70968	540000	-1.4901161e-08	113.448204	-0.010715663	-35.966473	0.55173296	0.015845569	0.08620862	14.0	1312.5772876739502
54	-22.961538	49.098198	71.5	-84.0	730.53845	-3.5976734	10.168669	22.117655	-68.755295	550000	4.656613e-10	104.23461	-0.008805445	-24.083664	0.564423	0.015423144	0.098809876	14.0	1337.0229823589325
55	-32.846153	43.964752	88.0	-76.0	722.7692	-3.3731666	10.490496	21.99607	-69.0893	560000	-1.2417635e-09	85.41921	-0.0078317365	-27.647215	0.53166544	0.016458966	0.084908485	9.0	1363.140471458435
56	-26.5	45.15188	83.5	-76.0	716.0769	-4.2745695	11.200553	20.92235	-73.27541	570000	-3.7252903e-09	87.16761	-0.011566944	-18.047054	0.5460613	0.015004371	0.09070907	20.0	1386.6511960029602
57	-28.423077	44.8604	74.5	-76.0	706.0769	-3.459744	11.551106	23.345097	-77.18073	580000	-6.208817e-09	89.91541	-0.008526136	-20.010618	0.5303591	0.015252798	0.074107416	15.0	1412.420243024826
58	-32.966667	51.945633	74.5	-96.0	612.93335	-3.301515	11.132567	22.223602	-75.046104	590000	3.7252903e-09	121.940155	-0.011992424	-31.48881	0.53985363	0.015052275	0.09590959	16.0	1436.0311627388
59	-43.18182	24.078728	-8.0	-80.0	734.7273	-5.629095	11.202828	20.958975	-78.84218	600000	0.0	71.13968	-0.011031521	-28.255615	0.5196474	0.015331268	0.09730973	14.0	1457.5939688682556
60	-30.142857	53.354416	79.0	-88.0	627.5	-4.5760612	10.926016	22.310833	-65.48591	610000	-2.1109978e-08	135.61336	-0.010760855	-37.95701	0.51113313	0.015278343	0.081108116	12.0	1481.6052632331848
61	-22.5	54.14003	89.5	-76.0	666.0714	-5.5002403	11.23984	22.825287	-63.498276	620000	0.0	98.4906	-0.011621152	-25.978476	0.5239735	0.015114726	0.10481048	19.0	1505.9923152923584
62	-31.153847	37.42859	58.0	-72.0	728.46155	-3.9246626	11.5548725	23.793306	-71.65452	630000	2.483527e-09	92.28028	-0.0081769405	-18.745314	0.5264021	0.015232916	0.086608656	12.0	1529.3843729496002
63	-28.636364	38.23676	70.0	-68.0	762.2727	-4.5012364	9.767265	22.545746	-51.8172	640000	-1.2417634e-08	108.33539	-0.0083225425	-30.5292	0.5085144	0.016095428	0.085708566	12.0	1554.5531675815582
64	-33.53846	41.288136	76.0	-84.0	722.53845	-3.1741717	10.943782	20.581251	-81.984985	650000	-1.7384687e-08	86.64529	-0.010782376	-21.444143	0.53228205	0.015031782	0.10111011	15.0	1579.84255194664
65	-27.25	52.784855	79.0	-76.0	638.5714	-4.9589176	12.51292	23.634773	-82.601585	660000	-1.2417634e-08	97.929504	-0.010347356	-29.552343	0.52298737	0.015379667	0.09890989	10.0	1602.1710522174835
66	-29.576923	49.31993	77.5	-76.0	652.8461	-3.951467	12.589705	22.136261	-67.58885	670000	-8.692344e-09	115.74515	-0.007086897	-25.443705	0.49672246	0.015007968	0.065806575	7.0	1624.8826444149017
67	-21.653847	46.77581	65.5	-80.0	708.8461	-3.7109275	12.241169	23.944656	-75.39934	680000	6.208817e-09	113.385284	-0.0145787075	-31.082947	0.5040147	0.015076338	0.09390939	36.0	1651.3358736038208
68	-30.566668	50.30072	82.0	-84.0	628.4667	-4.7240386	12.494734	23.928158	-77.41864	690000	-4.346172e-09	114.6614	-0.011551842	-37.942703	0.51275355	0.015047873	0.08320832	15.0	1676.0903720855713
69	-23.923077	47.040836	65.0	-76.0	725.0	-4.901233	10.394923	21.746056	-58.251495	700000	0.0	120.468285	-0.009645297	-40.591557	0.48115435	0.015327416	0.07560756	15.0	1701.1827154159546
70	-36.454544	28.09194	5.0	-72.0	763.0909	-2.962692	11.566078	23.16117	-74.22197	710000	-1.6919026e-08	86.34463	-0.009195841	-20.463032	0.5064617	0.015024061	0.07910791	12.0	1723.1271476745605
71	-26.916666	47.941734	85.0	-72.0	703.75	-4.3036695	11.509154	21.87413	-76.41467	720000	-1.2417635e-09	90.225494	-0.009566565	-20.499287	0.50417286	0.0153557835	0.08550855	14.0	1748.116644859314
72	-12.375	48.083748	59.5	-72.0	725.3333	-3.6950264	10.870479	21.605873	-75.66997	730000	1.2417635e-09	79.65844	-0.009451776	-20.473082	0.4899607	0.015254113	0.07570757	19.0	1771.214358329773
73	-27.0	38.338406	33.0	-72.0	763.0833	-1.9623939	10.940089	23.470259	-68.82765	740000	-1.5754873e-08	92.21509	-0.008304288	-14.294177	0.50159436	0.015121699	0.07550755	17.0	1795.1294205188751
74	-22.23077	44.79724	91.0	-72.0	756.9231	-2.5992575	10.186436	23.005682	-51.45491	750000	-1.1175871e-08	76.23635	-0.009954756	-25.301443	0.4853977	0.015443553	0.08210821	12.0	1819.944528579712
75	-27.083334	43.715862	65.0	-84.0	785.4167	-1.9390996	10.968135	21.861506	-67.29568	760000	9.934108e-09	104.853294	-0.011165503	-26.382223	0.4856468	0.015022499	0.09480948	22.0	1843.2385559082031
76	-33.545456	40.130157	85.0	-60.0	782.2727	-2.9104917	11.022592	21.959211	-76.25015	770000	6.2088173e-10	96.04266	-0.008795947	-24.58835	0.4621141	0.015652768	0.105510555	12.0	1865.7498338222504
77	-27.038462	45.76968	71.5	-76.0	734.9231	-3.05056	11.590959	26.01667	-75.109985	780000	-6.829699e-09	84.14224	-0.013063294	-17.956503	0.4755439	0.01522921	0.08490849	33.0	1892.5235543251038
78	-26.2	34.146156	34.0	-68.0	750.9	-4.6172867	10.540266	23.080175	-74.31946	790000	-7.450581e-09	78.18243	-0.007817446	-16.839083	0.49245802	0.015348707	0.08010801	13.0	1914.5241286754608
79	-23.607143	55.650112	88.0	-92.0	658.7857	-2.2479444	11.955476	23.767504	-77.51629	800000	1.1175871e-08	138.14035	-0.011068575	-40.643555	0.5368908	0.015263242	0.09520952	23.0	1937.952142238617
80	-29.181818	34.943638	20.0	-72.0	781.2727	-4.9359694	11.503539	23.498236	-74.80268	810000	7.916242e-09	87.906944	-0.007763684	-26.054865	0.5069731	0.015875129	0.08150815	10.0	1961.9614639282227
81	-28.107143	52.539165	83.5	-88.0	688.6429	-3.1423175	10.976663	27.127504	-64.35111	820000	1.2417634e-08	121.28461	-0.010233201	-30.030031	0.5223425	0.015373553	0.09540954	20.0	1987.7421443462372
82	-43.416668	28.476477	10.0	-76.0	769.9167	-4.3656473	11.615621	23.178436	-61.26227	830000	-2.3438284e-08	86.419334	-0.0076390062	-28.12626	0.49956265	0.015012696	0.076107614	9.0	2011.8008036613464
83	-39.3	26.67602	-4.0	-88.0	729.1	-5.0987535	9.62169	23.26902	-56.275677	840000	-3.228585e-08	96.20884	-0.0075440817	-31.612837	0.4717684	0.015186316	0.07490749	9.0	2033.569384098053
84	-21.961538	53.402122	85.0	-84.0	723.38464	-4.204793	12.475887	23.577003	-64.32918	850000	-9.313226e-09	110.50659	-0.0072122863	-32.73546	0.4778041	0.015645958	0.08680868	10.0	2057.5938930511475
85	-35.666668	37.00075	60.0	-76.0	764.0833	-2.0159338	10.81433	22.16713	-64.362686	860000	-1.2417634e-08	77.65415	-0.015145503	-17.209951	0.49051276	0.015138529	0.09530953	39.0	2082.128664493561
86	-30.916666	37.15611	20.0	-76.0	752.3333	-2.1345544	11.567605	22.316109	-70.43425	870000	-1.8626451e-08	74.43801	-0.010514288	-15.68234	0.5325436	0.015076357	0.0770077	19.0	2104.563359975815
87	-23.038462	45.706615	74.5	-72.0	736.38464	-3.2075493	12.081415	26.678268	-79.186935	880000	6.208817e-09	75.641106	-0.010703131	-22.7273	0.5314655	0.015173242	0.086508654	19.0	2130.6722066402435
88	-32.81818	39.876667	55.0	-72.0	791.4545	-2.9192812	10.425624	25.228846	-76.78285	890000	-9.934108e-09	89.7908	-0.0073380456	-16.852148	0.5237346	0.015737133	0.08410841	13.0	2152.9984312057495
89	-24.346153	50.757107	74.5	-80.0	692.8461	-2.585998	11.36385	24.81821	-75.27708	900000	1.1175871e-08	94.80914	-0.010561798	-31.320694	0.5635745	0.015222069	0.080208026	12.0	2180.715755224228
90	-41.75	37.630054	65.0	-88.0	759.4167	-2.0436943	11.457803	24.527674	-75.38583	910000	8.071463e-09	117.28144	-0.013071091	-35.37878	0.5301228	0.0153502645	0.09490949	20.0	2203.3981461524963
91	-20.7	41.029377	27.0	-76.0	769.9	-4.707044	11.045586	21.00732	-77.59618	920000	2.483527e-09	85.95923	-0.013620827	-38.075394	0.56167257	0.015033036	0.10101011	28.0	2226.9923887252808
92	-27.291666	49.773006	74.5	-76.0	690.1667	-2.6175814	10.686144	26.266214	-47.428085	930000	3.903794e-08	117.726204	-0.010314811	-40.244938	0.5335792	0.015474565	0.09150914	14.0	2252.112681388855
93	-16.666666	48.71573	79.0	-72.0	743.1667	-3.485882	10.8483095	26.776983	-79.070946	940000	-7.450581e-09	83.05899	-0.015270233	-17.40196	0.5403647	0.015020532	0.10231023	42.0	2278.1309282779694
94	-19.461538	51.498493	76.0	-76.0	720.8461	-2.678915	11.248971	22.823515	-76.09433	950000	-1.6142925e-08	85.6173	-0.009254105	-20.582518	0.5712661	0.015452593	0.088108815	11.0	2304.00181722641
95	-27.454546	41.70538	43.0	-72.0	775.5455	-2.5317109	11.0425825	20.638538	-84.11962	960000	-9.313226e-09	110.151146	-0.008413423	-51.01361	0.551567	0.0150412945	0.08850885	19.0	2328.621205329895
96	-19.545454	47.036472	65.0	-84.0	796.0909	-2.214026	8.76133	21.420258	-59.08463	970000	3.6476802e-09	112.56745	-0.010502856	-36.30613	0.53995854	0.015333288	0.07830783	32.0	2352.613751411438
97	-14.5	42.13609	45.0	-68.0	757.2	-2.9959264	9.47267	24.361177	-51.53147	980000	1.9247333e-08	78.059235	-0.010196855	-16.698103	0.5436705	0.015331912	0.08700871	22.0	2375.1425828933716
98	-25.0	41.14365	40.0	-84.0	731.9	-2.243835	8.742749	22.153564	-63.21457	990000	2.7939677e-09	87.19605	-0.012398291	-20.574495	0.53518313	0.015037638	0.11131114	27.0	2398.9181036949158
99	-36.833332	47.27549	90.0	-80.0	790.4167	-1.9803083	9.823167	22.511671	-59.434612	1000000	9.934108e-09	110.56678	-0.009536412	-22.682497	0.5477722	0.015149154	0.08450846	14.0	2422.4741263389587
100	-37.8	34.669292	16.0	-84.0	743.4	-3.370274	8.501999	19.860899	-54.16107	1010000	-1.800557e-08	90.74471	-0.0132853985	-23.265432	0.53259	0.015008883	0.098709874	32.0	2445.7059071063995
101	-39.833332	35.498432	37.0	-84.0	796.4167	-2.381586	11.153074	24.031836	-66.90448	1020000	1.4901161e-08	100.09309	-0.013633235	-23.204926	0.52913433	0.015204544	0.08720872	30.0	2472.0143065452576
102	-22.333334	43.09937	45.0	-80.0	731.44446	-4.416311	8.2850685	20.600122	-56.75866	1030000	-1.9247333e-08	92.16314	-0.01296671	-20.423502	0.53871363	0.015380025	0.091709174	33.0	2495.2899231910706
103	-41.81818	40.82071	41.0	-84.0	781.36365	-3.2731392	11.433125	27.9008	-73.31865	1040000	-2.2351742e-08	101.288574	-0.012025315	-32.77506	0.53612393	0.015422615	0.092409246	16.0	2520.2763617038727
104	-23.681818	50.75712	89.5	-84.0	684.7273	-5.425539	10.515989	21.655594	-68.65589	1050000	2.483527e-09	106.518654	-0.013287446	-36.507885	0.57169557	0.015418033	0.09920993	18.0	2544.163397550583
105	-43.363636	26.80323	19.0	-80.0	755.4545	-2.4851637	9.619545	24.997938	-67.01034	1060000	-2.483527e-09	83.9647	-0.010151793	-36.2429	0.5092883	0.015316487	0.07880788	12.0	2566.6060287952423
106	-28.444445	35.456112	29.0	-80.0	727.8889	-6.0301743	8.537049	14.339411	-51.97651	1070000	9.934108e-09	93.37531	-0.010653439	-32.635906	0.53381366	0.015285819	0.07830783	17.0	2590.4464144706726
107	-37.666668	29.508003	13.0	-80.0	796.75	-1.5928655	10.036646	26.786627	-64.95386	1080000	7.450581e-09	94.32908	-0.0109148	-21.655256	0.5391508	0.015154567	0.08890889	19.0	2613.810034275055
108	-24.181818	42.59496	45.0	-76.0	794.2727	-3.713226	11.594895	27.015505	-70.03895	1090000	2.483527e-09	75.102	-0.00898439	-23.599539	0.5714633	0.015782243	0.085708566	11.0	2636.9109523296356
109	-34.5	43.641533	80.0	-76.0	756.0	-0.29313502	11.268048	26.174833	-75.09156	1100000	1.7695129e-08	96.16318	-0.008055194	-28.860405	0.53856874	0.016190061	0.09610961	9.0	2660.0859847068787
110	-42.2	28.3189	18.0	-80.0	716.1	-3.6655526	8.2212925	19.325829	-59.853394	1110000	1.4901161e-08	104.46432	-0.008243562	-22.476065	0.52056843	0.015023916	0.10471047	9.0	2682.128378868103
111	-40.583332	29.607033	3.0	-80.0	788.3333	-3.0033724	10.676743	21.21366	-69.02626	1120000	8.2266824e-09	99.69352	-0.007961709	-27.578924	0.54904443	0.015309247	0.08350835	10.0	2705.407481431961
112	-31.833334	45.535397	49.0	-80.0	692.25	-4.49547	11.705823	22.158598	-78.82647	1130000	-2.483527e-09	84.51861	-0.008621757	-26.066477	0.5806715	0.015128787	0.099709965	10.0	2728.408489704132
113	-35.5	36.991684	62.5	-76.0	692.46155	-3.5652254	10.930528	27.146545	-77.398254	1140000	-4.656613e-09	80.936615	-0.008406072	-20.12309	0.6019252	0.015464854	0.08700871	8.0	2751.421139717102
114	-33.46154	41.885586	73.0	-76.0	723.0	-3.9523196	11.210916	21.817225	-82.0192	1150000	0.0	87.27932	-0.007261068	-26.57422	0.5925452	0.015264784	0.083808385	9.0	2775.828976869583
115	-28.875	61.631084	77.5	-100.0	608.875	-3.1276712	9.60997	23.200827	-67.872665	1160000	0.0	180.64656	-0.012696798	-63.428436	0.60468656	0.015297999	0.09710971	18.0	2801.717455625534
116	-31.09091	37.061264	55.0	-68.0	802.36365	-4.1442313	10.947089	20.273266	-57.099834	1170000	2.2351742e-08	105.12093	-0.008006196	-41.7298	0.56598073	0.015179698	0.07730773	12.0	2825.1135528087616
117	-35.75	30.011456	26.0	-68.0	767.5833	-3.373214	9.905994	23.63921	-65.46571	1180000	-1.7384687e-08	76.37565	-0.009649705	-23.776619	0.57000136	0.015236982	0.07660765	13.0	2852.752468585968
118	-31.961538	41.94523	55.0	-84.0	748.61536	-3.8555534	9.644843	20.160912	-46.667255	1190000	-1.7384687e-08	75.06658	-0.012890744	-24.12715	0.5474624	0.015000009	0.09460946	20.0	2880.3809056282043
119	-35.909092	41.495792	55.0	-80.0	746.2727	-3.460466	9.002378	19.903168	-56.712948	1200000	4.811833e-09	86.58839	-0.015706705	-20.35509	0.5416563	0.015205618	0.10881088	39.0	2902.262855052948
120	-23.181818	40.97409	40.0	-76.0	770.9091	-4.4594336	11.571273	23.084347	-67.113235	1210000	-7.450581e-09	88.27215	-0.010090308	-34.40094	0.5697732	0.015234244	0.0721072	22.0	2926.5648596286774
121	-40.78125	50.0871	56.5	-100.0	606.0625	-1.9956384	10.257116	26.223335	-66.45084	1220000	3.973643e-08	200.07275	-0.013094491	-71.83924	0.5490274	0.015445509	0.082908295	18.0	2950.8409929275513
122	-28.636364	37.553047	30.0	-80.0	795.5455	-5.298918	9.283481	15.739664	-47.61541	1230000	-6.829699e-09	85.244774	-0.009166341	-28.752821	0.55320543	0.015285544	0.08550855	15.0	2975.5248680114746
123	-31.9	33.89233	35.0	-72.0	776.6	-3.841405	9.044306	19.913193	-55.904877	1240000	0.0	75.00272	-0.010165413	-14.242187	0.5453518	0.015518264	0.07170717	19.0	2998.793422460556
124	-17.8	48.999596	60.0	-80.0	772.3	-3.366018	8.520694	19.02755	-52.771935	1250000	-3.7252903e-09	69.83411	-0.008755167	-18.252691	0.54272145	0.015859887	0.095109515	12.0	3020.826140165329
125	-22.0	45.49945	80.0	-72.0	781.0	-3.177764	9.407365	21.261612	-57.511562	1260000	-1.2417634e-08	95.92056	-0.009762785	-26.510096	0.56469506	0.015516494	0.08770877	16.0	3045.5876972675323
126	-20.083334	55.883003	85.0	-80.0	721.0	-3.3690116	10.787859	23.511465	-76.53647	1270000	9.934108e-09	130.78178	-0.007153137	-46.114944	0.5812275	0.0150972875	0.07120711	13.0	3070.4656982421875
127	-32.75	45.13152	76.0	-84.0	710.0	-3.090498	8.936668	22.136997	-38.898582	1280000	1.2417634e-08	124.77991	-0.009244929	-49.731426	0.5384478	0.015645323	0.09040904	14.0	3095.6486699581146
128	-23.454546	47.051933	72.0	-68.0	787.5455	-3.960826	10.512954	23.47443	-72.36509	1290000	-2.483527e-09	102.391396	-0.0068471394	-39.594723	0.5721298	0.015614179	0.067306735	7.0	3119.0536856651306
129	-12.888889	39.63288	37.0	-68.0	781.6667	-3.3988125	7.4434357	15.516286	-59.042904	1300000	-1.2417635e-09	71.60322	-0.0084651755	-22.11181	0.5649212	0.015283226	0.080208026	14.0	3140.100997209549
130	-25.9	41.384655	60.0	-64.0	775.2	-2.8285673	9.254916	22.882704	-65.956184	1310000	-1.14717595e-08	105.31314	-0.008797905	-34.47813	0.5686564	0.015304449	0.081408136	11.0	3163.8274750709534
131	-16.291666	49.0257	65.5	-80.0	713.4167	-3.0214188	10.004911	26.543049	-72.945	1320000	7.450581e-09	108.05973	-0.008602695	-49.335033	0.5903016	0.015478052	0.08310831	12.0	3193.0158281326294
132	-20.541666	54.684494	65.5	-88.0	707.5833	-2.855337	9.274441	20.616875	-51.51624	1330000	1.1175871e-08	75.81873	-0.008323693	-17.339762	0.5483262	0.015716419	0.07490749	9.0	3220.7091023921967
133	-15.791667	54.90046	71.5	-80.0	690.6667	-2.757313	9.709539	22.951244	-63.088802	1340000	-2.483527e-09	131.46759	-0.008131665	-26.090416	0.5541152	0.015815057	0.0820082	10.0	3241.9133236408234
134	-19.0	53.489166	85.0	-68.0	756.36365	-2.63204	9.781797	23.80024	-60.56881	1350000	-1.4901161e-08	77.91061	-0.007685631	-22.616196	0.55138844	0.01548854	0.073207326	12.0	3263.517522096634
135	-26.23077	43.06016	94.0	-68.0	745.0769	-2.025655	10.893432	26.652887	-70.702446	1360000	8.071463e-09	74.32859	-0.008644512	-23.687109	0.54931337	0.015190492	0.08600861	13.0	3290.596551179886
136	-21.88889	31.97723	16.0	-68.0	738.55554	-4.5374265	7.1329174	14.722488	-51.648483	1370000	-3.259629e-09	74.022125	-0.0111378385	-16.8025	0.52595955	0.015225756	0.08890889	18.0	3312.9418132305145
137	-8.6	49.834126	65.0	-80.0	753.8	-3.4331758	8.848056	28.008238	-55.15415	1380000	6.208817e-09	91.32678	-0.0072450973	-32.507587	0.5536199	0.016447334	0.07230723	8.0	3336.4882202148438
138	-20.09091	38.29421	30.0	-68.0	804.1818	-1.1255777	10.018103	25.505596	-85.61516	1390000	6.2088173e-10	72.853264	-0.010346455	-16.623869	0.539507	0.015221383	0.08830883	18.0	3359.295474767685
139	-28.0	41.034355	51.0	-68.0	777.8182	-1.9917574	10.764212	27.457916	-77.30575	1400000	3.5700698e-09	88.244995	-0.009326176	-19.464605	0.54612654	0.015096488	0.10111012	12.0	3385.09911608696
140	-12.083333	49.19427	55.0	-76.0	703.4167	-3.0508568	9.980085	25.01411	-77.45641	1410000	-4.967054e-09	91.29751	-0.009741678	-23.574884	0.54945433	0.01528633	0.09750975	17.0	3411.7125804424286
141	-19.0	41.257507	35.0	-80.0	786.4545	-1.7943478	8.970897	20.983908	-68.56848	1420000	2.483527e-09	87.0093	-0.015505911	-20.593525	0.5187903	0.015112311	0.119511954	76.0	3437.297803401947
142	-30.454546	36.197346	25.0	-72.0	776.4545	-2.1762707	8.991291	20.172215	-48.07838	1430000	1.8626451e-09	79.275116	-0.008522396	-20.99297	0.5216097	0.015957467	0.0890089	12.0	3460.8894753456116
143	-35.0	36.77182	33.0	-76.0	797.0833	-2.3734784	9.862791	20.788652	-68.2407	1440000	1.1175871e-08	82.287315	-0.008012278	-17.314693	0.5243638	0.017083913	0.07740774	9.0	3484.519737482071
144	-28.25	42.29485	46.0	-76.0	760.3333	-3.1826148	9.857432	20.306292	-72.606964	1450000	-2.6387472e-09	78.78686	-0.015221063	-28.046106	0.5536475	0.015171346	0.109110914	30.0	3507.6406881809235
145	-32.615383	38.213043	49.0	-84.0	727.38464	-2.3314793	9.889674	25.067158	-71.629074	1460000	2.483527e-09	112.53226	-0.011661825	-38.526783	0.5625822	0.015118244	0.09310931	18.0	3532.029066324234
146	-20.166666	55.428383	85.0	-80.0	791.75	-3.3023248	10.791228	22.469788	-77.75024	1470000	2.9802322e-08	116.484825	-0.011940372	-48.801052	0.56111526	0.0154233165	0.09140915	20.0	3555.1435103416443
147	-27.846153	39.638454	76.0	-68.0	740.0769	-2.3876135	10.830158	21.630152	-74.51486	1480000	-1.086543e-08	97.55206	-0.008225805	-32.81621	0.5456673	0.016309865	0.06990699	7.0	3578.7543165683746
148	-33.727272	33.81256	24.0	-80.0	756.4545	-3.346027	9.838994	26.394934	-68.003105	1490000	7.450581e-09	85.471825	-0.009717314	-24.624475	0.54622895	0.015358022	0.09220922	13.0	3600.995129585266
149	-23.333334	45.75721	80.0	-72.0	809.6667	-3.032948	10.988762	22.89928	-65.94186	1500000	7.450581e-09	85.26768	-0.005625254	-28.745008	0.5398105	0.01642236	0.063106306	6.0	3625.6786725521088
150	-35.090908	27.74381	6.0	-64.0	780.7273	-1.8416443	10.322034	25.167036	-81.620575	1510000	1.7462298e-10	83.18051	-0.010209507	-22.037863	0.5321017	0.015646579	0.09530953	12.0	3648.885185241699
151	-20.09091	45.99497	80.0	-72.0	789.36365	-2.9787755	10.116573	23.705597	-68.88542	1520000	3.7252903e-09	74.56653	-0.008191682	-18.669146	0.50693625	0.015111414	0.08510851	12.0	3673.5081870555878
152	-29.727272	45.24899	63.0	-76.0	773.7273	-2.481957	11.219915	23.920395	-88.41224	1530000	1.3659398e-08	79.03948	-0.009442355	-19.240543	0.5066573	0.015367609	0.084808476	13.0	3694.6690917015076
153	-24.535715	53.705704	62.5	-84.0	657.9286	-2.6715178	10.926025	26.681194	-79.638	1540000	4.967054e-09	148.19212	-0.01008192	-35.208233	0.54865307	0.015570569	0.10011002	16.0	3718.319450855255
154	-21.333334	50.24993	52.0	-84.0	787.6667	-2.3522415	9.2632	25.515106	-68.6502	1550000	1.5832484e-08	96.65582	-0.0054945177	-32.17353	0.5488918	0.015547697	0.07260726	7.0	3742.2721009254456
155	-19.7	48.920444	65.0	-88.0	757.2	-2.9383886	10.961517	24.985954	-86.974594	1560000	-1.4901161e-08	86.84023	-0.00888136	-21.812103	0.5387849	0.015682662	0.086508654	14.0	3766.042149543762
156	-23.363636	53.387558	60.0	-80.0	743.9091	-2.1311674	10.264771	28.541203	-64.77529	1570000	1.7384687e-08	112.68462	-0.007059943	-39.863293	0.55050635	0.015978582	0.0929093	8.0	3787.896481990814
157	-15.583333	52.398247	80.0	-84.0	777.5833	-0.906111	9.782547	21.939945	-45.06308	1580000	-3.228585e-08	80.25483	-0.00879388	-26.740479	0.52907664	0.015063629	0.08870888	14.0	3811.671392440796
158	-26.785715	49.25035	95.0	-80.0	667.6429	-1.9019264	11.761941	24.13197	-58.92549	1590000	-1.2417634e-08	132.62679	-0.008883449	-50.51508	0.5410659	0.016163168	0.08010801	10.0	3837.098982334137
159	-16.636364	46.71825	60.0	-72.0	801.2727	-3.7992375	10.807544	19.278027	-80.096344	1600000	2.3593506e-08	110.84582	-0.0066861957	-36.04857	0.52536404	0.015289222	0.0840084	11.0	3862.0278446674347
160	-14.076923	52.673832	70.0	-76.0	734.53845	-2.2722208	9.263343	22.233927	-52.388443	1610000	-9.934108e-09	95.10309	-0.011477987	-30.664612	0.5352702	0.015388255	0.09660966	24.0	3887.760343313217
161	-23.76923	54.531788	70.0	-88.0	719.6923	-1.4904474	10.35111	27.043903	-82.86032	1620000	-2.483527e-09	112.87821	-0.008126825	-28.480726	0.51922303	0.015511904	0.07510751	13.0	3912.862393140793
162	-14.115385	60.522137	90.0	-84.0	729.46155	-2.6629837	10.379109	21.11273	-82.275055	1630000	-6.2088173e-10	89.71741	-0.008601758	-17.449894	0.5198759	0.0152874775	0.08830883	12.0	3936.368237733841
163	-22.333334	44.983948	55.0	-72.0	798.3333	-1.5267422	10.985641	23.726147	-82.461914	1640000	-8.071463e-09	77.916565	-0.007849605	-14.467884	0.50743353	0.015216756	0.08990899	13.0	3962.1861617565155
164	-17.454546	53.01863	75.0	-72.0	744.36365	-2.2539654	9.293556	23.77586	-70.369125	1650000	-7.450581e-09	77.08805	-0.015988907	-15.069585	0.48916948	0.0150644	0.109110914	50.0	3986.624844312668
165	-25.653847	50.464527	80.0	-68.0	730.2308	-2.0375197	10.560231	23.071547	-77.06824	1660000	-1.2417634e-08	96.097374	-0.010822837	-20.740082	0.53256077	0.015261103	0.094109416	13.0	4016.4820396900177
166	-25.0	49.926613	95.0	-72.0	775.1667	-2.3861136	10.236571	25.014904	-76.35815	1670000	3.1044085e-09	77.30538	-0.008227913	-21.512451	0.5292703	0.015690252	0.07740774	11.0	4039.153242588043
167	-33.833332	39.142544	37.0	-84.0	761.1667	-1.4750085	9.848383	25.28787	-64.68618	1680000	-1.9286139e-08	76.472694	-0.0077914395	-19.365286	0.548011	0.015539723	0.108310826	10.0	4061.3658332824707
168	-12.0	50.92151	65.0	-76.0	765.1	-3.876028	9.437034	19.710709	-59.1089	1690000	3.4148495e-09	78.19971	-0.010075756	-27.566055	0.54200476	0.015197498	0.09610961	19.0	4085.036851644516
169	-17.916666	57.823666	90.0	-88.0	748.5	-0.67409486	9.886988	19.098522	-80.11812	1700000	2.2351742e-08	93.468956	-0.0061414638	-21.218735	0.55392677	0.01629884	0.06860685	8.0	4108.12531375885
170	-10.3	53.030277	95.0	-68.0	738.5	-2.6699238	10.104838	18.04402	-87.690445	1710000	1.6763806e-08	88.44018	-0.006688804	-19.85349	0.5252119	0.015598646	0.07380738	10.0	4130.431587696075
171	-21.727272	49.7468	65.0	-84.0	793.63635	-0.6127496	10.56319	25.534727	-90.27154	1720000	-9.934108e-09	91.98879	-0.013600743	-19.619915	0.5396288	0.01517916	0.1080108	28.0	4155.577798604965
172	-19.363636	50.59514	70.0	-72.0	738.0909	-2.2986822	12.140723	23.625698	-89.45031	1730000	2.483527e-09	78.47349	-0.012731512	-24.34578	0.5503342	0.015560906	0.10081008	25.0	4176.856697559357
173	-12.0	47.54787	60.0	-72.0	757.8	-2.6135006	9.993888	20.405237	-71.20858	1740000	-1.4901161e-08	62.84682	-0.008873391	-13.672057	0.5252479	0.015096773	0.079507954	16.0	4201.029680490494
174	-35.545456	28.95565	28.0	-64.0	775.7273	-1.7858799	10.713638	21.01993	-76.5237	1750000	1.2417635e-09	97.46685	-0.008279805	-23.313644	0.5282259	0.015296702	0.07910791	12.0	4226.634177207947
175	-22.583334	46.45869	60.0	-76.0	808.25	-1.9548384	10.171768	23.486208	-69.84186	1760000	2.1109978e-08	90.47843	-0.009248934	-30.093483	0.523658	0.016027026	0.08370837	18.0	4249.290647745132
176	-18.6	44.19095	55.0	-72.0	736.6	-2.1833556	10.556776	20.08183	-84.27918	1770000	-1.5090336e-08	109.84616	-0.007357953	-31.797262	0.5274921	0.015260256	0.07720772	11.0	4272.17637181282
177	-9.6	53.297657	95.0	-80.0	762.6	-2.2472374	7.3492136	19.453201	-62.47234	1780000	1.3969839e-08	92.43154	-0.010961019	-26.777054	0.5096998	0.015238275	0.08870888	23.0	4295.37260723114
178	-11.75	59.77057	95.0	-84.0	761.1667	-0.65326977	10.433968	24.361504	-89.83589	1790000	9.934108e-09	90.04421	-0.009642671	-21.503778	0.5393538	0.015309575	0.09010901	20.0	4320.23675942421
179	-15.666667	51.78374	75.0	-80.0	778.9167	-0.059446882	9.927923	19.64018	-77.32474	1800000	-2.173086e-09	82.58196	-0.0069533414	-17.317017	0.5350881	0.015004218	0.09220922	11.0	4344.0954847335815
180	-29.0	44.711193	80.0	-76.0	776.4545	-1.8619936	10.837031	21.217913	-85.84334	1810000	-6.2088173e-10	83.19958	-0.008256628	-21.093008	0.5485614	0.015756486	0.08330833	10.0	4366.15332198143
181	-22.923077	52.363323	90.0	-68.0	742.7692	-1.9316496	10.910803	21.298826	-82.051765	1820000	-2.1109978e-08	87.64988	-0.008036089	-26.966894	0.5330532	0.015519917	0.09560957	10.0	4392.257481098175
182	-19.272728	55.0654	75.0	-68.0	729.4545	-2.9002573	11.317858	22.370672	-78.16986	1830000	0.0	91.81723	-0.010549196	-27.38336	0.49348888	0.015213549	0.066406645	13.0	4412.972614526749
183	-12.2	53.598133	85.0	-76.0	730.9	-2.4896662	10.295378	20.88987	-75.55205	1840000	-1.9868216e-08	89.43613	-0.0059964233	-15.736057	0.511187	0.015752528	0.07810781	7.0	4437.855133533478
184	-22.363636	47.943665	85.0	-80.0	793.7273	-0.7293659	9.338214	31.505985	-73.93427	1850000	6.208817e-09	101.11771	-0.015868917	-18.272476	0.48606658	0.012308453	0.10871086	79.0	4464.424457788467
185	-12.909091	50.762287	90.0	-68.0	800.0909	-1.9647115	9.890341	26.290455	-83.44705	1860000	2.483527e-09	75.02439	-0.006442366	-18.840464	0.47795796	0.015325802	0.061606158	10.0	4487.343393802643
186	-5.8	51.510777	70.0	-72.0	777.6	-1.89389	10.138769	20.215548	-84.57171	1870000	2.4680048e-08	51.53066	-0.005994694	-12.079655	0.48313674	0.0155542465	0.077807784	8.0	4514.031603574753
187	-8.045455	61.515133	80.0	-80.0	681.7273	-2.0051885	8.838748	28.975737	-64.45909	1880000	8.692344e-09	81.29044	-0.0075134807	-19.613565	0.4537803	0.016869945	0.0770077	8.0	4537.567344665527
188	-20.272728	44.066254	60.0	-72.0	801.0	-1.3646319	9.374233	29.049784	-76.945206	1890000	8.614734e-09	85.66134	-0.009734753	-19.987701	0.46568477	0.0150776105	0.08040804	20.0	4563.939439296722
189	-8.818182	48.175472	60.0	-64.0	796.1818	-2.1577883	9.832611	23.740086	-73.381744	1900000	8.071463e-09	71.848274	-0.0062140883	-20.186546	0.47513947	0.016057057	0.06830683	8.0	4588.337108850479
190	-14.727273	54.539547	95.0	-64.0	790.36365	-0.4736029	10.2992	20.609066	-85.67747	1910000	1.1175871e-08	70.896484	-0.006429699	-14.747117	0.46901408	0.016073951	0.076907694	8.0	4611.993116378784
191	-44.0	26.143833	5.0	-76.0	788.8333	-0.11506237	11.004718	31.255434	-89.463615	1920000	-2.2895014e-08	110.96995	-0.005213847	-33.550724	0.4831461	0.01585303	0.06460646	8.0	4636.207206249237
192	-5.9	57.463814	85.0	-88.0	742.4	-4.387382	9.5527315	18.183012	-85.57246	1930000	-1.7384687e-08	94.66272	-0.01178769	-33.64783	0.48723117	0.015211537	0.09370937	24.0	4659.377870321274
193	-14.291667	54.952423	90.0	-72.0	714.6667	-2.0642207	11.032385	20.517715	-79.1218	1940000	2.2351742e-08	88.21021	-0.00610869	-20.407225	0.47485933	0.015900806	0.05620562	6.0	4686.273411512375
194	-4.0	62.31156	85.0	-80.0	669.38464	-2.8636756	10.537185	27.200735	-89.27729	1950000	1.3659398e-08	84.76842	-0.007877404	-15.910098	0.49918044	0.015110325	0.076007605	9.0	4713.534612894058
195	-22.272728	41.575977	45.0	-72.0	797.63635	-2.182095	11.801249	18.192217	-91.744995	1960000	3.1820189e-09	85.41211	-0.0053281537	-20.5988	0.46147358	0.01556797	0.06610662	7.0	4738.0948712825775
196	-11.181818	50.705597	85.0	-64.0	772.7273	-2.7191036	11.189104	22.476582	-87.19198	1970000	-1.2417634e-08	82.63222	-0.005618488	-20.629065	0.46382943	0.015349059	0.06550655	9.0	4761.573543071747
197	-19.416666	50.2153	70.0	-60.0	787.0833	-0.25556162	11.229048	23.461628	-88.201126	1980000	-1.8626451e-09	72.04459	-0.006189473	-13.504082	0.47051635	0.0152050285	0.07660766	9.0	4784.604827165604
198	-8.25	70.73864	100.0	-92.0	659.6429	-1.8509247	11.22567	20.849924	-85.95632	1990000	1.2417634e-08	78.1144	-0.009721969	-19.161404	0.4533132	0.015579385	0.067606755	17.0	4808.41535449028
199	-7.1	60.577965	100.0	-68.0	722.9	-2.054577	11.076826	22.966177	-78.39976	2000000	-1.1175871e-08	76.674	-0.009044039	-13.52576	0.4790314	0.015775582	0.07640764	12.0	4830.0792760849
200	-8.0	55.452682	100.0	-72.0	729.0	-1.41364	10.368335	23.319523	-88.08099	2010000	-4.967054e-09	90.12439	-0.008381198	-16.221354	0.45375884	0.015412617	0.09580958	13.0	4852.979908704758
201	-17.636364	44.46505	66.0	-68.0	800.0	-1.7414008	11.066589	22.815666	-88.92126	2020000	9.934108e-09	113.64054	-0.0117938025	-38.940548	0.45269403	0.015026809	0.08710871	26.0	4879.62733912468
202	-20.222221	38.838062	45.0	-68.0	716.0	-2.6667962	7.2872806	16.357693	-54.558712	2030000	-9.934108e-09	99.44378	-0.0076297224	-38.626118	0.4350662	0.015514902	0.07190719	13.0	4900.86013507843
203	-16.9	50.292046	66.0	-72.0	747.8	-3.260264	10.47193	25.89219	-85.97838	2040000	9.934108e-09	99.45029	-0.008342714	-32.63622	0.45198652	0.015040837	0.09620962	10.0	4923.873783826828
204	-12.818182	56.015938	85.0	-68.0	733.0909	-2.3528686	9.098903	20.39483	-71.60163	2050000	1.3038516e-08	80.8747	-0.013008404	-24.8598	0.46129504	0.015038378	0.09200921	29.0	4946.652580022812
205	-8.363636	54.8374	75.0	-64.0	788.9091	-1.4638467	10.437258	21.860815	-81.386604	2060000	0.0	54.046585	-0.010759247	-14.432571	0.46507272	0.015737087	0.084608465	17.0	4972.473504304886
206	-17.166666	63.26549	80.0	-76.0	614.26666	-2.3983352	10.128624	24.618713	-70.50425	2070000	-3.7252903e-09	112.60189	-0.008104035	-36.002483	0.46243432	0.015175278	0.073307335	11.0	4999.117757797241
207	-21.363636	46.06571	70.0	-68.0	753.8182	-3.0322976	10.061435	21.648422	-77.49303	2080000	-3.7252903e-09	100.92011	-0.008240394	-33.474445	0.46652636	0.015152077	0.075307526	13.0	5021.711266517639
208	-2.125	66.14319	100.0	-84.0	700.5	-1.8808329	8.699441	21.33978	-53.783905	2090000	-7.450581e-09	116.6698	-0.0066062286	-36.19352	0.42126822	0.015421286	0.06320632	12.0	5047.072448968887
209	-24.9	39.901005	55.0	-80.0	747.6	-1.6198386	10.24139	20.15832	-91.22645	2100000	-1.800557e-08	98.06614	-0.0054920795	-36.96172	0.4425709	0.016010603	0.06040604	6.0	5067.7828624248505
210	-23.636364	41.381317	67.0	-76.0	681.0	-3.0766816	8.867585	20.225456	-72.92032	2110000	-2.483527e-09	92.47556	-0.0062874383	-30.398552	0.43502903	0.015227139	0.06520652	10.0	5092.789791584015
211	-22.8	41.72481	40.0	-72.0	771.0	-3.9370937	9.534903	21.299417	-79.7695	2120000	0.0	82.1303	-0.008341643	-18.129543	0.4670998	0.015388849	0.09270927	14.0	5116.719000816345
212	-1.7	55.170734	70.0	-80.0	745.7	-2.1811523	8.111129	22.040506	-80.50508	2130000	6.208817e-09	87.4454	-0.011421259	-21.968445	0.4525181	0.015042249	0.07990799	35.0	5139.942534685135
213	-22.09091	47.069496	65.0	-84.0	768.4545	-0.62224746	8.878598	20.738728	-61.20126	2140000	-1.8626451e-09	109.39434	-0.008583817	-42.833313	0.4541128	0.015741795	0.08320832	13.0	5163.432552576065
214	-33.416668	42.599804	75.0	-72.0	763.5833	-1.2665079	11.645203	26.021461	-85.191635	2150000	-1.1796753e-08	111.464905	-0.009956119	-32.321835	0.44305575	0.015312739	0.07630763	18.0	5186.547469139099
215	-24.181818	49.05251	75.0	-88.0	760.36365	-2.8216999	9.443613	20.090897	-68.13861	2160000	-4.967054e-09	78.65774	-0.0076848543	-25.139877	0.44677782	0.015127603	0.07210722	10.0	5211.245403051376
216	-28.0	47.72459	51.0	-84.0	737.1818	-1.9864998	8.637315	23.380453	-62.040623	2170000	8.692344e-09	90.62356	-0.0075401063	-23.526602	0.4502034	0.015004426	0.09520952	10.0	5233.873385667801
217	-16.727272	49.664497	75.0	-64.0	782.8182	-2.3700483	10.606627	23.637482	-75.98978	2180000	1.1175871e-08	99.22373	-0.0069692857	-21.15603	0.46896103	0.015138383	0.07380738	11.0	5257.528578042984
218	-5.111111	51.874733	70.0	-68.0	748.8889	-3.1066306	8.6195345	21.715155	-66.21016	2190000	2.3981556e-08	56.80533	-0.014177349	-13.87832	0.46175468	0.015098184	0.099509954	55.0	5281.112587928772
219	-13.2	53.09953	80.0	-68.0	780.8	-2.1226034	9.690459	23.531628	-73.29888	2200000	1.1175871e-08	89.373505	-0.009797691	-24.253416	0.4784635	0.015034884	0.076207615	15.0	5305.4716629981995
220	-12.8	44.698547	85.0	-68.0	766.2	-2.847341	9.512915	22.103065	-71.35186	2210000	-1.9868216e-08	76.227	-0.018021084	-17.730038	0.4678979	0.01481121	0.10521052	79.0	5330.270383119583
221	-7.818182	53.962646	95.0	-68.0	802.0	-1.7287813	9.552708	24.872871	-76.04645	2220000	-1.9247333e-08	56.250706	-0.007933273	-12.113803	0.49068737	0.0156496	0.095109515	12.0	5353.582882404327
222	-16.636364	50.25801	65.0	-76.0	746.63635	-0.26102027	8.891242	24.171196	-71.93955	2230000	-1.4280279e-08	131.1331	-0.0078628585	-46.38139	0.47954622	0.015019073	0.08530853	24.0	5376.709663152695
223	-22.23077	52.066753	67.0	-80.0	731.53845	-0.9465453	9.263682	25.749868	-44.921425	2240000	1.7384687e-08	123.39761	-0.007994324	-36.982014	0.4936502	0.015474666	0.09120912	10.0	5401.9334144592285
224	-11.090909	55.53452	90.0	-72.0	761.0	-2.2614586	9.298949	24.218493	-65.470436	2250000	6.208817e-09	90.23856	-0.010310716	-23.229502	0.4772254	0.0154386535	0.08360836	21.0	5426.842266798019
225	-11.777778	47.224705	70.0	-72.0	718.55554	-3.2293954	9.409555	20.77759	-74.54929	2260000	-5.5879354e-09	89.09731	-0.010641445	-19.39702	0.46050635	0.015056875	0.081108116	25.0	5449.51930642128
226	-21.0	48.639675	61.0	-80.0	812.7273	-1.0425117	8.945925	26.52452	-60.176125	2270000	-3.7252903e-09	75.17405	-0.014840162	-15.334354	0.4816229	0.015216832	0.10411041	43.0	5473.545215129852
227	-16.9	53.638515	63.0	-80.0	775.7	-1.928549	8.550783	25.795748	-76.79835	2280000	-9.934108e-09	65.96284	-0.011539489	-12.8832245	0.45979896	0.015166943	0.08430844	21.0	5495.936977148056
228	-31.666666	47.613605	85.0	-84.0	792.4167	-0.6624303	9.465321	24.251123	-66.28306	2290000	1.4901161e-08	105.85071	-0.013699391	-21.395523	0.48309755	0.015012511	0.112011194	23.0	5519.592357635498
229	-17.727272	41.352345	50.0	-64.0	779.0909	-2.5242157	10.582697	21.47841	-77.34948	2300000	-6.208817e-09	64.11395	-0.0072307014	-23.961607	0.47280446	0.015324466	0.08170817	10.0	5543.429309129715
230	5.2	59.026775	95.0	-68.0	784.9	-1.7813349	7.934122	21.198103	-53.631233	2310000	-1.4901161e-08	99.46329	-0.0099423565	-17.171951	0.4749359	0.015059548	0.093209326	47.0	5568.712035417557
231	-12.416667	60.77891	95.0	-76.0	762.75	1.1538143	9.3182	25.054085	-51.142147	2320000	-6.208817e-09	74.55996	-0.008024524	-26.578293	0.5019307	0.016743362	0.08010801	10.0	5591.894177436829
232	-29.90909	40.003304	45.0	-76.0	751.4545	-0.41344833	9.759189	31.08609	-66.76887	2330000	9.934108e-09	97.33231	-0.00834277	-34.990772	0.50721157	0.015698256	0.08060806	10.0	5615.334966659546
233	-15.5	49.79809	61.0	-80.0	751.2	-3.0776834	9.651601	20.257494	-65.73083	2340000	-7.450581e-09	92.205635	-0.0066428124	-31.239103	0.48781335	0.015784074	0.07670767	9.0	5642.083662748337
234	-23.90909	46.72639	60.0	-68.0	795.2727	-1.8499093	8.677159	27.04837	-51.920166	2350000	-2.1109978e-08	81.952576	-0.009487746	-17.778847	0.4866424	0.015097189	0.09840984	15.0	5664.238121986389
235	-15.818182	53.08795	60.0	-92.0	787.63635	-1.2651117	8.274959	24.509527	-54.319862	2360000	1.4901161e-08	77.562096	-0.007941416	-19.54492	0.49454486	0.01548458	0.06540654	14.0	5688.960378170013
236	-17.454546	54.65156	80.0	-84.0	760.4545	-0.9423916	9.37635	24.910345	-56.27526	2370000	-2.1109978e-08	103.24015	-0.0058735446	-29.81272	0.51285475	0.015003878	0.0690069	7.0	5711.295361757278
237	-16.375	57.16756	65.0	-80.0	664.0	-1.7009854	9.847452	24.612423	-53.52665	2380000	-6.3640377e-09	112.084984	-0.006888926	-34.49619	0.49376145	0.015486136	0.079607956	11.0	5732.189621210098
238	-16.9	60.39114	95.0	-76.0	759.0	-2.8189154	10.071399	21.393412	-52.47302	2390000	-9.623666e-09	75.67274	-0.0064162104	-25.9204	0.47915736	0.015904268	0.07390738	9.0	5755.156516313553
239	-8.7	58.058678	90.0	-68.0	753.7	-2.5328264	9.258776	18.991127	-56.70728	2400000	-1.1796753e-08	68.537926	-0.007842508	-12.301358	0.49797153	0.015031631	0.10071007	13.0	5776.8794775009155
240	-16.181818	53.25038	75.0	-68.0	800.36365	-0.7855393	9.39695	23.879139	-61.504566	2410000	-1.4474305e-08	74.43726	-0.0070215347	-16.563414	0.4877406	0.015976733	0.09020903	10.0	5801.750793218613
241	-13.545455	51.360336	50.0	-76.0	774.8182	-1.0359951	10.761969	33.338623	-80.932755	2420000	1.3659398e-08	79.974236	-0.009873047	-20.426481	0.4992192	0.0151738	0.07970797	19.0	5824.634442567825
242	-10.0	60.201054	85.0	-84.0	809.6667	-0.5458837	9.595364	25.597454	-82.2932	2430000	-4.346172e-09	101.4784	-0.010451286	-37.202	0.49207696	0.015099441	0.086708665	32.0	5851.178513765335
243	-15.038462	55.10077	65.0	-84.0	707.46155	-0.52932894	10.44361	32.286167	-53.105606	2440000	9.934108e-09	152.68898	-0.011414534	-40.050068	0.50352794	0.015002426	0.09690968	36.0	5876.653906822205
244	-9.222222	53.35578	96.0	-68.0	768.0	-3.683809	10.269436	15.479811	-80.96753	2450000	-3.1044085e-09	91.7654	-0.0074834847	-24.735214	0.5014691	0.017361907	0.07590759	9.0	5897.659435033798
245	-25.454546	39.38704	35.0	-76.0	770.4545	-0.9944897	9.06566	24.449083	-77.468735	2460000	4.967054e-09	80.7302	-0.011367578	-19.056068	0.5262247	0.015217957	0.092609264	24.0	5922.0897669792175
246	-11.125	53.312805	70.0	-80.0	732.5	-2.1731272	9.109962	22.865824	-67.035934	2470000	-2.483527e-09	110.792946	-0.00844963	-35.73337	0.512058	0.015177636	0.08280828	11.0	5944.331937551498
247	-28.916666	44.835735	43.0	-88.0	762.0	-1.574055	10.560199	25.292263	-85.035484	2480000	2.4835268e-08	117.62522	-0.009665458	-29.322905	0.5299583	0.015023674	0.08520853	14.0	5967.42819237709
248	-16.09091	43.044277	65.0	-60.0	792.36365	-3.0452054	9.969446	21.141502	-76.974686	2490000	1.6142925e-08	86.126915	-0.0076195076	-20.879328	0.49336347	0.015340812	0.06830683	8.0	5991.740049123764
249	-12.857142	58.205124	95.0	-84.0	681.7857	-2.2183127	9.389729	25.663246	-63.900227	2500000	-2.4835268e-08	95.40397	-0.011019996	-18.431606	0.5288656	0.015406526	0.08310831	16.0	6018.051609277725
