Epoch	AverageEpRet	StdEpRet	MaxEpRet	MinEpRet	EpLen	AverageVVals	StdVVals	MaxVVals	MinVVals	TotalEnvInteracts	LossPi	LossV	DeltaLossPi	DeltaLossV	Entropy	KL	ClipFrac	StopIter	Time
0	93.72083	6.9407897	100.0	74.0	201.39583	28.241524	12.776701	58.1004	-13.562921	10000	-2.2351742e-08	47.566006	-0.015522395	-9.882785	0.6035535	0.015279916	0.10181019	26.0	31.766988277435303
1	94.24	5.4215865	100.0	82.6	192.92	28.658964	12.886343	59.699112	-9.688439	20000	-6.208817e-09	40.808	-0.014372192	-8.167859	0.6087125	0.015114742	0.10441044	27.0	59.01987934112549
2	90.32156	25.549522	100.0	-80.0	192.05882	28.531374	13.351426	60.912903	-17.279673	30000	1.1175871e-08	96.00333	-0.010364675	-24.497725	0.63302916	0.01582154	0.086408645	11.0	86.24480509757996
3	92.95918	8.429877	100.0	58.0	196.93878	27.601017	13.161131	54.72278	-10.859355	40000	1.7384687e-08	55.825596	-0.011877042	-12.64751	0.636866	0.016027907	0.106610656	14.0	114.41203689575195
4	95.379585	4.9583154	100.0	76.6	199.28572	27.757118	13.2352085	57.221493	-12.195817	50000	1.6142925e-08	34.457893	-0.011660118	-7.714744	0.61101574	0.015246249	0.117611766	14.0	144.49676322937012
5	94.408165	6.173408	100.0	74.2	196.83673	28.319546	13.54153	61.93208	-4.2613935	60000	-9.313226e-09	34.243153	-0.009285857	-6.362968	0.61421126	0.015716681	0.090009004	10.0	170.80718660354614
6	89.48163	23.573347	100.0	-60.0	202.9796	27.516073	13.43278	60.609493	-17.55679	70000	1.9868216e-08	102.311676	-0.010736537	-36.253284	0.6152017	0.015224063	0.09430943	12.0	199.75957679748535
7	93.344	5.7493014	100.0	78.4	194.28	27.453588	13.044181	60.596703	-6.7022247	80000	3.7252903e-09	42.766216	-0.012995732	-11.152431	0.611984	0.015411291	0.1070107	20.0	227.0315957069397
8	91.14347	14.232154	100.0	24.4	210.08696	26.98256	13.773959	61.304607	-26.138458	90000	-1.2417634e-08	65.98343	-0.012089215	-26.946417	0.6187015	0.016001046	0.09030903	11.0	254.52950477600098
9	93.54583	6.241359	100.0	79.0	205.125	27.337025	13.06032	58.403175	-25.71343	100000	-2.483527e-09	41.42835	-0.01796201	-9.979566	0.61347693	0.0150167495	0.109310925	40.0	283.7601878643036
10	90.72	18.516802	100.0	-30.0	195.24	27.89964	12.832793	60.675293	-7.469001	110000	-9.934108e-09	92.98941	-0.015791124	-21.502375	0.6189609	0.015040551	0.12011201	29.0	312.40399050712585
11	92.862495	11.544707	100.0	30.4	202.77083	26.116636	14.590753	57.085236	-18.126074	120000	-2.7939677e-08	52.137512	-0.010420977	-16.447613	0.6159663	0.015791627	0.09490949	9.0	339.907320022583
12	93.730606	6.866963	100.0	73.6	196.91837	27.769083	14.0356865	62.485188	-24.218142	130000	2.7318796e-08	40.52608	-0.012965697	-9.150394	0.61197495	0.01574413	0.10881088	18.0	365.3961601257324
13	93.15102	7.396914	100.0	64.6	196.7347	27.656609	13.868334	58.672264	-16.643024	140000	-1.4901161e-08	44.731415	-0.015814772	-11.539149	0.6227522	0.015346341	0.104610465	26.0	392.2663953304291
14	92.90196	6.8213468	100.0	67.0	189.76471	28.290764	13.311853	58.152893	-8.377539	150000	0.0	41.733326	-0.011762514	-9.610959	0.61850333	0.015253744	0.101310134	17.0	420.72610306739807
15	93.72157	6.6254506	100.0	62.0	194.05882	28.35983	13.425013	62.08637	-5.3581095	160000	-4.967054e-09	39.758408	-0.011749928	-7.8027616	0.6193765	0.015326885	0.10291029	19.0	449.0876877307892
16	86.96863	29.28273	100.0	-80.0	190.17647	28.09021	13.68768	62.989166	-15.250954	170000	1.4901161e-08	163.14412	-0.008953054	-34.311825	0.61504346	0.015471715	0.09120912	10.0	474.9643757343292
17	88.96154	25.411661	100.0	-80.0	189.46153	26.327724	14.412976	56.612457	-36.570683	180000	-1.8626451e-09	96.826324	-0.019083861	-25.251038	0.6266602	0.015491836	0.12381238	35.0	502.684686422348
18	93.728	7.2598357	100.0	70.0	196.9	27.497253	13.184694	58.57743	-8.529111	190000	-3.7252903e-09	43.459682	-0.014386901	-13.633765	0.6141341	0.015136418	0.10181018	22.0	532.5546860694885
19	92.30612	10.310692	100.0	50.8	199.77551	27.346212	13.671563	59.980873	-21.92762	200000	-1.4745941e-09	51.338177	-0.012187748	-10.647014	0.62754905	0.015453354	0.11161116	13.0	560.299745798111
20	93.12083	8.186039	100.0	62.2	199.95833	27.535587	13.201545	58.82609	-16.622276	210000	-2.7784457e-08	40.825558	-0.012955248	-8.548576	0.6343047	0.015149693	0.102410235	16.0	590.3504679203033
21	93.60426	5.7120237	100.0	78.4	203.46808	27.186035	13.693057	59.117115	-8.674552	220000	1.3659398e-08	34.72221	-0.010500617	-8.359794	0.6286159	0.015328433	0.106310636	11.0	617.2467963695526
22	91.12174	14.845786	100.0	11.2	206.0	26.318266	13.959809	58.36522	-15.946426	230000	-1.1175871e-08	55.3562	-0.011440289	-13.442932	0.6483483	0.015648626	0.092409246	10.0	643.3540365695953
23	93.0	8.034288	100.0	56.8	198.36171	26.72681	13.842677	58.02998	-20.024052	240000	-6.2088173e-10	40.00314	-0.017164815	-10.654003	0.64206	0.015113511	0.116711676	26.0	669.1460292339325
24	91.59574	7.786347	100.0	68.8	206.23404	27.08055	13.514405	59.811954	-2.1677077	250000	-2.4835268e-08	40.69228	-0.011454351	-12.018147	0.6241386	0.01638536	0.10181018	12.0	696.7059824466705
25	92.20408	9.487047	100.0	62.0	202.16327	26.107878	13.714613	59.97878	-18.048628	260000	6.2088173e-10	51.47931	-0.012720314	-18.062073	0.63389784	0.01524556	0.11091109	16.0	722.9360973834991
26	91.697876	13.056008	100.0	25.6	201.42554	27.461828	13.407896	57.34407	-12.537249	270000	1.6142925e-08	63.27658	-0.01508698	-17.198221	0.63351697	0.015561841	0.11891189	16.0	752.3622071743011
27	91.31764	10.885009	100.0	37.6	194.47058	27.0812	13.454578	57.295418	-15.019221	280000	-1.9868216e-08	53.124527	-0.009066451	-15.987305	0.62516886	0.01590854	0.0820082	9.0	780.385906457901
28	93.25	8.146318	100.0	67.6	201.1875	27.045605	13.507535	58.763054	-17.146584	290000	3.1044085e-08	48.09787	-0.02310984	-12.04024	0.61698514	0.015077229	0.12801279	72.0	809.4459598064423
29	91.083336	11.29984	100.0	32.8	201.72917	27.53512	13.389496	59.595314	-17.053246	300000	-2.2351742e-08	52.870953	-0.01892475	-15.932628	0.60935366	0.0150864115	0.11741173	35.0	837.7711925506592
30	92.39166	8.419912	100.0	54.4	200.375	26.904203	13.838864	58.949554	-7.1283846	310000	1.0554989e-08	41.30699	-0.013709132	-8.931604	0.6102044	0.015344056	0.10001	20.0	865.9755773544312
31	93.06531	7.5336947	100.0	70.6	198.40816	27.239521	13.243812	58.173523	-8.006647	320000	7.450581e-09	47.03284	-0.010581245	-12.865033	0.61199707	0.015373227	0.08230823	13.0	894.6228122711182
32	92.76	7.501537	100.0	68.8	210.64444	26.042406	14.116722	58.72519	-6.6458645	330000	7.450581e-09	48.468628	-0.013871454	-15.122273	0.59556586	0.015086572	0.11031103	17.0	922.7716979980469
33	92.9551	9.408486	100.0	58.0	199.28572	27.164087	13.0590515	56.40505	-9.522637	340000	1.3659398e-08	48.89659	-0.01670394	-11.446229	0.60635227	0.015006465	0.09560957	24.0	950.9791152477264
34	92.20425	7.4136724	100.0	70.0	207.40425	26.834845	13.89143	58.848827	-5.6058693	350000	-1.7384687e-08	46.561085	-0.017600676	-10.799039	0.59017867	0.015597357	0.120312035	37.0	977.8717243671417
35	92.60408	7.763387	100.0	74.8	198.32654	26.893015	13.706857	58.39925	-15.149558	360000	4.0357313e-09	44.49806	-0.010088045	-13.105632	0.61909086	0.01712401	0.12541254	10.0	1004.7034482955933
36	90.44889	10.689987	100.0	53.8	211.31111	26.899534	13.087337	58.49845	-18.360872	370000	4.967054e-09	53.616425	-0.017186781	-15.851665	0.6038718	0.015315165	0.111911185	31.0	1031.3880636692047
37	93.44783	7.2558446	100.0	71.2	210.60869	25.448404	13.965541	58.62272	-7.8615313	380000	1.7384687e-08	46.931942	-0.012351558	-13.438523	0.57797354	0.015258628	0.09630963	15.0	1057.3870742321014
38	94.77022	6.953827	100.0	68.2	204.0	27.731647	12.608733	57.7437	-4.8123975	390000	1.3038516e-08	41.629417	-0.0112979645	-10.277357	0.59184	0.0151556125	0.09620962	13.0	1084.8080296516418
39	91.60435	9.586357	100.0	64.0	209.95653	26.944004	13.787153	60.055733	-13.497819	400000	-1.2417634e-08	47.779316	-0.010665356	-13.067143	0.58726543	0.015181105	0.09390939	11.0	1111.3208031654358
40	92.25107	8.245537	100.0	58.6	207.46808	26.413485	14.025142	59.888306	-10.683016	410000	1.6142925e-08	46.333797	-0.009969759	-10.590275	0.5920311	0.015570239	0.1290129	11.0	1140.1918513774872
41	92.875	7.5784373	100.0	70.6	201.52083	26.946342	13.637259	55.70229	-9.034037	420000	2.483527e-09	39.996006	-0.012202584	-6.038264	0.59587234	0.01507698	0.11281129	19.0	1167.607411146164
42	92.976	8.420227	100.0	66.0	195.5	27.75755	13.5566225	58.88947	-23.638514	430000	-7.450581e-09	38.965286	-0.014706326	-6.8040957	0.59898996	0.015023501	0.11291129	26.0	1196.2297313213348
43	91.76958	10.515327	100.0	42.4	206.17392	26.323645	14.622502	60.387993	-15.109119	440000	-2.3380077e-08	45.246906	-0.011885029	-12.570416	0.5884591	0.015573248	0.11041104	14.0	1222.314811706543
44	90.658325	18.855278	100.0	-20.0	203.875	26.087946	13.718029	59.55856	-12.690059	450000	2.7318796e-08	84.0325	-0.011800212	-29.80837	0.60738534	0.015021955	0.0880088	13.0	1249.1966705322266
45	92.883995	7.8506136	100.0	56.0	198.04	27.70217	12.903035	55.894928	-8.267918	460000	-1.2417635e-09	41.337738	-0.016352152	-10.703029	0.5904877	0.015249048	0.103010304	31.0	1278.9730195999146
46	92.8653	7.402304	100.0	56.8	198.46939	27.775734	13.187718	59.839695	-1.8751478	470000	2.483527e-09	37.38751	-0.01471386	-7.8368134	0.58246845	0.015294782	0.11971197	28.0	1307.1775596141815
47	93.265305	8.995997	100.0	56.0	199.61224	27.329746	13.832574	60.227837	-13.114903	480000	-2.2351742e-08	56.335835	-0.010557223	-14.281082	0.5934488	0.015028388	0.10931093	11.0	1334.2999908924103
48	95.252	5.008762	100.0	80.2	196.72	27.345764	13.826674	58.727947	-28.417776	490000	2.9802322e-08	38.428097	-0.009602763	-10.254533	0.5768492	0.015325972	0.104210414	13.0	1362.3329548835754
49	88.85218	16.541565	100.0	19.0	209.89131	26.334661	14.831645	59.48853	-32.121143	500000	1.1175871e-08	75.88953	-0.010017734	-25.423325	0.5867286	0.015769368	0.08460846	10.0	1390.5448791980743
50	92.4766	7.786027	100.0	70.0	205.12766	25.24501	14.536214	57.5654	-18.864151	510000	4.5013926e-09	51.25027	-0.019174632	-14.911328	0.5800881	0.015108906	0.115311526	35.0	1419.7780454158783
51	92.1755	7.958529	100.0	62.0	198.38776	27.113132	13.542086	56.997776	-2.4525146	520000	-1.7384687e-08	44.24283	-0.020176042	-9.000751	0.5920682	0.01465563	0.11821181	79.0	1450.1324598789215
52	91.55511	14.959606	100.0	15.4	199.91837	26.461336	14.251169	59.29516	-14.494686	530000	-1.1175871e-08	52.33549	-0.014139223	-11.954689	0.6059124	0.015163339	0.09490949	20.0	1477.2188184261322
53	91.17333	18.302961	100.0	-10.0	212.2889	25.879442	14.207058	57.412037	-18.025154	540000	-4.967054e-09	96.898895	-0.01295428	-29.994528	0.5886305	0.015102364	0.10561056	14.0	1504.9094955921173
54	93.04898	13.2945	100.0	14.2	197.83673	26.383137	14.020682	57.927456	-26.427776	550000	-5.2154064e-08	48.716366	-0.01592057	-16.191425	0.59996647	0.0150548	0.11881188	21.0	1533.4835040569305
55	92.68571	12.868567	100.0	13.0	198.51021	28.078978	13.970275	58.419147	-17.42889	560000	2.483527e-09	55.64946	-0.01142322	-13.702573	0.60511875	0.015413977	0.1119112	11.0	1560.6269583702087
56	89.85652	20.93932	100.0	-40.0	213.43478	25.347126	14.983761	59.449482	-28.736994	570000	-4.346172e-09	83.6177	-0.012725237	-31.372183	0.6053979	0.015458423	0.0950095	13.0	1587.5848066806793
57	91.808	10.335411	100.0	54.0	195.58	27.516823	13.519712	56.744137	-20.129892	580000	-1.2417634e-08	57.399975	-0.018260518	-16.198809	0.59704095	0.0150846625	0.12241224	32.0	1615.9334869384766
58	94.12942	7.2059693	100.0	58.0	193.78432	27.49922	13.568949	59.137047	-16.560001	590000	1.7384687e-08	47.711243	-0.010612174	-11.205815	0.59820586	0.015260215	0.09340934	12.0	1644.1231486797333
59	93.844894	6.989937	100.0	68.2	196.53061	27.699955	14.130095	61.32089	-14.76197	600000	6.208817e-09	38.89578	-0.014481369	-8.673739	0.60180944	0.015096775	0.105510555	20.0	1671.8157334327698
60	95.47059	5.010236	100.0	74.8	188.68628	28.746202	13.540259	58.830574	-8.673995	610000	-1.1796753e-08	37.864334	-0.014114369	-7.9898853	0.58675915	0.015336988	0.09550955	25.0	1698.7261469364166
61	94.145836	8.160244	100.0	64.0	201.0	28.352524	14.606069	59.581917	-21.433575	620000	-1.2417635e-09	42.224216	-0.012208299	-12.279187	0.58341426	0.015076148	0.09720972	16.0	1726.3995118141174
62	94.665306	6.0982957	100.0	76.0	199.06122	27.493782	14.337031	57.488235	-10.617122	630000	-2.3593506e-08	37.66716	-0.018032672	-7.009087	0.57925284	0.015321992	0.103710376	51.0	1755.1269500255585
63	95.591835	4.6301513	100.0	79.6	193.2449	27.82929	13.948523	59.595837	-14.884275	640000	1.1175871e-08	33.32323	-0.00950931	-7.2541676	0.5741257	0.015820906	0.089908995	14.0	1784.019390821457
64	94.212006	8.826362	100.0	50.0	195.32	28.837212	13.584377	58.337837	-16.460964	650000	-7.450581e-09	43.35927	-0.016115634	-8.732473	0.579248	0.015135665	0.106410645	35.0	1811.3759438991547
65	94.220406	7.302138	100.0	63.4	197.38776	27.163294	14.441385	58.925404	-22.42658	660000	-9.934108e-09	41.170284	-0.01049574	-11.468948	0.5843916	0.015669469	0.1180118	10.0	1839.042827129364
66	95.46923	5.2545786	100.0	80.0	186.26923	29.327253	13.392659	58.369915	-8.52208	670000	3.1044085e-08	34.13295	-0.010781369	-6.7095	0.56963915	0.015203018	0.11241124	19.0	1868.333020210266
67	94.29388	8.072033	100.0	55.6	196.44897	28.912386	13.823501	59.0624	-10.184116	680000	1.9868216e-08	41.791164	-0.012291563	-8.06284	0.5702423	0.015169564	0.10711071	20.0	1894.7312915325165
68	94.27755	5.4365077	100.0	72.0	198.55103	28.404177	13.6092615	58.958042	-15.241259	690000	-4.967054e-09	38.063553	-0.010633405	-8.882054	0.5565994	0.015203777	0.108910896	14.0	1922.290603876114
69	94.38776	7.892586	100.0	59.8	199.46939	28.059347	13.617112	59.22583	-3.6822655	700000	1.1175871e-08	36.79652	-0.011599757	-4.84646	0.54252654	0.015119068	0.083108306	25.0	1950.88622713089
70	94.628	6.394624	100.0	72.0	191.38	28.312773	13.874076	60.327534	-8.057253	710000	-4.656613e-08	42.28407	-0.008628055	-10.846545	0.5629368	0.016748419	0.06930693	8.0	1978.7825887203217
71	95.25714	4.3226976	100.0	79.6	200.89796	29.028837	13.423851	61.75025	2.6953459	720000	3.7252903e-09	36.232296	-0.0076986426	-10.6504755	0.5394016	0.015131078	0.0860086	11.0	2005.6037292480469
72	95.86275	4.8844676	100.0	78.0	191.76471	28.839518	13.205055	60.5119	-15.016319	730000	-4.967054e-09	34.28271	-0.012632783	-6.956188	0.5580578	0.01501917	0.10761076	23.0	2031.5764272212982
73	95.104164	6.124267	100.0	77.2	197.04167	28.702927	14.074433	60.629368	-13.830414	740000	-4.967054e-09	39.90699	-0.014146631	-8.8454075	0.5660452	0.015323711	0.10091009	16.0	2057.7884600162506
74	94.024	7.9755263	100.0	62.0	193.28	28.476946	13.841917	58.091015	-7.697008	750000	9.934108e-09	46.59318	-0.018597772	-10.171047	0.56517893	0.015075061	0.1231123	76.0	2086.8666501045227
75	91.62	18.834066	100.0	-30.0	192.24	28.276379	14.195253	59.746037	-3.1778367	760000	-6.208817e-09	99.282005	-0.009726959	-17.370676	0.5582037	0.015486007	0.09710971	10.0	2114.554102897644
76	88.717636	27.450922	100.0	-90.0	188.64706	28.342932	13.423551	55.333096	-32.465298	770000	-1.2417635e-09	118.77124	-0.014162793	-26.970175	0.5542975	0.015214037	0.12551256	34.0	2145.0177681446075
77	93.0875	7.4682555	100.0	62.0	200.75	26.968506	13.863513	56.94479	-11.625832	780000	-6.208817e-09	45.61317	-0.009220567	-14.411687	0.55052763	0.015858674	0.08620862	10.0	2171.3000268936157
78	94.80817	7.5460987	100.0	58.0	199.69388	27.271646	13.974325	58.503773	-12.330112	790000	-2.6077032e-08	44.38216	-0.0105410665	-11.382614	0.5547994	0.01518328	0.113511354	13.0	2197.6962020397186
79	95.056	5.160006	100.0	75.4	195.98	28.40746	13.788359	58.65258	-7.442587	800000	1.3659398e-08	39.565308	-0.01483205	-10.152167	0.5557819	0.015225712	0.10481048	32.0	2226.4412026405334
80	94.24705	8.844592	100.0	45.4	193.09804	28.777763	13.503664	58.25351	-2.392739	810000	1.6142925e-08	42.89798	-0.011954993	-11.281819	0.55385476	0.015021543	0.0990099	16.0	2255.905169248581
81	95.83673	4.499737	100.0	76.0	194.95918	28.274508	14.021492	60.608208	-1.7118663	820000	0.0	34.250557	-0.01744531	-8.447797	0.55070317	0.015010907	0.11231122	69.0	2284.575287103653
82	95.54	6.4837337	100.0	69.4	192.44	29.044237	13.376982	59.44561	-2.2270737	830000	-1.3038516e-08	33.85233	-0.009540731	-6.005108	0.53177565	0.015518092	0.09160916	13.0	2312.753256082535
83	95.78801	5.527156	100.0	67.0	194.32	28.851755	13.830298	61.766586	-5.373046	840000	4.967054e-09	31.610525	-0.010051244	-5.6802917	0.5331853	0.015426822	0.08210821	14.0	2339.6790764331818
84	92.893875	12.196159	100.0	21.4	198.91837	28.435987	14.066577	61.544075	-16.317104	850000	-1.3659398e-08	52.412403	-0.0086212475	-19.861898	0.539895	0.015103098	0.09310931	9.0	2366.6433522701263
85	95.132	6.1174645	100.0	70.0	193.36	28.39443	13.84191	60.126427	-5.2443414	860000	9.934108e-09	37.265507	-0.010417782	-7.024998	0.52835983	0.015579519	0.11071107	18.0	2395.3334844112396
86	94.32653	7.856851	100.0	65.8	198.53061	27.62028	14.959335	61.739548	-25.013247	870000	-2.1109978e-08	46.59401	-0.012326716	-13.882873	0.55056155	0.015031852	0.09430943	18.0	2423.8423335552216
87	96.17255	4.513339	100.0	80.0	192.19608	28.94295	13.481455	60.91296	-27.536934	880000	-1.7074248e-08	35.960728	-0.015747441	-7.5126214	0.54014295	0.0150114475	0.108310826	35.0	2451.152040243149
88	93.98462	7.7886357	100.0	70.0	188.82692	29.045082	13.788484	58.616314	-13.644162	890000	1.7384687e-08	40.72374	-0.012168308	-6.7162213	0.5397217	0.015993774	0.10681068	20.0	2479.002665281296
89	94.17647	7.287018	100.0	68.2	193.94118	28.09681	14.142276	60.99836	-8.540104	900000	-4.967054e-09	42.52204	-0.017833926	-7.6708503	0.55151075	0.015222605	0.12011201	57.0	2506.8063929080963
90	94.77551	6.4819536	100.0	72.4	196.12245	27.934177	13.937995	61.779762	-15.6210165	910000	-5.5879354e-09	38.36537	-0.010618764	-8.880267	0.5449988	0.015002859	0.10101009	16.0	2535.4100184440613
91	95.49804	6.078618	100.0	64.0	191.33333	28.752766	13.6282215	59.518883	-4.2682633	920000	1.6142925e-08	39.78869	-0.011474751	-8.6111555	0.53310525	0.015245075	0.11321133	22.0	2564.149331331253
92	94.52157	7.2689595	100.0	64.0	191.19608	28.902338	13.636468	59.188576	-13.914305	930000	-2.4835268e-08	39.16339	-0.013154232	-6.8520436	0.5363206	0.015720682	0.10961097	24.0	2592.922085762024
93	93.95102	7.500371	100.0	65.8	197.87755	28.335669	13.829909	57.792973	-20.097925	940000	-9.934108e-09	44.40889	-0.010184801	-10.411899	0.54667217	0.015198897	0.09820982	13.0	2620.927347421646
94	95.094124	7.084294	100.0	62.2	188.58824	28.625877	13.731347	58.812767	-9.445297	950000	-1.7384687e-08	37.378803	-0.009739168	-7.0355115	0.5488872	0.015041038	0.093309335	15.0	2648.8274755477905
95	93.336	7.691287	100.0	63.4	195.56	28.537985	14.217808	58.87326	-3.8208172	960000	-1.4901161e-08	42.835266	-0.0100104455	-7.9025307	0.55164945	0.015085675	0.100710064	14.0	2677.459217071533
96	95.348	6.0508265	100.0	75.4	193.0	28.646246	13.660731	59.39754	-6.5004053	970000	6.208817e-09	40.593086	-0.013233657	-8.006001	0.54528075	0.0151715325	0.08890889	25.0	2706.248292207718
97	93.59216	8.558721	100.0	58.0	191.09804	28.780716	14.088245	59.903667	-17.458017	980000	-6.208817e-09	48.878895	-0.013317051	-9.723683	0.55046576	0.015333857	0.109010905	19.0	2734.4035670757294
98	95.23529	6.158394	100.0	73.0	190.84314	28.233425	14.023931	59.36344	-9.377989	990000	-2.7648639e-08	40.94618	-0.009332351	-10.406622	0.56403875	0.01564706	0.09130913	14.0	2762.5920288562775
99	94.6902	6.370559	100.0	66.4	188.7451	28.860275	13.9904995	60.885155	-3.3095942	1000000	-2.7318796e-08	41.814194	-0.014846903	-6.448269	0.55030936	0.015094032	0.11361136	31.0	2789.7735636234283
100	93.26249	9.0199	100.0	53.8	204.3125	27.697933	14.521153	60.158108	-19.149513	1010000	-7.450581e-09	46.88904	-0.016378341	-13.9152155	0.5424936	0.015153016	0.095909595	23.0	2817.076754808426
101	94.864006	6.1982503	100.0	70.6	192.86	28.216671	13.466789	58.672565	-4.080303	1020000	-2.6542693e-08	34.43538	-0.0114416145	-7.6830177	0.5403705	0.0151515035	0.10011	14.0	2845.1848363876343
102	92.77142	11.3935175	100.0	29.8	197.0	28.058615	14.454483	59.03881	-17.542244	1030000	1.5056381e-08	44.974407	-0.010736038	-13.221684	0.55056036	0.015424368	0.09370937	13.0	2872.913256883621
103	95.12692	6.2501726	100.0	72.0	187.28847	29.011875	13.21425	56.81154	-9.111153	1040000	1.3038516e-08	36.971115	-0.010731724	-7.9314384	0.5357285	0.015184115	0.090009004	19.0	2901.620154619217
104	95.3098	5.355197	100.0	72.0	192.47058	28.62934	14.234489	58.076412	-3.5100553	1050000	-6.208817e-09	34.733456	-0.012738295	-5.880796	0.5159617	0.015045074	0.10971097	33.0	2930.094980955124
105	96.21154	4.905321	100.0	79.6	188.28847	29.075342	13.663374	59.850185	-5.9879184	1060000	-4.346172e-09	31.834793	-0.01035875	-5.0819964	0.5164342	0.015394279	0.09230924	15.0	2958.5103652477264
106	94.81633	6.496069	100.0	76.0	199.2653	28.314293	14.187642	59.755344	-6.4630866	1070000	-1.0554989e-08	42.8058	-0.016596796	-8.087726	0.5152622	0.015225404	0.11241124	44.0	2986.412254333496
107	95.98077	4.526377	100.0	80.8	189.46153	28.962812	13.206721	58.7503	-7.936065	1080000	2.483527e-09	30.600458	-0.015676029	-6.7677097	0.5175745	0.015037009	0.10621063	50.0	3015.821605682373
108	95.4	5.5660033	100.0	74.0	187.41176	29.260921	14.091988	60.024143	-0.039411724	1090000	4.0202092e-08	35.41849	-0.015373093	-5.4914284	0.51688737	0.014904889	0.11531153	79.0	3045.96520280838
109	95.43673	7.946831	100.0	50.2	195.7551	28.726437	14.710175	61.562096	-9.805998	1100000	-7.450581e-09	45.918354	-0.010423601	-10.261186	0.5184195	0.015543821	0.10451046	11.0	3072.3792645931244
110	94.595825	8.121729	100.0	52.6	201.29167	27.795034	14.74773	62.196358	-11.5887785	1110000	3.3217173e-08	40.60683	-0.012302693	-11.747136	0.528121	0.015333188	0.10021001	18.0	3101.8832726478577
111	93.74902	7.3720026	100.0	67.6	189.54903	28.593473	13.85153	61.586266	-3.6808357	1120000	0.0	37.697628	-0.00888553	-7.3415623	0.5304742	0.01527445	0.097809784	10.0	3130.1417615413666
112	96.06539	4.993183	100.0	74.0	186.48077	28.878448	13.890966	60.81008	-5.9178143	1130000	-1.0554989e-08	33.43163	-0.01191552	-5.6439233	0.5324994	0.015515209	0.09920993	25.0	3158.8925795555115
113	95.86923	4.7115054	100.0	78.0	186.75	29.485825	13.914358	61.613598	-10.659519	1140000	-1.9868216e-08	30.603918	-0.011922527	-4.754219	0.5246036	0.015282579	0.11611161	25.0	3188.5683455467224
114	96.31764	5.196556	100.0	71.8	188.54903	29.46601	13.722629	59.817665	-9.3061285	1150000	3.7252903e-09	40.113422	-0.007976785	-11.179424	0.5190937	0.015600781	0.070007004	8.0	3215.250831604004
115	94.435295	9.086574	100.0	53.8	189.52942	29.91941	13.9705105	60.773296	-13.375764	1160000	8.071463e-09	47.800064	-0.008395631	-9.309241	0.52738947	0.015186739	0.090209015	12.0	3242.215304374695
116	95.0375	5.94694	100.0	74.0	204.5625	27.705912	14.525767	59.509403	-14.95129	1170000	-9.934108e-09	49.86381	-0.012083966	-13.942439	0.5284683	0.015515068	0.116111614	16.0	3272.1442532539368
117	94.147995	7.5469527	100.0	68.2	195.38	28.654083	13.579593	60.64622	-12.989606	1180000	-1.2417635e-09	44.55502	-0.009592926	-11.716924	0.51888835	0.015080971	0.10111011	12.0	3299.9977567195892
118	96.08	3.6956189	100.0	82.0	193.94	28.316317	13.589741	59.621227	-3.314347	1190000	-4.1599076e-08	33.01107	-0.011011273	-7.1069016	0.5127336	0.015052229	0.09450945	21.0	3328.328243494034
119	95.56922	5.880919	100.0	71.2	190.13461	29.737705	13.337671	59.56959	-3.4007916	1200000	0.0	38.195885	-0.012469803	-6.221077	0.5311267	0.015311708	0.10861087	20.0	3355.168097257614
120	94.884	6.6069164	100.0	71.8	193.02	29.110235	13.430514	60.144356	-7.3841486	1210000	2.2351742e-08	39.847744	-0.010346048	-7.509148	0.5313477	0.015204438	0.09830984	13.0	3383.08096075058
121	94.411995	8.67755	100.0	49.6	194.12	28.532654	13.881193	59.22244	-16.421457	1220000	0.0	39.12411	-0.008220491	-8.391059	0.52778286	0.015960874	0.08860886	10.0	3409.737725019455
122	95.81922	5.1211867	100.0	76.0	189.75	29.450241	13.44159	57.85181	0.73507774	1230000	-6.208817e-09	32.58487	-0.015077156	-4.9988155	0.5250085	0.013860456	0.108310826	79.0	3440.3414254188538
123	93.39608	9.790311	100.0	46.0	191.33333	29.134064	14.098264	59.948986	-4.7366915	1240000	-1.2417635e-09	51.281727	-0.013488732	-10.404922	0.5257601	0.015265544	0.10691068	20.0	3467.8629994392395
124	95.54615	6.0197263	100.0	76.0	186.28847	28.525995	13.641884	59.07605	-1.108633	1250000	4.967054e-09	40.253696	-0.0091758	-8.783194	0.529094	0.015223338	0.09810981	14.0	3496.637829065323
125	95.588455	5.5258017	100.0	76.0	190.34616	29.361832	13.752819	60.34878	-15.660963	1260000	-9.934108e-09	42.81255	-0.014062877	-9.138423	0.5342439	0.01534694	0.112811275	28.0	3524.698004245758
126	95.432	6.0586944	100.0	73.0	195.22	28.945108	13.524386	59.26476	-15.748155	1270000	-6.3640377e-09	41.42484	-0.008119696	-8.866771	0.52699757	0.015082064	0.07300731	10.0	3551.4949102401733
127	95.41852	6.3671927	100.0	69.4	183.24074	29.773546	13.003805	58.606785	-2.0306365	1280000	-2.142042e-08	42.971806	-0.008561139	-9.884456	0.5286621	0.015575823	0.0879088	12.0	3578.5806045532227
128	96.728004	3.6331275	100.0	83.8	196.94	28.692709	14.452449	60.712612	-13.472111	1290000	3.1044087e-10	48.666286	-0.018304057	-14.230227	0.52894306	0.015069753	0.12451246	31.0	3606.9869005680084
129	94.848	6.4200387	100.0	74.8	193.6	29.598444	13.009867	58.744423	-24.467287	1300000	1.2417634e-08	47.063023	-0.010088262	-15.232472	0.52922416	0.015985316	0.09930993	9.0	3633.812309026718
130	96.02	4.7539873	100.0	80.0	193.68	28.866064	13.637112	57.336876	-4.482116	1310000	2.483527e-09	40.450344	-0.009195197	-11.376259	0.5239902	0.015214771	0.09660966	14.0	3662.2357852458954
131	92.768	12.067037	100.0	35.8	196.84	28.658081	14.177192	62.00216	-13.68097	1320000	9.934108e-09	50.104755	-0.010619149	-14.939042	0.52246094	0.015520412	0.08280828	10.0	3690.5916414260864
132	95.92308	6.5788884	100.0	58.0	188.15384	28.813063	13.393573	58.288776	-5.849659	1330000	-2.7318796e-08	45.298145	-0.01667566	-10.353439	0.51546615	0.015232383	0.10541054	46.0	3722.240117073059
133	94.66938	7.3113337	100.0	58.6	197.71428	28.451694	14.57846	61.426613	-19.284563	1340000	2.173086e-09	43.999767	-0.0108397	-8.975467	0.51655185	0.015666706	0.08450845	13.0	3749.696965932846
134	96.076004	5.59827	100.0	64.6	185.6	27.897087	14.172599	61.244247	-20.675827	1350000	4.967054e-09	47.195156	-0.009587641	-13.729573	0.51186013	0.015076551	0.078007795	9.0	3776.0549750328064
135	96.004005	4.359723	100.0	77.2	193.54	28.88683	14.348865	59.868176	-14.560056	1360000	-2.9647103e-08	40.29569	-0.012871015	-10.022719	0.50528306	0.01568639	0.10941094	21.0	3804.3634717464447
136	96.34119	4.992747	100.0	73.6	189.03922	29.82346	13.462182	59.929203	-4.4913	1370000	8.692344e-09	37.773174	-0.009486176	-10.228141	0.5074243	0.015085085	0.08450845	12.0	3831.364644050598
137	97.27451	2.8963692	100.0	89.8	191.60785	29.28978	14.049674	61.358013	-5.3971696	1380000	-1.8626451e-08	36.60026	-0.013377018	-8.909944	0.50338054	0.015633842	0.115911596	29.0	3860.4856877326965
138	96.077545	7.3113623	100.0	51.4	197.81633	29.326471	14.3891115	60.97261	-17.342918	1390000	1.9868216e-08	42.428085	-0.009472481	-14.504729	0.50911254	0.015808959	0.08790878	8.0	3887.6497757434845
139	94.76401	5.762595	100.0	70.0	195.54	29.202374	13.327104	61.10851	-17.249874	1400000	1.4280279e-08	40.12077	-0.011914971	-9.80923	0.51958555	0.015419841	0.102810286	18.0	3915.3407254219055
140	95.278435	6.864753	100.0	72.0	190.31372	28.773306	13.553139	59.28002	-6.775403	1410000	-2.1575639e-08	45.441067	-0.016410178	-10.937888	0.520627	0.015112739	0.11611161	49.0	3945.9669048786163
141	95.6353	5.547189	100.0	68.2	192.09804	28.942501	14.201314	60.736767	-7.102653	1420000	-7.450581e-09	38.576725	-0.01102383	-10.30647	0.526174	0.015628569	0.09850985	14.0	3971.3042335510254
142	96.11154	5.632244	100.0	74.8	187.28847	28.67714	14.204184	60.3327	-10.087055	1430000	-1.4901161e-08	45.874115	-0.0077968915	-13.817397	0.52387017	0.015916832	0.09910991	8.0	3999.3306500911713
143	95.52157	7.4249268	100.0	53.8	189.23529	30.046238	13.639473	59.582886	-14.47897	1440000	-5.1688403e-08	41.17532	-0.008633479	-9.345604	0.51975054	0.015830906	0.08880889	11.0	4026.9275028705597
144	96.23922	4.4981947	100.0	80.2	189.84314	29.829462	13.5816	59.56105	1.3345509	1450000	-1.4901161e-08	37.286747	-0.009031537	-8.364904	0.506851	0.015343241	0.099709965	9.0	4054.905506134033
145	92.78824	17.35048	100.0	-20.0	192.09804	29.157413	14.076139	60.580017	-25.914885	1460000	3.4769375e-08	92.780876	-0.00980434	-20.677214	0.5119214	0.015040774	0.097809784	12.0	4082.140209197998
146	95.53726	4.7648206	100.0	74.0	192.03922	28.221983	14.475649	58.74895	-19.769596	1470000	-3.7252903e-09	45.220657	-0.008049148	-14.8170805	0.4989663	0.015279758	0.10101011	12.0	4111.136903524399
147	94.49584	9.860019	100.0	40.0	202.22917	28.817165	13.834726	62.21778	-21.155651	1480000	6.208817e-09	51.137585	-0.012346904	-15.8195305	0.49640957	0.015547217	0.10171017	17.0	4138.857831954956
148	94.68333	6.7084317	100.0	70.6	203.3125	27.720089	14.117687	61.014423	-16.082506	1490000	-9.934108e-09	44.329548	-0.015205477	-10.66554	0.49033722	0.015172166	0.108410835	35.0	4167.78296995163
149	95.26667	6.494966	100.0	72.0	190.47058	28.660503	13.346893	60.362022	-0.9170376	1500000	3.6942463e-08	42.309765	-0.011367264	-9.98011	0.51177883	0.015280946	0.09840984	22.0	4196.131134748459
150	94.604004	6.2049646	100.0	72.0	193.48	28.953232	14.293411	62.146793	-17.520323	1510000	1.1175871e-08	40.973057	-0.014452536	-6.599724	0.52009034	0.015084781	0.096909694	33.0	4225.012175321579
151	96.37255	4.1838193	100.0	76.0	192.70589	28.993418	13.513533	60.495262	0.08771479	1520000	-1.1753097e-08	34.670116	-0.012621048	-5.08716	0.51758194	0.015001583	0.09490949	34.0	4252.446485996246
152	95.54	4.7308774	100.0	76.0	191.46	29.239456	13.860745	61.21019	-8.599179	1530000	-1.4280279e-08	32.374485	-0.008337612	-6.410547	0.5239601	0.015294145	0.10681068	12.0	4279.684664487839
153	96.5	4.51349	100.0	77.8	190.88	29.099358	14.189102	61.489437	-14.833007	1540000	2.7318796e-08	35.41417	-0.009130139	-6.261133	0.5021562	0.015245475	0.1020102	16.0	4307.102289915085
154	95.48571	5.2295856	100.0	69.4	194.12245	29.51161	14.252981	60.793655	-4.074064	1550000	-4.967054e-09	34.977455	-0.008672767	-6.5480766	0.4995818	0.015080635	0.09720972	9.0	4334.154444932938
155	92.458336	17.838581	100.0	-20.0	204.64583	27.934599	14.332714	61.024197	-20.16466	1560000	1.8626451e-08	70.94915	-0.013555893	-34.386948	0.516331	0.015226091	0.089308925	24.0	4361.161042928696
156	95.83461	7.275642	100.0	49.6	185.36539	28.791456	14.076334	58.97935	-14.829181	1570000	2.173086e-08	41.311657	-0.012298043	-13.072938	0.52248514	0.015307602	0.10621062	20.0	4388.561243057251
157	95.815994	7.4356804	100.0	52.6	191.82	29.4932	14.091166	62.09484	-16.156038	1580000	2.3593506e-08	41.26331	-0.011623395	-6.793064	0.50512516	0.016241563	0.09920993	15.0	4417.170360565186
158	94.79199	5.6421213	100.0	76.0	197.46	29.003288	14.078673	62.26324	-9.020797	1590000	6.208817e-09	35.325962	-0.008094139	-9.161199	0.50891846	0.015677249	0.09890989	10.0	4444.482969999313
159	96.27451	5.240261	100.0	76.0	187.11765	28.655394	14.066448	60.71629	-6.5293574	1600000	7.761021e-10	36.25764	-0.010944356	-7.1390615	0.5201091	0.015000937	0.08600861	28.0	4471.538988351822
160	96.68846	4.634389	100.0	80.2	189.07692	29.899336	13.692668	61.269943	-13.291963	1610000	1.1175871e-08	30.492935	-0.009433913	-4.8999977	0.53564185	0.015094274	0.115311526	12.0	4498.699056625366
161	96.62745	5.823821	100.0	62.0	188.56863	29.600813	13.967379	61.29955	-9.252448	1620000	-3.7252903e-09	35.925396	-0.011607916	-5.1021504	0.51851517	0.01502028	0.10011002	26.0	4526.9109535217285
162	95.27599	6.5653505	100.0	64.0	193.04	29.320206	14.65933	61.64316	-10.697182	1630000	9.934108e-09	39.083298	-0.012422127	-7.495304	0.5282665	0.015107638	0.10181018	20.0	4554.416715621948
163	94.74	6.8680415	100.0	68.8	192.82	29.041029	14.217437	59.44724	-20.556992	1640000	-2.537854e-08	40.627163	-0.009022376	-9.422837	0.52144164	0.015191291	0.08270827	10.0	4581.264019012451
164	95.90385	4.299819	100.0	80.0	187.8077	29.2075	13.873917	60.084858	-5.880213	1650000	2.2351742e-08	35.086002	-0.014255394	-7.695866	0.52831554	0.015126079	0.09960996	54.0	4611.603396892548
165	95.4	6.0737944	100.0	68.0	188.58824	29.799452	14.03591	60.902615	-2.2150419	1660000	-6.208817e-09	38.57227	-0.012812879	-8.018097	0.5210845	0.015034522	0.1030103	34.0	4640.286537408829
166	97.124	3.451351	100.0	85.0	191.14	29.174904	14.477804	62.3795	-8.253345	1670000	4.967054e-09	34.462128	-0.0073139616	-7.0085983	0.516475	0.0153886685	0.07510751	8.0	4666.322049617767
167	95.44314	5.4502835	100.0	82.0	188.86275	30.121115	13.771708	60.197906	-11.159956	1680000	1.5522043e-09	33.269024	-0.007147923	-6.102804	0.5167656	0.015311542	0.08630863	11.0	4694.164512395859
168	96.45384	4.3846087	100.0	83.2	186.23077	29.749683	14.062361	59.82081	-5.759311	1690000	-7.0091727e-10	36.891605	-0.0053408737	-7.331913	0.50536925	0.015982896	0.066406645	8.0	4721.432808876038
169	96.436	4.546065	100.0	81.4	193.8	29.367748	14.621021	61.079464	-9.06734	1700000	2.173086e-09	42.681595	-0.009744007	-9.891285	0.51521945	0.015469864	0.1170117	10.0	4748.189737319946
170	96.149994	5.4203143	100.0	71.8	190.07692	29.454155	13.80615	58.93677	-2.6551235	1710000	-8.692344e-09	35.26253	-0.0071717147	-7.38104	0.5072742	0.016068127	0.1040104	8.0	4774.459269046783
171	96.18868	4.8295345	100.0	76.0	185.18867	29.621656	14.218371	61.727467	-9.666704	1720000	2.483527e-09	38.457783	-0.009349393	-8.05064	0.50171214	0.016004426	0.09920993	14.0	4803.343128204346
172	94.015686	7.1669	100.0	74.8	192.62746	29.339827	14.346201	60.66042	-6.708976	1730000	-2.134281e-09	42.37773	-0.0085263075	-9.08004	0.500739	0.015134442	0.087308735	11.0	4831.634572982788
173	96.22642	4.3543153	100.0	79.6	182.20755	29.12707	13.868407	60.603546	-0.9078051	1740000	-1.14863115e-08	34.060883	-0.008860678	-7.807791	0.4858711	0.015589404	0.081108116	16.0	4860.386045217514
174	95.40401	6.789461	100.0	59.2	193.26	29.257027	14.72328	62.130363	-5.955805	1750000	2.9802322e-08	36.566036	-0.0077077146	-7.284018	0.4846574	0.015827239	0.08260826	10.0	4889.353565454483
175	95.72692	4.6953382	100.0	84.0	184.46153	29.213646	14.331852	62.013996	-11.92105	1760000	2.7629236e-08	33.863926	-0.0068703257	-4.8003926	0.4835488	0.015438863	0.097909786	12.0	4915.456404685974
176	96.62642	4.0873556	100.0	79.6	182.07547	29.979681	14.062296	60.7483	-6.686134	1770000	6.208817e-09	30.388718	-0.010447401	-5.466656	0.49187446	0.015153341	0.0820082	20.0	4941.756943464279
177	96.64444	4.8860598	100.0	76.0	182.18518	30.72503	13.673006	60.812614	0.92991745	1780000	6.7520887e-09	33.307373	-0.012926358	-4.2000766	0.48434994	0.015075964	0.1009101	49.0	4971.686495542526
178	96.01538	5.628615	100.0	72.0	189.59616	30.156904	14.3153925	62.696873	-8.249211	1790000	1.4901161e-08	37.373425	-0.008129005	-6.8207526	0.48973742	0.015224676	0.094109416	12.0	4998.531290769577
179	95.749016	5.683805	100.0	74.0	190.2745	29.296757	13.885938	60.051746	-6.361563	1800000	-4.1909516e-09	39.944965	-0.010664478	-7.9655223	0.49457988	0.015270714	0.09070907	18.0	5026.637084722519
180	96.26276	5.579583	100.0	75.4	191.2745	28.9632	14.028221	62.790752	-11.386129	1810000	9.934108e-09	37.43921	-0.008555853	-6.9822373	0.48877275	0.015006512	0.092709266	10.0	5055.152694225311
181	96.0923	4.4056716	100.0	76.0	184.3077	29.738987	13.971822	60.156013	-3.0886345	1820000	-2.6697913e-08	36.612026	-0.006086312	-5.430906	0.49027184	0.015518668	0.10001	10.0	5082.316917181015
182	95.1804	8.457159	100.0	52.0	193.80392	29.15116	14.591735	63.204807	-11.774423	1830000	9.934108e-09	47.90584	-0.0063852607	-9.314893	0.48893222	0.015776617	0.07770777	8.0	5109.293315410614
183	96.44898	4.7319202	100.0	82.0	195.0	28.168991	14.0604925	60.2909	-16.978127	1840000	-2.1109978e-08	43.1783	-0.011244171	-8.842759	0.48181042	0.015165589	0.09110912	12.0	5136.675730705261
184	94.55918	15.496358	100.0	-10.0	197.2653	28.841413	13.750935	59.32914	-19.386133	1850000	3.1044085e-09	74.87668	-0.015349629	-35.449375	0.47709695	0.015395135	0.10411041	25.0	5163.728775978088
185	93.40833	12.580472	100.0	16.0	200.95833	27.410055	15.587942	61.15583	-34.450127	1860000	1.4745941e-09	49.9548	-0.008106268	-15.937772	0.48082206	0.015626187	0.07690769	10.0	5191.592825889587
186	95.577354	8.341092	100.0	44.0	181.35849	29.805113	13.333146	61.686485	-5.850212	1870000	-1.6142925e-08	50.182148	-0.008783697	-11.43309	0.47287926	0.015288276	0.09810981	17.0	5219.451646089554
187	96.27407	5.481322	100.0	74.2	180.12962	30.172693	14.362315	62.38887	-10.52755	1880000	-3.663202e-08	38.728886	-0.009347799	-7.6966243	0.47470662	0.015145856	0.09250925	14.0	5247.294632911682
188	94.960785	6.4478626	100.0	71.8	190.86275	29.26607	15.20495	65.0922	-22.429468	1890000	2.483527e-09	43.23789	-0.008575739	-11.787628	0.48077282	0.016018078	0.08830883	9.0	5272.932253360748
189	96.138466	4.6582494	100.0	82.0	185.90384	29.725666	13.821485	60.85787	-11.590984	1900000	6.829699e-09	38.43912	-0.009011391	-7.869965	0.4871985	0.015353664	0.09360936	12.0	5299.102969884872
190	93.5963	24.135864	100.0	-80.0	183.57408	29.861029	14.291885	62.326424	-5.16914	1910000	-8.692344e-09	81.597084	-0.009612661	-20.682041	0.48445997	0.015285342	0.08170817	22.0	5327.4446840286255
191	96.495995	4.0590134	100.0	82.6	195.14	29.20708	13.91215	57.0522	-18.259443	1920000	-5.401671e-08	40.103447	-0.010625526	-9.031303	0.48050222	0.015036636	0.088408835	28.0	5355.349108457565
192	96.850975	4.0882125	100.0	76.0	190.78432	30.018198	13.44988	59.476578	-1.6351056	1930000	1.1175871e-08	35.164707	-0.013394118	-5.8813	0.49188134	0.015390263	0.1020102	40.0	5385.244918107986
193	93.812004	15.659191	100.0	-10.0	191.3	29.850752	13.883176	60.727524	-12.455123	1940000	-1.4901161e-08	94.32224	-0.007277768	-20.870388	0.48928258	0.016251769	0.07970797	9.0	5411.650294303894
194	96.18846	4.799265	100.0	76.0	186.6923	29.489677	13.8620615	58.056973	-16.865374	1950000	-2.2351742e-08	38.780186	-0.011572701	-7.6234508	0.49252364	0.015008345	0.10771078	27.0	5439.83909368515
195	95.73334	4.9349756	100.0	76.0	189.7451	29.825672	14.061403	60.54164	-22.813137	1960000	-1.6142925e-08	40.733658	-0.010036527	-7.841047	0.5019646	0.015469904	0.090309024	17.0	5468.532028198242
196	95.932	4.3588276	100.0	80.8	196.88	29.031157	14.457478	60.480305	-16.295576	1970000	-3.290673e-08	35.4079	-0.0147588225	-8.997071	0.4946464	0.01522665	0.1080108	41.0	5497.25351691246
197	95.61539	7.525837	100.0	60.0	185.76923	30.06586	13.705065	59.61689	-7.3699946	1980000	1.6763806e-08	50.199368	-0.012535249	-7.5485473	0.48121038	0.015078877	0.0950095	31.0	5525.89200258255
198	96.739624	4.7941136	100.0	72.0	184.4151	30.438194	14.017758	61.13303	-11.164546	1990000	-3.7252903e-08	38.0076	-0.012404625	-7.360573	0.47246373	0.015049358	0.09360936	31.0	5554.464016675949
199	96.38868	3.915796	100.0	83.2	184.71698	30.375273	14.091568	59.964813	-9.847534	2000000	8.692344e-09	35.45079	-0.014231246	-6.2887406	0.47343707	0.015364029	0.108410835	43.0	5582.662643432617
200	97.46666	2.8786342	100.0	88.0	187.50981	30.084692	13.933498	61.511482	-9.174946	2010000	-3.1044085e-08	33.428837	-0.00825723	-5.5708313	0.4828887	0.015304747	0.07660766	14.0	5610.058812618256
201	94.825005	9.174478	100.0	41.2	199.91667	28.527647	14.615195	61.16045	-15.593595	2020000	2.7318796e-08	50.3493	-0.009307402	-15.757623	0.501059	0.015769945	0.09310931	8.0	5638.518721342087
202	95.58909	4.713681	100.0	72.0	179.4	30.37579	13.143953	60.903145	-5.8224773	2030000	-2.1109978e-08	36.89989	-0.0075033703	-7.397286	0.4715917	0.015071654	0.08510852	15.0	5664.921533107758
203	92.676	8.108651	100.0	64.0	195.7	29.062752	15.09803	62.239944	-17.858654	2040000	7.1401396e-09	47.47076	-0.0120551465	-10.690994	0.48938373	0.015303358	0.10441045	19.0	5693.474546432495
204	96.40377	4.740908	100.0	70.0	186.43396	28.837	13.857428	60.04991	-8.409145	2050000	-5.5879354e-09	43.68687	-0.009183776	-12.705995	0.4887495	0.015205258	0.09370937	13.0	5722.212824344635
205	95.74717	4.7597604	100.0	76.0	182.1132	30.77742	13.715186	60.624958	-16.488377	2060000	1.4901161e-08	35.54384	-0.015172892	-7.2631288	0.46830782	0.014895976	0.09980998	79.0	5753.141678571701
206	95.4868	5.3399897	100.0	77.2	182.20755	30.375193	14.28849	60.562946	-20.57709	2070000	-1.4280279e-08	35.469475	-0.0080061415	-7.404883	0.4644238	0.015100458	0.0930093	11.0	5779.418554544449
207	95.69811	5.1916656	100.0	76.0	182.84906	30.218792	14.870153	60.786674	-10.095068	2080000	1.7384687e-08	33.228676	-0.0074967872	-6.321671	0.4730177	0.015303843	0.08950895	10.0	5806.613090276718
208	95.33077	7.6627855	100.0	47.8	186.9423	29.598953	14.446767	60.521427	-11.36032	2090000	2.9802322e-08	39.352436	-0.007422779	-9.351608	0.46887258	0.015051953	0.08810881	8.0	5834.060569524765
209	95.38519	5.8465376	100.0	75.4	180.72223	30.230152	14.151199	60.79598	-5.6229806	2100000	1.4901161e-08	32.169765	-0.0070970114	-4.9568925	0.47234222	0.01585581	0.09440944	11.0	5859.794042825699
210	95.84074	4.931288	100.0	77.8	181.83333	30.060238	14.29897	60.68175	-4.5301857	2110000	3.1044085e-08	32.56942	-0.010305277	-3.7344658	0.46816167	0.015000035	0.09320932	36.0	5888.136126041412
211	96.98113	3.2868547	100.0	85.0	183.39622	30.017275	14.286167	61.729862	-10.095205	2120000	1.7384687e-08	41.883778	-0.009809114	-9.112314	0.45992962	0.015101698	0.10011002	17.0	5916.716156005859
212	96.13962	5.42358	100.0	70.0	184.54716	30.382755	13.914082	61.66355	-8.03566	2130000	1.7384687e-08	40.138767	-0.008601399	-6.4772096	0.4786744	0.015322231	0.093309335	13.0	5943.906745195389
213	96.47924	5.012037	100.0	79.6	186.49057	29.563057	14.47015	61.535877	-12.742717	2140000	-3.228585e-08	37.625866	-0.008975118	-7.490727	0.48448658	0.015266024	0.10271027	11.0	5970.859985589981
214	95.395996	5.0442033	100.0	76.0	191.74	29.750475	14.675158	60.76386	-13.5577755	2150000	9.701277e-09	39.835827	-0.011023755	-8.297191	0.48169598	0.01535488	0.096909694	21.0	5998.39021730423
215	96.71481	3.5061004	100.0	88.0	179.2963	30.24801	13.732502	61.29323	-7.505196	2160000	1.3969839e-08	38.176952	-0.009966382	-9.248936	0.4776493	0.015067716	0.072507255	17.0	6024.221300840378
216	91.23846	24.912867	100.0	-80.0	184.67308	30.410131	14.191397	61.215443	-33.04402	2170000	3.973643e-08	85.289	-0.014246635	-22.582834	0.4901929	0.015065824	0.10351035	71.0	6052.348235845566
217	95.58113	6.0336494	100.0	64.0	184.26414	29.193121	14.087721	57.69308	-9.3684225	2180000	2.8560558e-08	39.681763	-0.009050075	-9.938522	0.48929	0.015322865	0.08630863	12.0	6080.706148386002
218	95.883026	5.578995	100.0	73.6	183.20755	30.188826	13.898522	61.085194	-15.457688	2190000	-2.4835268e-08	41.450455	-0.0061622704	-8.093112	0.48672962	0.015010486	0.0730073	6.0	6107.801622390747
219	94.99216	5.3462043	100.0	76.0	188.43137	29.579763	14.273939	60.347797	-13.182852	2200000	4.346172e-09	41.202072	-0.006283326	-6.3753333	0.4928778	0.015620664	0.08250824	11.0	6134.28499174118
220	94.24231	7.06697	100.0	72.0	187.48077	29.921717	13.321652	58.856186	-4.99357	2210000	-1.2417635e-09	46.291748	-0.013360672	-9.976849	0.47956243	0.015298385	0.09750975	30.0	6163.3428366184235
221	96.59622	5.2567997	100.0	69.4	183.24529	30.151499	13.625385	60.79887	-4.7070894	2220000	9.934108e-09	43.384277	-0.007299282	-7.6249123	0.4730393	0.015755378	0.08920892	8.0	6190.678864479065
222	96.98077	4.044419	100.0	80.2	184.38461	30.760155	14.127707	60.8117	-5.485772	2230000	-2.6426278e-08	30.047356	-0.015425959	-5.747893	0.4777685	0.014138681	0.10681068	79.0	6220.272135019302
223	92.922455	15.777009	100.0	-10.0	197.55103	28.880493	14.660511	60.79987	-19.500929	2240000	-2.3593506e-08	57.9391	-0.011030168	-19.18071	0.4750582	0.015386045	0.07550755	13.0	6249.6587200164795
224	95.27451	5.5306582	100.0	76.0	189.05882	29.153479	14.257397	60.03872	-10.934056	2250000	-4.967054e-09	40.907093	-0.008558878	-7.784038	0.4649601	0.015399005	0.06510651	13.0	6276.874822378159
225	94.1451	7.0659723	100.0	68.0	189.41176	29.272974	14.21136	60.691654	-15.076256	2260000	7.450581e-09	40.45564	-0.009506081	-6.23282	0.4679284	0.015101343	0.08530853	12.0	6305.57869386673
226	94.7283	6.899395	100.0	61.6	183.18867	29.455088	14.142622	59.659416	-8.321639	2270000	0.0	41.78302	-0.006534131	-8.649796	0.48011568	0.015855758	0.075107515	7.0	6334.266004323959
227	95.526924	6.0889597	100.0	75.4	186.59616	30.20578	14.070072	61.29332	-9.007943	2280000	-9.934108e-09	41.139557	-0.00796157	-7.3573337	0.45716444	0.016115718	0.09600959	13.0	6361.607126951218
228	95.832	6.3884096	100.0	67.0	194.26	28.762585	14.84923	59.572643	-16.604994	2290000	7.450581e-09	48.539524	-0.009157605	-11.548276	0.46783862	0.015247705	0.094109416	9.0	6388.870404958725
229	94.988	6.5587087	100.0	75.4	189.2	29.213898	14.086625	59.77951	-14.203191	2300000	-2.4835268e-08	47.388947	-0.013529341	-9.384857	0.46282402	0.015070927	0.09910991	29.0	6415.571675777435
230	96.42308	4.5796633	100.0	79.0	185.88461	30.371647	13.506149	58.892593	-15.739921	2310000	-4.004687e-08	40.637775	-0.006195888	-10.1297455	0.4549382	0.016556365	0.07760776	6.0	6442.128370285034
231	95.13461	6.29844	100.0	74.0	185.48077	30.354431	14.208283	60.079334	-7.488161	2320000	9.934108e-09	38.027637	-0.0075905775	-4.964142	0.4545444	0.015013084	0.08190819	13.0	6470.515580415726
232	95.5	5.3536158	100.0	76.0	198.12	28.740963	14.635682	60.71002	-25.979294	2330000	1.3892229e-08	38.114983	-0.010102034	-9.966483	0.4636869	0.015145014	0.082008205	14.0	6497.456507921219
233	95.42353	4.872918	100.0	77.2	188.56863	29.39244	14.139685	59.317924	-5.484744	2340000	9.934108e-09	33.50795	-0.010106012	-7.931521	0.45883727	0.015520383	0.08260826	14.0	6525.089675188065
234	95.39608	7.0113063	100.0	59.2	192.0196	28.606068	14.1239	60.33371	-26.12643	2350000	1.7384687e-08	40.05824	-0.009684521	-10.980789	0.48262843	0.015010047	0.088208824	12.0	6551.841011285782
235	96.02449	4.308631	100.0	80.8	194.42857	28.768635	14.737026	60.958797	-16.48024	2360000	4.967054e-09	38.8508	-0.008017188	-11.558009	0.47193146	0.015365603	0.0840084	9.0	6578.198039054871
236	95.77647	5.0795474	100.0	76.0	191.2549	29.666822	13.296608	59.1464	-1.531127	2370000	3.4769375e-08	34.9272	-0.006608331	-8.045198	0.46218455	0.015129472	0.08930894	10.0	6607.352402448654
237	94.89411	6.6783056	100.0	70.0	187.45097	29.21982	14.33803	59.374237	-17.207935	2380000	-1.6453365e-08	39.838898	-0.007438123	-6.6717052	0.4701514	0.0156216575	0.08770877	10.0	6633.275329828262
238	95.8353	5.573284	100.0	67.0	191.37254	29.292973	14.39098	59.446217	-15.1895895	2390000	-1.7384687e-08	31.500914	-0.008901217	-6.4552135	0.4661779	0.0153006455	0.08260826	12.0	6660.139485359192
239	95.05384	6.0221534	100.0	66.0	187.61539	29.77266	14.174249	60.339054	-3.3428268	2400000	3.4769375e-08	33.244244	-0.013328825	-5.1426144	0.46032143	0.0150685385	0.08880889	47.0	6689.953450918198
240	96.52693	4.641457	100.0	70.0	188.4423	29.443153	14.337138	60.47592	-4.335629	2410000	4.8428774e-08	30.474182	-0.0078543695	-3.7472007	0.45978013	0.0154703455	0.07420742	11.0	6717.049117803574
241	94.327995	15.44118	100.0	-10.0	195.74	28.70895	14.859221	60.419823	-20.194506	2420000	2.4835268e-08	47.68413	-0.009453602	-19.31964	0.46083036	0.015262681	0.085508555	13.0	6745.622189283371
242	95.18846	6.3012104	100.0	70.0	190.57692	28.992039	14.571112	60.314552	-13.666246	2430000	-2.561137e-09	40.307392	-0.0085153235	-8.824038	0.4801195	0.015256189	0.07590759	10.0	6773.172339916229
243	95.71698	5.449796	100.0	68.0	185.75471	29.730675	13.858671	59.13181	-12.996183	2440000	1.1175871e-08	34.511078	-0.0099603785	-5.425489	0.45191893	0.015200067	0.07930793	20.0	6800.8146204948425
244	95.89411	4.4433436	100.0	76.0	189.54903	29.257372	14.371323	59.21856	-5.413713	2450000	-4.967054e-09	29.643753	-0.009722836	-3.7843647	0.45753756	0.015026972	0.09940994	19.0	6831.271239519119
245	95.29804	6.747592	100.0	74.0	188.15686	29.580105	14.18593	60.5762	-6.796267	2460000	7.450581e-09	40.02263	-0.008145272	-7.907463	0.47248903	0.015776774	0.082008205	11.0	6859.380155324936
246	95.176926	5.7748337	100.0	75.4	187.6923	29.2763	14.353506	60.061893	-15.334266	2470000	2.7318796e-08	41.652737	-0.008630346	-8.267182	0.472881	0.01587832	0.10531053	9.0	6886.464849948883
247	94.61177	6.267678	100.0	71.2	189.76471	29.486927	13.688638	59.43023	-11.953723	2480000	-1.7695129e-08	41.179386	-0.010078858	-6.3758445	0.4766635	0.015322559	0.10071007	14.0	6914.412220001221
248	96.145096	3.7986746	100.0	86.2	189.7451	29.725157	13.480197	60.40023	-1.3738676	2490000	-4.0667754e-08	36.02771	-0.009169701	-6.6918626	0.46819767	0.015505597	0.098809876	12.0	6941.355796098709
249	93.73599	15.634088	100.0	-10.0	197.34	29.058132	14.331969	59.90668	-21.10473	2500000	-4.967054e-09	78.685814	-0.011532147	-31.232176	0.47923374	0.015672393	0.09580958	18.0	6969.495751857758
