Epoch	AverageEpRet	StdEpRet	MaxEpRet	MinEpRet	EpLen	AverageVVals	StdVVals	MaxVVals	MinVVals	TotalEnvInteracts	LossPi	LossV	DeltaLossPi	DeltaLossV	Entropy	KL	ClipFrac	StopIter	Time
0	57.570366	35.789757	85.0	-20.0	511.72223	5.603107	13.419326	33.226788	-69.145355	10000	9.313226e-10	73.32639	-0.009143733	-19.164234	0.38481328	0.01501963	0.06990699	6.0	24.147385835647583
1	55.294117	34.139065	91.0	-20.0	539.7647	7.1613016	11.792837	31.451134	-56.25751	20000	7.450581e-09	70.7854	-0.00600468	-18.056576	0.3772554	0.015013207	0.076207615	5.0	48.883399963378906
2	52.657406	39.174236	91.0	-26.666666	496.1111	7.169145	10.77106	33.386448	-48.541286	30000	2.483527e-09	89.785095	-0.009250031	-23.51652	0.3935701	0.015762215	0.0740074	10.0	70.58136105537415
3	50.8	40.21613	91.0	-46.666668	487.26315	6.014363	12.119458	32.376587	-64.149826	40000	1.8626451e-09	111.63962	-0.0073296004	-27.918985	0.38861617	0.016023597	0.071507156	9.0	95.32278060913086
4	56.12037	35.82797	88.3	-20.0	526.2222	6.814382	11.492396	37.223145	-50.28952	50000	3.7252903e-09	62.81645	-0.010902386	-15.97779	0.37991318	0.01575908	0.08620862	15.0	119.86907863616943
5	49.224075	40.2589	97.0	-26.666666	536.0	6.580776	12.500998	32.666206	-68.14887	60000	-1.2417635e-09	99.831604	-0.0076400265	-25.056753	0.37660554	0.015472139	0.059105914	8.0	142.13641834259033
6	63.957413	28.055574	100.0	-6.6666665	513.44446	6.2931685	11.111701	32.124577	-59.639637	70000	7.450581e-09	73.98002	-0.010419719	-23.92158	0.38591602	0.015060944	0.10261026	16.0	165.6282832622528
7	53.32963	40.31593	97.0	-40.0	512.7778	7.606995	11.098485	34.79428	-48.871048	80000	-1.2417634e-08	85.5614	-0.009877129	-26.289091	0.38739553	0.015316345	0.08230823	15.0	188.61350274085999
8	55.107407	35.43377	92.8	-26.666666	528.7778	6.10264	12.649311	35.016655	-62.502037	90000	2.1109978e-08	83.454926	-0.007629544	-19.4871	0.38705698	0.016059851	0.06610661	7.0	212.02640843391418
9	49.850983	37.267494	92.8	-33.333332	537.7059	7.327204	11.406161	35.691822	-51.494778	100000	2.483527e-09	70.71105	-0.01051215	-15.844486	0.380558	0.015150149	0.09580958	12.0	233.58676099777222
10	55.324074	35.374104	97.0	-20.0	523.05554	6.5117183	11.263169	31.425768	-51.799114	110000	0.0	60.072727	-0.010540809	-14.662484	0.38931715	0.016090272	0.08920892	15.0	257.1063799858093
11	44.225925	37.480953	84.7	-40.0	540.94446	6.49849	11.411404	28.644674	-53.69246	120000	-1.8626451e-08	98.37469	-0.0073195794	-26.658073	0.3800275	0.016269706	0.061806183	7.0	281.32385635375977
12	55.444443	29.006577	97.0	-13.333333	531.7222	5.202606	10.447465	30.187359	-51.340866	130000	-9.934108e-09	69.87463	-0.010647111	-21.237665	0.37599683	0.015658429	0.08270827	10.0	304.6663327217102
13	57.79815	36.05798	91.0	-13.333333	532.7222	6.315736	12.194807	33.25503	-58.01738	140000	-1.9868216e-08	65.45554	-0.005673388	-16.578375	0.37645686	0.01586337	0.06540654	7.0	328.531037569046
14	62.098038	34.326397	91.0	-20.0	544.7647	7.714913	11.073058	32.372635	-50.625572	150000	-2.483527e-09	76.73179	-0.007277479	-18.842602	0.37310457	0.015006493	0.0690069	7.0	350.40339398384094
15	52.1451	30.51885	85.6	-13.333333	545.94116	7.125227	11.220199	32.092934	-60.97664	160000	2.483527e-09	71.4988	-0.007978052	-21.292427	0.36486927	0.016053546	0.0740074	8.0	373.6571264266968
16	60.59074	32.130604	91.9	-13.333333	542.1667	6.5790815	11.274317	34.722023	-47.560413	170000	-1.14863115e-08	73.28851	-0.0072102603	-20.100307	0.36448136	0.016493756	0.07030704	8.0	397.61906695365906
17	57.52963	32.92768	91.9	-33.333332	519.1111	7.3012953	11.488439	31.693026	-56.234886	180000	-2.4835268e-08	56.93723	-0.007344402	-11.355457	0.37349364	0.015930338	0.0650065	7.0	420.0074269771576
18	55.275925	34.311607	89.2	-33.333332	502.05554	8.179129	10.461809	38.52805	-51.97054	190000	2.4835268e-08	79.13668	-0.0077163056	-28.037134	0.38843355	0.015691454	0.08010802	11.0	444.5458002090454
19	57.34074	34.21459	94.6	-13.333333	519.05554	7.1732464	10.233462	37.94056	-34.13283	200000	-9.19681e-09	83.33498	-0.009887473	-31.111322	0.3896691	0.015184646	0.08050805	11.0	467.2946984767914
20	48.07193	46.882683	96.4	-86.666664	504.89474	6.862298	11.3316555	34.404594	-44.77515	210000	7.450581e-09	108.01514	-0.0094907805	-24.80491	0.3725891	0.016132748	0.07410741	11.0	491.9258134365082
21	52.771927	41.284496	88.0	-80.0	495.57895	6.67241	10.313404	35.924007	-49.711628	220000	-1.1175871e-08	95.88813	-0.009807388	-24.389761	0.37824917	0.016430726	0.07280728	9.0	516.454742193222
22	50.475437	47.31909	96.4	-86.666664	490.6316	7.0066085	10.021094	35.22544	-50.750122	230000	3.7252903e-09	119.312004	-0.008096538	-24.520323	0.3774371	0.016489593	0.06680668	7.0	540.3756623268127
23	55.862965	38.18363	96.4	-40.0	533.6667	6.9438467	9.693754	35.733707	-40.119625	240000	-7.761021e-10	75.75153	-0.011122436	-26.145247	0.37572053	0.015139592	0.080208026	12.0	563.4520852565765
24	55.168518	43.581993	94.6	-40.0	517.8333	6.510814	11.365201	35.453568	-55.336395	250000	1.2417634e-08	101.14982	-0.008057519	-29.089987	0.3625356	0.016100245	0.07280728	12.0	586.4011223316193
25	51.901848	41.29397	92.8	-33.333332	516.2778	6.43873	11.0276575	36.174778	-38.16235	260000	4.967054e-09	86.220245	-0.009249221	-28.251543	0.3796377	0.017108997	0.0860086	9.0	609.0067973136902
26	56.02037	35.999916	91.9	-26.666666	516.2222	5.708248	12.152416	35.078102	-48.984207	270000	-1.2417635e-09	60.245495	-0.0068718684	-15.714184	0.38186932	0.0151812695	0.07120712	9.0	632.9127101898193
27	61.63704	33.660557	97.0	-20.0	523.3889	6.547617	11.043619	35.27915	-44.876354	280000	7.450581e-09	72.44465	-0.007848937	-22.576609	0.37638947	0.0150398165	0.06590659	8.0	656.567910194397
28	50.011112	40.057335	91.9	-20.0	549.6667	7.3079915	10.180942	41.174835	-39.22364	290000	3.1044087e-10	88.36447	-0.0066996547	-33.328762	0.37997398	0.015337355	0.07820782	7.0	679.4887595176697
29	51.848335	49.50429	97.0	-80.0	468.55	5.8058505	11.61159	34.383877	-48.630074	300000	-2.7939677e-09	111.095024	-0.00982374	-29.366053	0.37023446	0.015862875	0.07630763	11.0	703.2803514003754
30	58.433334	34.631954	97.0	-20.0	520.8889	6.3335915	12.142927	37.45232	-51.206104	310000	5.2774944e-09	61.83989	-0.009178723	-16.885374	0.37261465	0.015036468	0.08150815	11.0	727.0704600811005
31	58.666668	38.862175	97.0	-33.333332	507.0	6.968898	12.634975	39.057514	-58.27364	320000	4.967054e-09	70.13712	-0.011579707	-16.90922	0.38191155	0.015234376	0.08310831	22.0	748.8488256931305
32	49.878944	46.478287	91.9	-93.333336	496.5263	7.1734867	12.209208	37.311695	-53.120663	330000	1.9247333e-08	106.494804	-0.010639821	-30.83667	0.36920223	0.0150749935	0.073407345	10.0	773.3090035915375
33	60.933334	31.883213	97.0	-13.333333	539.7647	6.7547016	10.669781	34.82284	-51.992466	340000	1.2417635e-09	93.97866	-0.009774224	-31.627098	0.37282157	0.01606307	0.07310731	9.0	797.2669775485992
34	59.103706	36.71498	92.8	-26.666666	529.1667	6.890406	12.531218	34.820873	-55.31464	350000	9.623666e-09	80.88426	-0.006639421	-24.022688	0.378592	0.015603452	0.058405843	6.0	820.7502932548523
35	55.185963	39.22926	96.4	-33.333332	484.1579	6.4237804	11.79484	36.88678	-50.64257	360000	1.7384687e-08	101.12539	-0.007495675	-29.061346	0.37542734	0.017089985	0.07220722	9.0	845.2210559844971
36	61.607407	30.130676	97.0	-6.6666665	512.8889	7.459665	12.168958	34.19062	-56.95742	370000	-1.2417635e-09	64.48633	-0.0061144573	-16.036882	0.37992218	0.015317163	0.060906094	7.0	866.5001106262207
37	51.115	48.38462	93.7	-86.666664	492.45	7.283092	11.776133	39.62761	-54.827316	380000	-3.4769375e-08	107.537025	-0.0104980245	-34.026707	0.3762326	0.01594067	0.08620862	10.0	891.8688414096832
38	60.035183	36.908215	91.9	-13.333333	505.3889	6.2164893	12.154601	34.577354	-62.536602	390000	8.381903e-09	85.65711	-0.012150317	-22.926458	0.36738715	0.015411538	0.09150914	17.0	915.7646675109863
39	59.68948	36.133244	94.6	-33.333332	499.4737	6.875308	12.97521	38.92701	-65.95392	400000	2.483527e-09	84.837456	-0.00811492	-17.90851	0.37643814	0.01596121	0.05440544	7.0	939.5140743255615
40	59.37778	35.665867	92.8	-20.0	519.0	7.7489495	12.64692	36.222122	-56.9232	410000	2.1109978e-08	63.392914	-0.007475382	-17.292864	0.37973425	0.015841642	0.07850785	8.0	961.7256436347961
41	48.826317	47.481335	90.1	-86.666664	494.78946	6.835206	12.741696	34.54234	-66.9342	420000	-6.829699e-09	125.819725	-0.0080787605	-28.04258	0.36564675	0.01582215	0.07570758	9.0	986.0883958339691
42	51.588337	42.994293	97.0	-46.666668	486.65	5.716724	12.41457	33.716457	-59.275394	430000	-3.1044087e-10	119.890076	-0.00881471	-35.99451	0.3773233	0.015020096	0.07430743	8.0	1012.1798572540283
43	54.063156	47.96499	100.0	-86.666664	484.1579	6.0668416	12.248245	41.330196	-65.71991	440000	2.483527e-09	123.62598	-0.008045782	-32.766815	0.36747384	0.01539221	0.06690669	9.0	1035.2715148925781
44	68.8037	29.301388	100.0	-13.333333	512.6667	8.013407	10.707958	36.33662	-40.332085	450000	-2.483527e-09	81.53964	-0.008375081	-29.15014	0.380474	0.015064112	0.07470747	7.0	1057.2440614700317
45	62.59444	35.84648	91.9	-13.333333	506.3889	8.285541	11.603243	34.98682	-56.309666	460000	2.1109978e-08	86.63125	-0.008253293	-19.98274	0.3783169	0.016074313	0.070007	8.0	1079.117547750473
46	63.503704	27.907715	97.0	-13.333333	519.8889	7.9396048	11.284938	34.86757	-54.87339	470000	6.0535967e-09	57.44888	-0.007815947	-10.685515	0.36559108	0.016499175	0.07120711	8.0	1102.4448482990265
47	62.949017	30.892729	100.0	-13.333333	531.35297	8.239327	10.5333185	35.577435	-57.957386	480000	2.4835268e-08	76.20359	-0.0069035613	-15.285285	0.36601475	0.01645367	0.05740574	6.0	1126.2784669399261
48	68.29074	27.015488	100.0	-6.6666665	531.6111	7.825826	9.819153	31.690283	-51.473087	490000	1.7384687e-08	61.604645	-0.0050287084	-11.285531	0.3555616	0.015450721	0.058705866	6.0	1148.8982195854187
49	65.35371	28.448362	91.0	-13.333333	522.94446	8.916784	10.01209	33.403786	-50.35236	500000	3.3527613e-08	76.50606	-0.006651271	-18.451284	0.3616711	0.015476166	0.05190519	5.0	1170.9462654590607
50	59.290745	35.57077	97.0	-20.0	515.8333	8.248012	10.098146	33.91349	-59.28472	510000	-2.173086e-08	89.547585	-0.008993959	-29.6212	0.3677336	0.015235241	0.09070907	12.0	1195.2424988746643
51	52.687717	39.87738	91.0	-46.666668	482.4737	7.1295266	11.8756075	33.893402	-61.004433	520000	2.483527e-09	99.41389	-0.010902017	-29.207006	0.3671706	0.015351123	0.08270827	14.0	1219.054410457611
52	61.737034	34.4853	100.0	-20.0	509.27777	6.336143	13.09508	33.05749	-70.303474	530000	0.0	72.902214	-0.0079180235	-17.872581	0.3697649	0.015138812	0.063106306	9.0	1241.5163424015045
53	62.431477	32.69555	97.0	-6.6666665	519.5	7.656225	12.936575	37.448788	-67.24296	540000	0.0	61.345795	-0.009181011	-13.823237	0.36611184	0.016154332	0.07770777	12.0	1266.0338473320007
54	58.350002	31.516674	89.2	-26.666666	525.6667	7.6741114	12.346326	34.48518	-62.306675	550000	-1.8626451e-08	74.39185	-0.010235414	-24.06629	0.37782502	0.01589563	0.075307526	12.0	1288.6468756198883
55	54.17963	38.13209	100.0	-40.0	518.5	7.3528814	10.481601	35.962154	-51.553795	560000	2.3593506e-08	97.49017	-0.009501501	-22.735672	0.35984978	0.016144177	0.07370737	11.0	1311.7460129261017
56	54.203705	36.429653	94.6	-20.0	523.2778	6.6040926	11.238349	32.50811	-57.950905	570000	6.208817e-09	86.61316	-0.0078041484	-22.899244	0.35682693	0.016069207	0.060206022	10.0	1334.4444069862366
57	44.739586	39.374485	92.8	-26.666666	567.5625	7.2371106	11.190681	30.842781	-72.55781	580000	1.2417635e-09	75.36515	-0.006560573	-21.426682	0.35194966	0.015011005	0.061606165	6.0	1356.503634929657
58	59.040745	36.825912	97.0	-20.0	525.05554	5.9662666	11.13883	33.489468	-68.32196	590000	6.2088173e-10	77.08256	-0.00849375	-26.281858	0.3607163	0.015401423	0.07870787	11.0	1379.6462671756744
59	57.081482	33.250362	88.0	-13.333333	534.2778	6.9746323	12.686032	37.016506	-71.73432	600000	8.071463e-09	69.76999	-0.008095565	-14.016597	0.36233032	0.016059058	0.075507544	11.0	1404.6786856651306
60	64.816666	30.716576	91.0	-20.0	501.6111	6.9463596	11.839226	34.928905	-59.561382	610000	7.450581e-09	67.2247	-0.00795393	-16.240871	0.36341813	0.0162766	0.06540654	9.0	1427.6959698200226
61	57.64815	30.142963	93.7	-6.6666665	515.94446	7.3163815	12.377471	33.59283	-71.887405	620000	4.967054e-09	68.109764	-0.0074342317	-18.588293	0.35702226	0.015038118	0.06030603	9.0	1451.1560537815094
62	57.77037	33.430904	100.0	-26.666666	504.72223	7.2955437	10.754355	36.238064	-49.48753	630000	-7.450581e-09	89.786354	-0.009003724	-32.315556	0.35471073	0.015642019	0.074407436	9.0	1472.743218421936
63	59.781487	34.171017	100.0	-20.0	519.8889	7.25654	10.873312	36.432007	-58.07838	640000	2.483527e-09	86.616554	-0.0119173275	-27.676432	0.3645241	0.015229956	0.08890889	22.0	1495.549785375595
64	45.588234	38.725628	97.0	-20.0	547.58826	7.14664	11.382665	37.247326	-58.56015	650000	1.7384687e-08	100.46725	-0.008558157	-25.60659	0.3488971	0.015265712	0.07240724	9.0	1518.416748046875
65	56.87778	31.978632	91.9	-13.333333	530.7222	5.9414535	12.369568	37.74622	-62.764606	660000	1.8626451e-09	62.321857	-0.00912067	-11.834015	0.35064533	0.01565711	0.08360836	12.0	1540.8291912078857
66	63.72037	32.29727	100.0	-20.0	502.0	7.540439	11.620925	38.74026	-54.3226	670000	0.0	84.05503	-0.009327075	-21.329765	0.36120832	0.015260621	0.07980798	13.0	1562.8052759170532
67	59.01111	35.66202	95.5	-20.0	515.3889	8.810737	9.781266	38.720238	-54.75898	680000	-6.208817e-09	104.44699	-0.009680225	-42.0173	0.36687756	0.015012178	0.06750675	17.0	1585.7366638183594
68	56.68704	36.947517	94.0	-26.666666	534.7778	7.421572	12.777851	37.0288	-82.18953	690000	-1.9868216e-08	66.559364	-0.009253352	-19.476812	0.36062467	0.015304055	0.07680768	12.0	1607.5448393821716
69	57.098152	30.222239	94.0	-6.6666665	513.0	6.7989364	11.6442795	35.72005	-64.75011	700000	0.0	66.37321	-0.012360384	-14.071652	0.36476684	0.015227839	0.09560957	25.0	1630.2522826194763
70	61.65614	36.642147	100.0	-46.666668	497.42105	7.0385437	11.628783	37.197952	-60.664497	710000	-6.829699e-09	111.39096	-0.008606682	-30.858353	0.36456284	0.016414095	0.06930693	10.0	1653.5721912384033
71	50.138596	41.41611	91.0	-53.333332	468.26315	7.0678334	11.924927	37.327736	-70.87308	720000	4.346172e-09	102.87595	-0.009776595	-28.165316	0.38202593	0.015738292	0.07770777	12.0	1679.0614194869995
72	53.68148	33.26729	88.3	-20.0	529.1667	5.9703565	12.471128	38.84609	-74.77095	730000	1.4901161e-08	71.34426	-0.009714254	-13.978469	0.36964694	0.015609362	0.085608564	13.0	1704.4792454242706
73	52.08772	33.5279	91.0	-46.666668	508.8421	6.5215044	11.684305	38.23706	-65.44978	740000	7.450581e-09	91.05121	-0.009174917	-27.176636	0.36338797	0.015475139	0.08680868	10.0	1728.0671281814575
74	50.65926	39.536167	88.3	-33.333332	492.33334	5.936904	10.912144	31.101744	-61.66667	750000	1.1098261e-08	121.20748	-0.0080159465	-36.08986	0.36534715	0.015969072	0.06580659	7.0	1752.079131603241
75	54.753704	30.53366	96.4	-26.666666	523.55554	5.3727107	11.7424345	36.32655	-76.303314	760000	2.7318796e-08	75.75942	-0.0076964013	-21.132902	0.3583481	0.015684055	0.063106306	9.0	1774.920080423355
76	64.09445	30.818422	97.0	-13.333333	502.8889	6.7399693	10.904564	38.649075	-73.07087	770000	-1.6763806e-08	75.75134	-0.009072548	-16.46294	0.35593382	0.017297363	0.0750075	9.0	1796.2789640426636
77	49.27	37.72142	87.4	-53.333332	483.2	7.276198	11.880444	37.64169	-68.7877	780000	9.623666e-09	109.15943	-0.009953912	-23.135351	0.35880092	0.016477318	0.08110811	11.0	1820.385376214981
78	63.108772	35.784588	97.0	-40.0	500.94736	6.6536713	10.848727	32.455326	-55.069355	790000	4.967054e-09	78.3854	-0.0069955885	-21.666403	0.351006	0.016705062	0.06170617	8.0	1845.593804359436
79	57.357407	29.214773	87.4	-20.0	513.05554	7.9691324	11.054337	34.671124	-62.709824	800000	1.5522043e-09	74.7619	-0.007764097	-19.905226	0.35685548	0.015234583	0.07730773	9.0	1868.2856664657593
80	57.63684	40.01186	100.0	-26.666666	498.10526	7.1712766	10.106873	32.122704	-58.583477	810000	3.228585e-08	79.12049	-0.010203668	-19.879988	0.35498795	0.016934372	0.08080808	10.0	1894.8645944595337
81	59.342106	29.939178	90.1	-26.666666	493.8421	7.4089193	11.51837	35.162487	-51.44694	820000	2.8560558e-08	85.14114	-0.008387156	-30.90491	0.36065212	0.015536487	0.07230723	8.0	1917.8392791748047
82	55.826313	35.41707	87.4	-53.333332	482.21054	7.85548	10.096245	34.55279	-46.05482	830000	4.967054e-09	111.76499	-0.011780498	-30.531433	0.34311792	0.01504084	0.07970797	23.0	1942.6723668575287
83	53.655552	31.57513	89.2	-6.6666665	524.3333	6.595495	10.375847	34.072266	-50.70436	840000	-6.829699e-09	88.16474	-0.008478501	-35.48998	0.34278464	0.016543435	0.0810081	8.0	1965.563060283661
84	68.43704	24.094597	100.0	-13.333333	511.05554	6.9574313	10.628862	32.518604	-47.14223	850000	3.1044085e-09	81.68658	-0.0074374354	-29.493942	0.3553963	0.016308675	0.07230723	9.0	1986.45632147789
85	73.96666	17.276733	100.0	24.4	519.44446	8.3319435	9.36394	33.63882	-46.41672	860000	-1.9868216e-08	51.615032	-0.009133734	-17.972221	0.35259166	0.015599557	0.05990599	7.0	2010.2442049980164
86	66.990746	24.269787	88.0	-6.6666665	516.55554	9.234825	9.97718	33.675354	-57.82947	870000	-2.9802322e-08	71.36262	-0.008193064	-21.104124	0.35255417	0.015477876	0.07790779	8.0	2032.9805138111115
87	58.99649	32.041363	91.0	-13.333333	511.10526	8.364284	10.755924	37.792816	-56.929344	880000	1.2417634e-08	82.362946	-0.01012932	-19.07261	0.3443738	0.015767323	0.08440844	13.0	2056.902173757553
88	66.11667	15.9685545	89.2	25.0	492.22223	8.306382	10.266531	34.879234	-51.948345	890000	-1.7384687e-08	61.298794	-0.009561606	-19.31981	0.3507528	0.01564899	0.07030704	9.0	2079.0149400234222
89	54.178944	37.70937	91.9	-40.0	492.89474	8.227776	9.729856	34.005108	-47.32052	900000	5.8983765e-09	87.23307	-0.01019439	-29.474089	0.34599733	0.015073908	0.08920892	11.0	2101.3994615077972
90	53.754997	33.75588	88.3	-33.333332	483.3	6.4289246	11.441968	32.67588	-58.42236	910000	-2.483527e-09	84.308586	-0.009179768	-23.02535	0.3529255	0.015267094	0.080508046	11.0	2126.934034347534
91	60.06296	34.665127	91.0	-26.666666	517.2222	6.540956	11.714047	31.938822	-58.0491	920000	6.2088173e-10	66.72296	-0.009279367	-16.079813	0.34022382	0.015730567	0.06870687	10.0	2149.658931016922
92	53.10926	36.819477	91.9	-46.666668	514.3889	6.988265	11.057438	30.091759	-49.367676	930000	-2.0566706e-09	83.816765	-0.0063142874	-21.105473	0.34846988	0.015311145	0.06270627	7.0	2171.5214462280273
93	55.29825	38.57747	94.0	-33.333332	489.0	6.2372184	11.9979515	34.844406	-56.591583	940000	-2.4835268e-08	85.8363	-0.009992958	-28.65949	0.3643696	0.016134806	0.08770877	11.0	2193.876152038574
94	60.957413	27.21635	93.7	-6.6666665	507.66666	5.8696895	13.09654	33.189243	-59.790718	950000	-4.811833e-09	65.23173	-0.0072701145	-20.148787	0.35156345	0.015742296	0.0740074	8.0	2217.312170267105
95	53.53968	43.750996	94.0	-40.0	463.7619	7.154739	11.510377	34.348164	-54.129246	960000	-6.2088173e-10	92.582344	-0.008648957	-31.597214	0.3622829	0.015317741	0.07480748	10.0	2240.274650335312
96	59.6386	41.078327	94.0	-53.333332	468.57895	7.227843	12.333516	33.951683	-51.503677	970000	1.2417635e-09	100.81406	-0.008476458	-24.390884	0.3473128	0.01570491	0.068906896	10.0	2262.4751377105713
97	70.03333	23.364052	100.0	16.0	503.77777	8.324067	11.320707	35.01374	-47.450695	980000	-4.967054e-09	63.573654	-0.008658501	-22.809134	0.35092148	0.015329513	0.06590659	9.0	2285.8418583869934
98	57.393333	39.14665	94.0	-33.333332	474.7	8.563233	11.25696	33.55162	-51.88191	990000	-1.6142925e-08	89.29424	-0.010224975	-24.190222	0.34772828	0.015409258	0.08060806	11.0	2308.66690325737
99	65.44334	34.35987	100.0	-26.666666	470.35	7.9269123	11.526551	35.613586	-55.204964	1000000	-1.8626451e-09	79.42861	-0.010132052	-24.93509	0.3450248	0.016363189	0.079807974	10.0	2333.049421072006
100	57.0	34.19686	91.0	-26.666666	493.05264	8.182814	12.926192	37.355022	-59.97483	1010000	9.934108e-09	75.68734	-0.011889557	-29.956263	0.35696223	0.01519438	0.090009004	17.0	2357.1812603473663
101	54.02941	34.0162	95.5	-33.333332	546.94116	7.611955	10.781554	34.03677	-49.8342	1020000	-1.7695129e-08	91.877266	-0.009353655	-23.96324	0.3377122	0.015242814	0.07560756	10.0	2381.6944708824158
102	60.65614	31.845316	92.8	-20.0	492.6316	6.555607	10.420087	32.33055	-49.590885	1030000	-9.934108e-09	88.60394	-0.0092793675	-29.53511	0.34285244	0.01501824	0.07410741	11.0	2405.517302751541
103	57.459652	36.55958	91.0	-26.666666	503.6842	7.6111574	10.941977	33.874134	-50.03255	1040000	5.2774944e-09	83.96185	-0.0105802	-24.76365	0.34156156	0.015341376	0.08020802	13.0	2428.549054145813
104	61.383335	34.47315	100.0	-20.0	526.5	7.500887	10.962287	34.257816	-47.4947	1050000	-4.967054e-09	80.24875	-0.00993464	-18.738615	0.354727	0.01519345	0.07720772	13.0	2453.126608610153
105	59.8579	42.85438	100.0	-53.333332	501.6316	6.937767	11.356546	38.011852	-49.966152	1060000	1.6142925e-08	106.94167	-0.00917508	-35.04307	0.35304645	0.016140861	0.07010701	11.0	2477.205092906952
106	65.17407	31.772402	100.0	-13.333333	522.1667	7.1118402	12.905806	37.29003	-62.448074	1070000	-5.1998845e-09	71.00211	-0.007851739	-16.575895	0.33769846	0.016165264	0.06430643	9.0	2500.499638080597
107	56.414814	33.54831	100.0	-6.6666665	514.6111	7.422844	12.132075	35.441006	-50.614864	1080000	-4.967054e-09	90.04809	-0.011496574	-25.008118	0.34773967	0.015865495	0.07690769	11.0	2523.0776772499084
108	56.70196	29.08829	82.9	-13.333333	539.2353	7.079972	10.930085	35.920433	-53.102528	1090000	-2.483527e-09	65.25736	-0.007254239	-18.918852	0.33433846	0.01588999	0.075107515	9.0	2544.990331888199
109	48.847366	43.75023	90.1	-73.333336	483.73685	6.6024766	10.971069	33.147926	-49.999302	1100000	-2.4835268e-08	114.12258	-0.0073818997	-34.181133	0.3331292	0.015492637	0.07030704	7.0	2568.8151631355286
110	60.757404	29.758574	88.3	-6.6666665	510.8889	6.051511	13.336641	38.395573	-72.341095	1110000	5.0912302e-08	80.638405	-0.0063142013	-23.067093	0.33424267	0.015509498	0.06190619	9.0	2590.7962136268616
111	68.600006	20.62256	97.0	7.0	508.3889	7.2950063	11.805571	35.58977	-58.246574	1120000	0.0	57.55666	-0.00908336	-17.228508	0.3440965	0.01575382	0.07710771	11.0	2613.4354333877563
112	61.181477	31.006777	89.2	-6.6666665	533.6111	8.685667	11.399177	40.73427	-60.99144	1130000	-1.8626451e-09	98.65958	-0.010117558	-31.441652	0.3414873	0.016041718	0.073407345	11.0	2636.4394297599792
113	54.316666	38.454556	94.0	-33.333332	531.8333	5.7361307	12.036713	31.947697	-59.224888	1140000	-4.346172e-09	103.36158	-0.007375821	-23.431915	0.3308307	0.0154708065	0.0690069	9.0	2660.435720205307
114	63.196297	30.121677	94.0	-26.666666	512.6667	6.568227	11.336854	39.614864	-53.67595	1150000	9.623666e-09	99.288536	-0.009445505	-31.075087	0.33799723	0.016379492	0.07420742	9.0	2683.0127675533295
115	57.42456	32.76899	91.9	-33.333332	497.3684	7.22332	12.114705	32.119022	-65.25921	1160000	-7.450581e-09	73.15375	-0.008112809	-20.523827	0.33300617	0.015828708	0.07360736	11.0	2706.608983039856
116	57.56296	36.662415	100.0	-33.333332	517.2222	6.872024	12.130017	33.1937	-56.86379	1170000	-4.967054e-09	89.955956	-0.0079191895	-22.30015	0.33667302	0.016139908	0.06480648	8.0	2730.6789100170135
117	63.26667	28.362162	97.0	-20.0	511.16666	6.5482616	11.544507	35.115673	-56.233734	1180000	4.967054e-09	71.18356	-0.007599101	-20.76272	0.34371224	0.016940124	0.0830083	8.0	2753.894996404648
118	63.15741	26.00206	91.9	-6.6666665	518.3889	7.1278677	11.896215	36.798977	-57.17362	1190000	-1.6142925e-08	51.024536	-0.008995163	-13.194018	0.33771905	0.01593815	0.08190819	11.0	2779.038576602936
119	48.06167	46.381268	92.8	-73.333336	484.2	7.3568673	11.592128	37.10533	-61.504704	1200000	-4.967054e-09	122.51383	-0.010822203	-34.380222	0.34827706	0.015384802	0.08690869	11.0	2802.3967111110687
120	57.87778	34.5804	92.8	-20.0	503.8889	6.151186	12.909859	33.380947	-63.918987	1210000	-2.173086e-09	64.20623	-0.00777947	-18.334967	0.34470332	0.015681174	0.073307335	9.0	2824.379502773285
121	70.28703	23.276493	91.0	-13.333333	509.1111	7.8334875	12.109965	36.244038	-53.6877	1220000	3.1044087e-10	90.5198	-0.009578618	-34.56419	0.3478129	0.016185032	0.080308035	12.0	2846.52086520195
122	57.500008	37.61471	91.0	-33.333332	494.0	7.373959	12.2472105	33.053787	-60.894966	1230000	4.967054e-09	77.72325	-0.00874088	-18.57147	0.35919738	0.015346802	0.07080708	7.0	2870.3025407791138
123	63.287033	31.258976	100.0	-20.0	511.66666	7.839718	12.124104	33.605766	-57.638317	1240000	-1.4901161e-08	73.84585	-0.0071588703	-16.314287	0.36406812	0.015913375	0.07110711	9.0	2892.5566906929016
124	59.166668	37.280476	90.1	-33.333332	514.2222	6.894868	12.548654	32.29148	-64.15359	1250000	-2.483527e-09	59.793575	-0.009482686	-14.249585	0.3478485	0.015343945	0.082008205	16.0	2916.3072226047516
125	59.807407	30.566912	91.9	-13.333333	509.66666	7.1209054	12.270348	36.284252	-53.040432	1260000	-9.934108e-09	78.868225	-0.008332246	-20.93899	0.3550199	0.016364766	0.06630663	7.0	2939.352266073227
126	59.6	41.211815	100.0	-53.333332	473.9	7.2045674	10.919937	34.072342	-56.611744	1270000	-1.2417634e-08	108.71578	-0.0093649905	-25.69494	0.3547889	0.015327145	0.07530753	11.0	2962.4857335090637
127	55.77059	32.606747	94.6	-13.333333	545.5294	8.421873	10.944279	36.80036	-51.980675	1280000	2.0178655e-08	89.94226	-0.012421109	-30.776886	0.3438195	0.015226384	0.08210821	23.0	2984.750917196274
128	56.05185	33.968193	100.0	-13.333333	514.2222	6.572238	13.049123	32.567356	-62.39987	1290000	-4.5013926e-09	66.200966	-0.009143817	-11.530614	0.36278856	0.015797446	0.07640764	14.0	3007.693514585495
129	66.51052	33.10434	100.0	-26.666666	502.05264	6.526705	12.356223	36.99788	-62.00086	1300000	-4.967054e-09	80.256966	-0.007725174	-30.57424	0.35868454	0.016319761	0.06440645	9.0	3031.93652510643
130	62.561115	28.86873	94.0	-13.333333	513.44446	8.529975	11.034748	36.547005	-50.85926	1310000	8.692344e-09	71.067375	-0.008422313	-14.281699	0.34970093	0.01609	0.07840785	11.0	3054.0139083862305
131	65.59824	31.687368	100.0	-26.666666	494.26315	7.534803	11.151588	32.585896	-59.32374	1320000	1.7384687e-08	69.595825	-0.008609271	-17.696636	0.3594339	0.015647562	0.075307526	10.0	3078.2522394657135
132	57.93704	31.605337	100.0	-13.333333	531.1667	8.752227	11.116573	36.506382	-48.98804	1330000	0.0	67.83714	-0.008074502	-21.789083	0.345718	0.015029865	0.06440645	9.0	3101.350184202194
133	57.81111	31.515285	100.0	-20.0	512.0	6.9849257	12.049245	32.107105	-50.391293	1340000	4.967054e-09	71.7208	-0.009306004	-13.245324	0.35461593	0.015316908	0.09540954	12.0	3123.7323937416077
134	66.76667	20.877872	91.9	7.0	523.1111	7.3522944	11.607456	34.30977	-49.782173	1350000	2.4214387e-08	58.318005	-0.007105643	-17.120577	0.35854542	0.01584073	0.06230623	7.0	3146.203659057617
135	65.683334	25.963655	100.0	1.0	506.66666	7.969924	11.29794	35.947784	-57.04457	1360000	1.7384687e-08	66.381065	-0.010076684	-13.811469	0.353588	0.015986744	0.07480748	12.0	3169.5522537231445
136	48.674072	34.964214	93.7	-26.666666	527.2778	7.9404593	11.87743	35.23298	-53.84225	1370000	-1.2417634e-08	114.02652	-0.009329997	-35.473354	0.35207358	0.015462011	0.08170817	9.0	3194.074083328247
137	61.124077	32.802715	100.0	-13.333333	526.2778	6.3801045	11.595242	35.23998	-53.949963	1380000	1.3038516e-08	88.94388	-0.008715846	-29.371918	0.35347033	0.0152733065	0.07810781	9.0	3217.388080596924
138	70.899994	21.775215	97.0	16.0	506.6111	6.841013	11.715655	33.941143	-54.75366	1390000	-2.483527e-09	66.65484	-0.007720957	-27.526236	0.35253572	0.015737794	0.07220722	7.0	3239.418921470642
139	48.542595	36.015507	91.0	-13.333333	530.2222	8.618194	11.369796	35.01127	-53.626614	1400000	2.483527e-09	111.54952	-0.009514056	-47.395615	0.35255668	0.015011646	0.08140814	17.0	3265.3812351226807
140	58.662964	35.842396	94.0	-26.666666	519.8333	6.0544963	12.245282	35.502197	-51.099876	1410000	-1.4901161e-08	57.874035	-0.011848636	-15.842594	0.35841358	0.015005306	0.081308134	20.0	3287.2034616470337
141	64.59815	28.0127	87.4	-6.6666665	523.3333	7.2082853	12.48411	34.04097	-52.02524	1420000	-7.450581e-09	57.04916	-0.008684206	-17.169785	0.3627642	0.016188806	0.06510651	9.0	3310.18244433403
142	58.501846	33.15594	93.7	-13.333333	528.94446	8.394719	11.74047	36.646893	-52.999664	1430000	2.3593506e-08	64.336266	-0.0078064245	-14.3799925	0.357523	0.016189104	0.07310731	10.0	3332.809425354004
143	57.98597	40.090443	97.0	-53.333332	481.10526	7.351932	11.399269	33.797672	-57.296772	1440000	-1.6142925e-08	90.16949	-0.0075539798	-25.649506	0.36018077	0.017102024	0.07310731	8.0	3355.9431924819946
144	63.350002	26.761213	100.0	1.0	529.44446	8.089112	10.652504	35.260292	-53.118877	1450000	4.346172e-09	69.42178	-0.011729822	-18.786102	0.36324608	0.015278026	0.08930894	10.0	3378.8169231414795
145	60.57544	38.153202	100.0	-53.333332	489.3684	7.273128	10.302927	31.951488	-53.346203	1460000	-1.0554989e-08	124.255165	-0.008733888	-35.9372	0.3547652	0.015107095	0.070707075	9.0	3401.0052263736725
146	69.166664	17.323555	100.0	34.0	509.33334	7.9516516	9.723324	32.948345	-53.024014	1470000	-2.483527e-09	64.3358	-0.008168423	-20.024649	0.3504498	0.015606273	0.06780678	8.0	3423.0156664848328
147	58.01111	29.588211	100.0	-13.333333	530.94446	8.00117	10.217301	31.756178	-43.8453	1480000	6.208817e-09	90.98816	-0.010758446	-27.303934	0.34850696	0.015379614	0.08480849	17.0	3447.8012301921844
148	57.144444	31.506514	91.0	-13.333333	540.2222	6.6226535	11.300497	33.729427	-47.303715	1490000	2.0421188e-08	67.298096	-0.010565993	-20.234367	0.34409714	0.015237585	0.078007795	12.0	3473.225789308548
149	60.66842	31.508976	100.0	-33.333332	498.4737	6.676785	12.088918	36.363968	-58.116055	1500000	-1.086543e-08	70.103065	-0.010253915	-23.628809	0.34978235	0.015172325	0.06650665	11.0	3495.8908684253693
150	53.37895	41.00583	100.0	-40.0	506.89474	7.5127997	12.415332	35.670124	-55.54912	1510000	1.8626451e-08	113.94577	-0.008663134	-42.924892	0.34364495	0.01603002	0.078007795	10.0	3521.971895456314
151	51.49825	40.05971	100.0	-26.666666	500.42105	5.7545023	12.918894	33.872295	-53.243534	1520000	1.47459405e-08	88.908104	-0.009946588	-30.225828	0.34466228	0.016035484	0.062306236	11.0	3546.045341014862
152	58.783333	34.88194	97.0	-26.666666	528.6667	5.5731144	13.688853	37.765762	-69.60595	1530000	1.8626451e-08	80.94057	-0.008586933	-21.450788	0.34213212	0.015827559	0.07450745	9.0	3569.866863489151
153	65.97894	35.144646	100.0	-40.0	502.10526	6.493366	12.175303	36.757374	-59.433548	1540000	-1.9868216e-08	84.603516	-0.007090185	-36.693493	0.34091568	0.015823126	0.05450545	6.0	3595.208930492401
154	57.305267	36.137745	94.0	-40.0	504.21054	7.7596374	12.155909	35.81505	-51.698784	1550000	-2.483527e-09	96.72454	-0.009092419	-27.621016	0.34228957	0.015872063	0.08320832	12.0	3618.368090391159
155	52.733334	37.26705	86.5	-26.666666	489.94736	6.862943	13.874398	37.581104	-55.13167	1560000	-1.4901161e-08	81.92495	-0.015100639	-26.010122	0.35079375	0.015199761	0.10311031	26.0	3643.917946577072
156	66.843864	38.510773	100.0	-46.666668	494.8421	6.4042964	12.841096	39.749844	-62.801502	1570000	-2.7318796e-08	100.31244	-0.009728977	-45.74425	0.35869357	0.015352704	0.07220722	9.0	3667.2798504829407
157	60.98148	28.867851	95.5	-6.6666665	527.6667	7.329643	13.072997	33.559303	-55.345974	1580000	-2.2972623e-08	76.83837	-0.0115726935	-27.115957	0.35769057	0.015369023	0.08530853	16.0	3691.2018270492554
158	57.257896	37.279663	97.0	-46.666668	493.3158	6.1528387	12.498903	40.139526	-50.627792	1590000	-1.4280279e-08	77.2085	-0.0096922135	-17.372473	0.35042444	0.016302414	0.058205824	9.0	3715.435366868973
159	52.64737	40.09726	91.0	-46.666668	495.26315	6.2857103	13.399731	42.44624	-55.773552	1600000	-7.450581e-09	97.251	-0.0077920067	-24.063395	0.3522707	0.015311413	0.07370737	10.0	3738.5856318473816
160	61.587036	25.114328	100.0	-13.333333	512.6111	6.167194	13.175486	31.513346	-57.41185	1610000	-2.483527e-09	79.87202	-0.009753205	-23.435873	0.35587144	0.015500478	0.07770777	12.0	3761.3240399360657
161	53.35965	38.052807	85.6	-46.666668	501.94736	6.9682384	12.017077	34.81222	-59.53696	1620000	-6.208817e-09	89.20068	-0.009708862	-19.216734	0.35049215	0.015845012	0.080008	13.0	3785.45769405365
162	68.60741	25.907795	100.0	-6.6666665	497.44446	6.263314	12.976965	32.95228	-63.19318	1630000	9.934108e-09	88.26111	-0.008782702	-28.576345	0.36247012	0.015681528	0.07220722	8.0	3807.026631593704
163	71.50741	23.480436	100.0	-6.6666665	501.0	8.951536	11.398447	37.32188	-57.98643	1640000	7.450581e-09	72.49651	-0.006780203	-18.940083	0.3518304	0.017410414	0.059105914	8.0	3828.615964412689
164	56.903923	33.696014	91.9	-20.0	523.1177	8.680525	10.593162	34.517815	-40.215843	1650000	8.925174e-09	107.717896	-0.010581181	-42.32195	0.34071502	0.015850013	0.08240824	15.0	3849.8926498889923
165	60.75556	32.43254	90.1	-6.6666665	502.22223	6.4997034	12.2535305	29.56085	-48.549175	1660000	-1.6996637e-08	81.91303	-0.00842061	-18.523449	0.35964963	0.016336324	0.07560756	11.0	3872.602175474167
166	55.394444	32.617302	87.4	-20.0	533.2222	7.764163	12.276119	33.51474	-53.500267	1670000	-6.519258e-09	61.75949	-0.007818316	-13.678357	0.35577464	0.0154106915	0.062006205	9.0	3896.522563457489
167	49.747623	46.110355	85.0	-53.333332	457.14285	5.707689	12.141174	31.180643	-51.36329	1680000	-1.7384687e-08	160.91356	-0.008796026	-63.643005	0.3598956	0.015248555	0.06410641	10.0	3921.3305280208588
168	59.30392	30.808825	91.0	-6.6666665	539.41174	7.3405366	11.600601	33.281883	-50.72509	1690000	2.483527e-09	80.42016	-0.00889592	-33.032345	0.34631255	0.015600466	0.07650765	11.0	3943.0258786678314
169	62.792595	28.825563	91.0	-33.333332	497.22223	5.814619	12.967264	32.473843	-54.711624	1700000	3.259629e-09	71.605675	-0.009921531	-15.66381	0.3593762	0.01502784	0.08260826	11.0	3965.815089225769
170	60.09298	33.694294	91.0	-40.0	497.10526	7.133353	11.884367	35.794586	-54.506992	1710000	1.6142925e-08	85.82306	-0.009806101	-21.025923	0.34880844	0.015285942	0.06950695	12.0	3988.709268808365
171	59.960003	41.033115	92.8	-40.0	469.2	7.5890484	11.546218	34.76083	-57.760624	1720000	-1.2417634e-08	84.005005	-0.010549553	-25.601425	0.34804007	0.015357251	0.07300731	10.0	4010.549869775772
172	50.591667	43.54088	100.0	-46.666668	486.95	7.254486	12.237784	35.763958	-66.26012	1730000	-1.4901161e-08	101.39262	-0.011963781	-25.013197	0.34683707	0.015371613	0.08160817	13.0	4033.87003493309
173	61.17037	29.369373	100.0	-13.333333	496.44446	5.0861864	14.46365	39.862576	-62.488106	1740000	2.4835268e-08	86.02817	-0.0086904755	-32.763943	0.3543545	0.015160237	0.07640764	9.0	4056.800395965576
174	61.18333	29.781057	100.0	1.0	506.72223	7.135908	11.878474	36.859516	-54.137432	1750000	4.967054e-09	68.78748	-0.00918528	-20.317133	0.3531345	0.01589057	0.06680668	7.0	4079.223853111267
175	60.41053	39.067844	100.0	-53.333332	479.1579	7.3146396	12.07394	37.16794	-51.954643	1760000	1.6142925e-08	71.37125	-0.011606782	-20.201921	0.37089145	0.01545655	0.09390939	12.0	4101.649629116058
176	50.98889	37.8504	100.0	-53.333332	523.2222	8.045746	11.381596	35.670517	-48.530193	1770000	6.208817e-09	108.534096	-0.013516094	-37.700733	0.3574607	0.015184646	0.09360936	22.0	4123.731145143509
177	65.02963	29.90303	100.0	-26.666666	505.6111	5.708479	12.796052	33.674206	-56.77807	1780000	7.450581e-09	75.564995	-0.009133151	-22.414816	0.36096868	0.015545485	0.07110711	8.0	4145.86036157608
178	51.32807	45.69413	91.0	-86.666664	472.78946	7.4014716	11.653376	32.409054	-52.860687	1790000	-6.519258e-09	119.09302	-0.010822464	-39.327194	0.34255853	0.015423509	0.0850085	14.0	4168.494619131088
179	57.33158	29.719463	100.0	-13.333333	486.78946	6.0934305	11.743968	38.088505	-53.094944	1800000	-1.3659398e-08	89.957794	-0.009598826	-29.98333	0.35800624	0.015821716	0.082108214	8.0	4192.52136182785
180	48.579628	41.751183	90.1	-46.666668	524.44446	6.468789	12.24825	32.527164	-50.68031	1810000	1.6142925e-08	88.44309	-0.009181504	-17.995258	0.3517426	0.0152189275	0.08680868	12.0	4214.749619960785
181	58.464817	30.455229	100.0	-6.6666665	516.05554	5.761057	12.151255	35.841103	-58.542553	1820000	-2.483527e-09	69.22291	-0.013548751	-16.42214	0.35298777	0.015066375	0.085808575	22.0	4236.085634469986
182	58.62222	35.305748	100.0	-6.6666665	524.2778	6.812357	12.428196	34.811417	-48.54242	1830000	-7.450581e-09	82.792175	-0.0087525435	-16.130564	0.35397634	0.015630765	0.082008205	13.0	4261.498826980591
183	64.08148	31.474712	94.0	-6.6666665	525.2222	6.2727065	12.76986	37.23369	-55.871567	1840000	0.0	63.601803	-0.0061577167	-11.635513	0.3484979	0.015287911	0.053705376	9.0	4285.345216989517
184	56.338596	43.118774	95.5	-66.666664	474.6842	6.7683344	12.650905	37.374268	-54.315308	1850000	4.967054e-09	104.87649	-0.011776753	-27.736053	0.3506302	0.015170901	0.09230924	15.0	4308.785768508911
185	55.26491	45.254375	97.0	-66.666664	478.3684	5.7394753	13.3081	33.82746	-51.303303	1860000	-8.692344e-09	122.10049	-0.011115268	-35.58365	0.36376676	0.01575317	0.0720072	13.0	4331.047555208206
186	46.9037	40.337715	88.0	-40.0	515.44446	6.142234	12.830249	41.435314	-48.143063	1870000	2.3903945e-08	90.43339	-0.010233127	-22.046911	0.35683033	0.01670167	0.07490749	10.0	4354.546331644058
187	57.551853	32.67281	91.9	-13.333333	513.6111	6.3375854	11.082718	34.227604	-43.875607	1880000	-4.346172e-09	92.377686	-0.006800649	-16.423128	0.34413967	0.016333364	0.07290729	9.0	4376.90040230751
188	45.219296	42.728905	90.1	-46.666668	501.21054	5.8170295	12.480816	35.098305	-50.946167	1890000	-4.967054e-09	116.197754	-0.0074103177	-24.705038	0.34881878	0.01582467	0.06560656	8.0	4401.374383211136
189	55.31111	37.11245	100.0	-13.333333	532.7778	4.8733997	12.935605	39.376213	-61.25401	1900000	-1.8626451e-09	83.606514	-0.0072801695	-21.815088	0.3357922	0.01595716	0.06170617	13.0	4424.8976991176605
190	53.57647	33.97562	90.1	-6.6666665	555.94116	6.6719112	11.580625	33.202488	-49.577663	1910000	9.934108e-09	76.86096	-0.010070036	-21.363113	0.33988562	0.015467149	0.07910791	13.0	4447.263831138611
191	57.440742	32.481533	94.0	-13.333333	536.05554	6.1996794	12.538594	34.221745	-55.1315	1920000	1.1796753e-08	76.82068	-0.007727551	-14.376411	0.35441637	0.016023817	0.06620662	8.0	4471.109149456024
192	51.54815	26.009144	83.8	-6.6666665	529.6667	6.870264	11.642937	37.994545	-47.24278	1930000	-1.6298145e-08	64.15943	-0.008440906	-16.479353	0.35361814	0.015889494	0.07310731	10.0	4494.246301651001
193	47.75	47.248703	100.0	-86.666664	474.2	4.9996405	13.465732	35.228218	-54.2175	1940000	-3.1044085e-09	120.60737	-0.008157266	-36.224552	0.3719478	0.01597979	0.074207425	9.0	4518.318372011185
194	60.374077	33.92263	89.2	-20.0	525.6111	5.957589	11.527031	33.409637	-41.016514	1950000	3.1044085e-09	81.7659	-0.009337793	-15.948539	0.35090134	0.01569788	0.085808575	13.0	4541.432852745056
195	61.414814	30.637575	97.0	-6.6666665	527.94446	6.7332816	11.175601	31.74275	-41.73717	1960000	-2.9802322e-08	64.66961	-0.009752359	-16.635492	0.34759212	0.01559893	0.06690669	13.0	4564.454370498657
196	58.135414	32.98227	100.0	-13.333333	578.3125	8.113966	9.784777	34.47793	-48.19826	1970000	2.483527e-09	91.63915	-0.007532054	-22.331863	0.3532754	0.016822556	0.06360636	9.0	4586.879095554352
197	49.02037	41.015614	94.0	-40.0	506.27777	6.805151	11.1675415	32.26119	-46.34283	1980000	6.6744783e-09	104.45344	-0.009415713	-30.500608	0.35818473	0.015113033	0.07290729	10.0	4607.881939411163
198	63.990738	27.28199	100.0	-6.6666665	538.94446	5.5935287	11.538451	30.520947	-44.286564	1990000	-9.934108e-09	83.15831	-0.0065782256	-29.379005	0.35442793	0.016614458	0.0730073	7.0	4632.090090036392
199	61.689472	41.912514	100.0	-53.333332	486.21054	7.7626333	11.141917	36.4471	-57.53198	2000000	-1.8626451e-08	108.64243	-0.0077711716	-30.094711	0.35778472	0.015933739	0.063906394	7.0	4655.937654972076
200	56.27037	38.753536	100.0	-26.666666	519.94446	7.169409	12.03051	34.521805	-47.322754	2010000	-1.3659398e-08	91.5626	-0.010755636	-30.082016	0.35229778	0.015050922	0.080708064	18.0	4679.464190721512
201	53.34561	45.489155	100.0	-60.0	492.78946	6.1832356	12.734412	34.93806	-48.372845	2020000	9.934108e-09	124.53638	-0.007796345	-31.260614	0.36104274	0.01543887	0.06510651	10.0	4703.260511159897
202	55.564816	39.992813	100.0	-26.666666	522.55554	5.971365	12.4694805	31.792885	-46.611958	2030000	-6.208817e-09	112.10156	-0.008792558	-17.90738	0.36331716	0.01568524	0.06830683	8.0	4727.421499490738
203	46.30667	52.06582	94.0	-93.333336	468.85	6.2113204	11.32483	35.678497	-53.376858	2040000	7.450581e-09	145.5238	-0.0076794797	-34.435062	0.3663461	0.015342697	0.06870687	7.0	4753.956886291504
204	58.85439	38.663116	97.0	-53.333332	499.05264	6.424897	10.349436	31.788868	-46.007435	2050000	-7.450581e-09	98.69922	-0.010274836	-25.306787	0.36953935	0.01576526	0.08190819	11.0	4777.539237976074
205	62.598145	31.403885	97.0	-6.6666665	525.1111	7.6166058	10.495977	34.43724	-45.285233	2060000	-4.346172e-09	80.6444	-0.009657476	-22.059446	0.36983165	0.01561354	0.07120712	9.0	4799.996514081955
206	56.570587	36.094074	97.0	-20.0	551.17645	8.060648	11.032336	33.996193	-45.189785	2070000	-1.6142925e-08	97.16578	-0.013851256	-30.460546	0.35930538	0.015185473	0.10121012	27.0	4823.286608695984
207	68.65	30.631561	100.0	-20.0	526.7222	6.751546	12.358142	34.135193	-62.929657	2080000	-1.21071935e-08	64.76828	-0.008031066	-19.703424	0.36384106	0.015312652	0.060906094	8.0	4846.364956140518
208	55.227776	31.530815	91.0	-13.333333	538.94446	7.4280863	11.494707	35.110966	-52.366955	2090000	-3.1044085e-09	72.53565	-0.0076000355	-17.927645	0.36900163	0.017041799	0.07850785	9.0	4870.8049874305725
209	68.183334	23.482222	100.0	7.0	510.44446	6.719335	11.726435	34.08451	-44.352333	2100000	-4.967054e-09	67.96338	-0.00897483	-27.226862	0.3701687	0.015795354	0.09030903	11.0	4892.963349580765
210	59.885185	32.731014	91.0	-13.333333	518.94446	7.9135175	12.255099	37.745907	-51.656216	2110000	1.831601e-08	87.82543	-0.014461652	-28.999039	0.37266693	0.01510376	0.09630963	34.0	4916.059786558151
211	54.217644	32.541782	91.9	-13.333333	573.05884	7.405108	11.555552	32.303017	-57.705498	2120000	1.8238401e-09	105.13822	-0.0069169407	-38.50588	0.3623005	0.01603312	0.06950695	9.0	4939.690439462662
212	50.790195	32.5697	88.3	-20.0	547.8823	7.060697	10.749856	32.682655	-41.79932	2130000	-7.761021e-09	84.987724	-0.00968809	-21.0807	0.37988082	0.015892485	0.06630663	12.0	4963.387069940567
213	65.46296	34.98482	100.0	-33.333332	502.77777	5.6869574	11.522085	33.652515	-48.604702	2140000	-7.450581e-09	92.09308	-0.010812967	-23.80453	0.3872951	0.015838016	0.08520853	13.0	4986.890469551086
214	64.32106	33.44559	100.0	-6.6666665	500.21054	7.983042	11.876019	35.763885	-59.428402	2150000	-1.7384687e-08	73.72037	-0.010072998	-14.005342	0.39219534	0.0160686	0.092409246	13.0	5010.275500059128
215	59.601852	33.26924	94.0	-13.333333	513.3889	7.3545513	12.193419	37.81666	-48.555004	2160000	6.208817e-09	64.85753	-0.008906185	-18.465078	0.38129973	0.015129409	0.09330932	11.0	5033.349247217178
216	58.63333	33.706	97.0	-6.6666665	555.4706	7.5972	11.260852	35.360165	-54.859894	2170000	-9.934108e-09	85.19144	-0.009278162	-18.941338	0.3784161	0.015047972	0.079507954	11.0	5055.960812568665
217	58.37544	39.100204	100.0	-46.666668	502.6842	7.9363246	10.916545	33.723766	-61.940502	2180000	5.5879354e-09	117.125786	-0.008178033	-27.579569	0.3774329	0.016136961	0.070307024	9.0	5079.315936326981
218	64.63333	23.659435	100.0	10.0	529.2778	6.641648	11.200302	32.774536	-60.38335	2190000	4.967054e-09	66.48967	-0.009206931	-18.456997	0.38903573	0.016033283	0.08320832	12.0	5102.447470664978
219	64.39444	29.9334	100.0	-13.333333	514.3333	7.600529	12.027313	33.325527	-60.637455	2200000	-7.450581e-09	73.89098	-0.008212969	-19.857126	0.37979767	0.015616502	0.08330833	11.0	5125.832960128784
220	65.88667	32.154667	97.0	-33.333332	474.45	7.6270165	11.338808	34.357975	-55.739574	2210000	0.0	102.54429	-0.009906129	-34.77156	0.3915757	0.015446571	0.08080808	10.0	5151.214042901993
221	62.64074	32.510223	100.0	-20.0	513.3889	9.507884	9.556097	32.624657	-45.413395	2220000	0.0	82.62136	-0.00632846	-21.450842	0.38041794	0.015084938	0.052305233	6.0	5172.74655008316
222	52.780704	46.44582	100.0	-60.0	502.6316	7.4775925	10.291799	35.30142	-45.302326	2230000	9.934108e-09	131.11208	-0.012219959	-29.754034	0.38434803	0.015089158	0.07880788	18.0	5195.359576225281
223	53.43889	45.861984	94.0	-73.333336	511.44446	7.3026385	10.507028	34.526825	-44.80302	2240000	-6.208817e-09	129.3148	-0.009384084	-48.092167	0.37542602	0.0153765185	0.09610961	11.0	5218.557384252548
224	63.70371	31.65832	100.0	-20.0	497.0	6.398883	12.364946	32.691452	-70.734856	2250000	7.450581e-09	89.970955	-0.010564174	-26.086096	0.381402	0.0155029325	0.07190719	13.0	5242.27823638916
225	59.918518	35.45536	94.0	-13.333333	513.2222	7.418468	12.110674	35.185905	-58.324604	2260000	2.6077032e-08	69.2154	-0.010276609	-13.23455	0.3759099	0.01531661	0.08160816	13.0	5264.937789440155
226	55.319298	40.919464	91.9	-53.333332	502.4737	6.641184	11.9723	32.51143	-51.457676	2270000	1.1874363e-08	76.43412	-0.0090323435	-19.893911	0.38705143	0.015670007	0.06470647	8.0	5290.1463413238525
227	58.86111	36.90455	88.3	-20.0	512.6667	6.565508	12.390184	37.74698	-54.87646	2280000	1.4901161e-08	69.97487	-0.009245653	-14.094131	0.3810687	0.015701381	0.08620862	13.0	5315.751037359238
228	40.46111	48.206486	90.1	-66.666664	497.94446	6.7605157	12.2739105	34.680515	-53.301014	2290000	1.4901161e-08	147.62617	-0.008367826	-37.953392	0.388532	0.0154043855	0.068206824	10.0	5338.852581977844
229	69.049995	27.998793	100.0	-20.0	521.3889	5.4328814	11.688262	33.919228	-48.064827	2300000	-7.450581e-09	81.915726	-0.008579205	-33.45058	0.36933637	0.016678058	0.06710672	8.0	5361.041563987732
230	56.981487	33.42057	91.0	-20.0	510.33334	7.580596	11.745476	32.633163	-50.00406	2310000	1.435789e-08	71.15151	-0.008258578	-18.759125	0.3863844	0.016210778	0.068906896	8.0	5383.641894340515
231	58.585968	37.32997	94.0	-46.666668	491.89474	7.276188	10.990403	30.766508	-57.530624	2320000	-9.740082e-09	103.7085	-0.008376066	-26.423452	0.38520274	0.015286922	0.06610661	9.0	5407.752739429474
232	51.156864	34.602497	94.0	-20.0	540.5294	6.8140206	12.435533	32.323948	-64.210915	2330000	7.450581e-09	73.50951	-0.0069232266	-17.554567	0.37712348	0.016236948	0.07460746	10.0	5430.689260482788
233	57.34074	41.63185	97.0	-33.333332	525.8889	5.615539	11.894923	31.043123	-56.176735	2340000	-6.829699e-09	97.60098	-0.009817242	-25.908747	0.36375734	0.015473095	0.08240824	15.0	5452.589884281158
234	53.523335	49.65078	97.0	-53.333332	466.1	6.217735	11.961668	30.051668	-50.572628	2350000	1.2417634e-08	131.93501	-0.009346306	-36.844135	0.37344345	0.015610547	0.07990799	12.0	5477.429084777832
235	61.93518	34.235252	95.5	-13.333333	507.22223	6.5279393	12.653469	33.6284	-55.49001	2360000	-1.9247333e-08	90.00431	-0.008114617	-24.788046	0.37276888	0.015931629	0.07210721	9.0	5500.46350812912
236	51.689472	47.771503	94.6	-60.0	474.3158	6.6016517	12.095905	38.39952	-49.706703	2370000	0.0	98.893715	-0.008625444	-24.181787	0.36528218	0.015668675	0.071607165	10.0	5522.090096473694
237	54.92167	43.056145	100.0	-26.666666	487.5	5.577381	12.453743	34.87378	-53.621056	2380000	1.8946594e-08	91.36849	-0.009154744	-21.268763	0.39251623	0.016109342	0.05680568	8.0	5548.083775043488
238	66.88333	28.110165	91.0	-20.0	520.3889	6.6343093	12.123039	32.67584	-49.325016	2390000	-2.4835268e-08	71.16451	-0.008222087	-21.85148	0.37044036	0.015509874	0.07140714	8.0	5572.584493160248
239	66.42037	29.297674	97.0	-13.333333	502.44446	7.723924	11.381656	33.24494	-41.20955	2400000	-2.7163575e-08	63.344196	-0.010077491	-19.350357	0.37114677	0.0151295895	0.083108306	11.0	5595.9708733558655
240	50.780006	44.47396	97.3	-53.333332	469.45	7.084212	12.640724	33.00714	-51.339085	2410000	-2.483527e-09	109.14205	-0.008155453	-24.0771	0.3742861	0.015713269	0.084608465	12.0	5619.127988815308
241	60.901848	35.152206	97.0	-13.333333	507.44446	6.851803	11.872098	33.323776	-44.393726	2420000	0.0	97.91187	-0.0076803393	-25.955147	0.363861	0.016321337	0.06690669	9.0	5640.724654912949
242	53.42457	47.825066	100.0	-93.333336	494.57895	6.8665614	12.52951	34.15064	-63.41781	2430000	-1.9868216e-08	109.33193	-0.009261909	-18.294477	0.35471335	0.016193409	0.0670067	10.0	5666.349647521973
243	49.108776	42.224476	88.3	-46.666668	507.94736	6.609576	11.606949	35.082924	-54.16251	2440000	-1.3038516e-08	94.67084	-0.008290238	-38.017456	0.35506403	0.015793232	0.0789079	9.0	5689.866739034653
244	55.72632	39.16134	91.0	-40.0	492.42105	5.494269	10.544627	31.5335	-42.565872	2450000	-4.967054e-09	117.11698	-0.007208083	-40.94538	0.35159007	0.015035997	0.06330633	8.0	5713.425249099731
245	60.848145	34.818527	91.0	-20.0	501.22223	6.6845427	12.160994	33.512466	-46.30234	2460000	6.208817e-09	88.228065	-0.009529684	-23.913902	0.36083403	0.015783029	0.086408645	12.0	5737.144308805466
246	58.23158	42.377445	94.0	-60.0	488.89474	6.9614115	11.165819	33.446583	-38.507	2470000	7.450581e-09	102.62873	-0.0095561175	-28.506613	0.35416803	0.015859395	0.07220722	12.0	5760.397812128067
247	42.58095	46.554462	91.0	-46.666668	464.57144	6.5599217	11.613556	33.18349	-43.720627	2480000	-7.450581e-09	109.66571	-0.009659094	-26.143282	0.36306205	0.015591624	0.07360736	14.0	5784.463498353958
248	51.596832	45.118877	100.0	-46.666668	468.1905	4.8104367	12.453051	32.73601	-44.392223	2490000	-6.208817e-09	94.37841	-0.012523736	-20.057522	0.36645827	0.015003259	0.081108116	19.0	5808.583592414856
249	69.20741	24.814611	100.0	-6.6666665	514.1111	6.967232	11.997605	35.14361	-48.354412	2500000	-9.313226e-09	74.765526	-0.009608027	-28.860968	0.35674474	0.015720299	0.0860086	13.0	5831.9301426410675
