Epoch	AverageEpRet	StdEpRet	MaxEpRet	MinEpRet	EpLen	AverageVVals	StdVVals	MaxVVals	MinVVals	TotalEnvInteracts	LossPi	LossV	DeltaLossPi	DeltaLossV	Entropy	KL	ClipFrac	StopIter	Time
0	93.652626	5.403641	100.0	73.6	171.01755	30.74713	14.9925375	63.243942	-38.54498	10000	7.450581e-09	31.06231	-0.009372138	-6.0060287	0.37467542	0.015047595	0.06640664	6.0	31.730729579925537
1	91.23928	16.202444	100.0	-20.0	174.80357	29.948843	15.510897	62.823753	-46.726364	20000	0.0	55.214584	-0.0086762775	-19.63964	0.37700975	0.015003274	0.08150815	7.0	62.35239124298096
2	94.69666	4.064889	100.0	84.4	161.98334	31.206938	14.987924	61.30268	-22.947195	30000	-1.7384687e-08	29.853582	-0.011233688	-7.3701763	0.3785582	0.015368526	0.10281027	23.0	92.1888074874878
3	93.82857	5.365822	100.0	78.0	171.21428	31.638083	14.564147	63.137184	-4.154437	40000	-1.8626451e-08	35.981556	-0.0066572228	-6.7361426	0.37325606	0.015456427	0.0880088	9.0	122.351078748703
4	92.84562	15.6732435	100.0	-20.0	166.89473	30.606993	15.498656	62.953667	-44.281403	50000	-2.7318796e-08	35.436825	-0.007310737	-8.129713	0.38933578	0.016124329	0.08340833	8.0	150.47298073768616
5	94.52542	4.2811213	100.0	83.8	166.05084	32.139996	14.090853	59.35226	-12.044175	60000	-7.450581e-09	33.813156	-0.006882543	-9.059115	0.38785252	0.015788691	0.07590759	8.0	180.97077536582947
6	93.052635	6.318286	100.0	61.0	172.63158	30.933867	14.894478	62.852375	-42.68234	70000	-1.3892229e-08	37.980434	-0.0072711892	-8.909888	0.39215717	0.015926937	0.077807784	7.0	210.62073135375977
7	93.171425	5.7091937	100.0	70.0	172.89285	30.754452	13.9510565	61.40317	-3.7920756	80000	-3.3527613e-08	40.56426	-0.008518434	-5.7201524	0.3863797	0.015532588	0.08180818	13.0	239.46220779418945
8	94.42333	4.372656	100.0	82.0	165.9	31.22185	14.037221	62.865204	-10.271344	90000	2.4835268e-08	31.275953	-0.006971793	-6.140311	0.3789077	0.015130907	0.07270727	10.0	270.812162399292
9	93.92414	5.0016313	100.0	80.8	169.94827	31.652052	14.3866825	62.55646	-10.095696	100000	8.071463e-09	29.668	-0.010537859	-4.1836114	0.38119325	0.015283339	0.09650966	23.0	300.02614998817444
10	94.106674	4.3728657	100.0	84.0	163.3	31.93013	14.088099	62.636364	-0.815199	110000	1.2417635e-09	24.343552	-0.011270377	-2.733731	0.37858105	0.015247268	0.08330833	30.0	331.56821298599243
11	93.34334	4.8799033	100.0	79.0	163.71666	31.94581	14.549783	63.61224	-12.535985	120000	-5.5879354e-09	29.828789	-0.00773745	-4.2901134	0.38304517	0.017074622	0.064906485	8.0	360.81396555900574
12	94.11071	4.2780037	100.0	82.0	172.71428	30.981236	14.522675	63.233448	-9.149756	130000	1.2883295e-08	31.242805	-0.009709708	-4.8426127	0.38253558	0.015459246	0.09630963	14.0	391.3570981025696
13	93.88474	5.202894	100.0	74.2	166.13559	31.44123	14.231898	63.696705	-11.604589	140000	-1.0535587e-08	31.464645	-0.009522516	-4.703694	0.37513772	0.015189704	0.07730773	13.0	422.18725204467773
14	92.85714	6.199852	100.0	70.0	174.16072	31.104858	13.954235	62.95643	-20.9569	150000	7.450581e-09	40.36363	-0.009682251	-7.069023	0.38685474	0.01601994	0.086508654	12.0	451.592444896698
15	94.200005	4.694384	100.0	80.2	169.01724	30.563139	14.570796	63.24241	-10.413074	160000	-2.173086e-08	31.936356	-0.0065226927	-4.8466115	0.3780431	0.015295262	0.06350634	9.0	480.11579179763794
16	91.96429	7.385614	100.0	70.0	175.28572	30.915123	14.069126	63.1501	-13.138114	170000	-2.7212081e-08	44.061825	-0.0072097755	-8.867302	0.37791023	0.015395622	0.07310731	8.0	507.9265637397766
17	94.04912	4.9888687	100.0	73.6	170.3158	29.832434	14.448278	61.537304	-9.722858	180000	1.3969839e-09	40.850903	-0.008015165	-10.0205145	0.38080788	0.015848562	0.074207425	11.0	539.7899100780487
18	91.59649	14.533664	100.0	-10.0	173.05263	30.899914	14.256413	63.087208	-27.813763	190000	-1.7384687e-08	48.339848	-0.016212	-17.104736	0.36132565	0.015249834	0.09710971	56.0	571.0665936470032
19	93.45614	5.2618127	100.0	77.2	169.64912	30.075258	14.864147	62.28555	-24.602745	200000	1.4590721e-08	31.439524	-0.008965659	-5.9232273	0.37167272	0.015113904	0.07850785	12.0	601.3320100307465
20	92.88422	6.21599	100.0	76.6	169.89473	30.658247	14.6073885	63.063953	-9.680158	210000	-1.9868216e-08	39.328995	-0.0076417006	-6.289871	0.3588737	0.016189173	0.07230723	10.0	630.7531793117523
21	91.748276	15.806875	100.0	-20.0	169.74138	30.258602	15.340473	61.370316	-48.095455	220000	-4.346172e-09	48.537067	-0.009051495	-12.342074	0.36708203	0.016608099	0.0921092	10.0	662.7927629947662
22	92.8	6.3871584	100.0	76.0	172.54385	30.615273	14.591606	61.45085	-23.148241	230000	8.692344e-09	35.50395	-0.008206144	-7.1392083	0.37064978	0.015997913	0.09200921	8.0	692.2596316337585
23	92.70909	7.6327343	100.0	65.8	178.01819	29.913494	14.303839	59.91354	-37.243755	240000	4.0978193e-08	45.088715	-0.010786481	-9.487807	0.3637421	0.016044704	0.087408744	18.0	723.1668457984924
24	93.68421	4.888073	100.0	78.4	171.1579	29.868393	14.859097	63.20469	-5.490645	250000	3.1044085e-08	31.924088	-0.009055496	-5.7823634	0.35950366	0.0150432885	0.08250824	15.0	752.1326923370361
25	93.28773	5.724557	100.0	72.4	172.4386	30.35158	14.32119	63.54097	-3.2131352	260000	-8.071463e-09	32.471165	-0.008199956	-5.870628	0.36990526	0.016039642	0.073507346	10.0	781.6902103424072
26	93.28215	5.7277246	100.0	78.0	173.10715	30.404398	14.607934	62.109615	-6.1216927	270000	-3.3217173e-08	27.744345	-0.008485366	-5.2236047	0.3519826	0.016146896	0.09470948	12.0	812.2916634082794
27	93.76333	5.8224273	100.0	70.6	163.03334	31.137756	14.492917	62.7766	-1.7842982	280000	1.8781671e-08	27.112955	-0.0062886872	-5.646298	0.35897684	0.017579729	0.07690769	6.0	842.0130414962769
28	93.93104	5.656312	100.0	76.0	166.74138	31.70463	14.443378	62.397095	-0.9394444	290000	6.829699e-09	34.182377	-0.007071218	-5.5697765	0.3583933	0.015029336	0.06480648	11.0	874.495943069458
29	94.78388	4.51825	100.0	81.4	159.91936	32.268185	13.930749	62.996693	-13.918808	300000	-1.7384687e-08	22.114847	-0.00603619	-3.5876045	0.34730765	0.015393336	0.0660066	9.0	903.1716463565826
30	93.11072	6.1557083	100.0	72.0	172.0	31.471127	14.032003	61.53771	-18.07219	310000	-8.692344e-09	39.7886	-0.009004821	-10.955365	0.3519543	0.015427726	0.073507346	16.0	934.9860820770264
31	92.432144	8.111348	100.0	51.4	170.05357	29.899422	14.796194	63.134163	-31.972887	320000	-2.499049e-08	41.146797	-0.0095098335	-7.848826	0.34614334	0.015242673	0.08710871	12.0	963.1515209674835
32	92.77193	6.53159	100.0	70.0	171.24562	30.466345	14.203534	59.883667	-0.6712369	330000	4.967054e-09	41.673046	-0.009870801	-8.418182	0.35314834	0.015666096	0.07660766	15.0	994.1125588417053
33	94.08966	5.452133	100.0	70.0	167.0	30.728718	14.802789	62.49722	-19.080711	340000	-3.5390258e-08	30.09713	-0.007246474	-4.874516	0.35920486	0.01519289	0.07840784	12.0	1024.8133027553558
34	93.617546	4.928013	100.0	82.0	172.24562	30.805048	14.848847	62.458767	-2.9647315	350000	5.5879354e-09	32.30898	-0.007692598	-4.659535	0.3653783	0.015773157	0.0929093	8.0	1052.7987322807312
35	94.079994	5.5224633	100.0	70.0	163.36667	31.700806	14.3280945	62.714947	-23.87602	360000	7.993852e-09	31.605532	-0.007487645	-5.6359076	0.36565337	0.015589069	0.0790079	15.0	1082.6809303760529
36	93.633896	5.421008	100.0	76.6	165.49153	31.503778	14.928884	62.260216	-3.4279046	370000	-3.7252903e-09	30.863846	-0.007260824	-5.2836432	0.3627536	0.015750458	0.083708376	8.0	1113.067308664322
37	94.32459	5.134412	100.0	71.2	160.68852	31.717268	14.380268	62.537346	-17.75021	380000	3.0035153e-08	27.550331	-0.006152809	-5.6159453	0.36192736	0.016668087	0.07720772	7.0	1142.1839509010315
38	94.21968	5.3629827	100.0	72.4	162.01639	31.98668	14.527243	61.444668	-27.813295	390000	-2.5921812e-08	26.190683	-0.008386676	-3.0413027	0.3587427	0.015373369	0.09130913	15.0	1172.337435245514
39	94.47797	3.7757509	100.0	88.0	165.88136	32.282867	14.2610445	60.897057	-4.780497	400000	6.2088173e-10	26.529928	-0.010168095	-4.533193	0.36898398	0.015175375	0.071607165	21.0	1201.8864636421204
40	93.366104	6.860168	100.0	53.8	166.79662	31.109638	15.398374	63.358334	-38.769394	410000	2.9181441e-08	35.310307	-0.0074914503	-11.243576	0.36757913	0.016221741	0.07110711	12.0	1232.7336795330048
41	92.77241	7.800305	100.0	55.6	168.3793	30.975061	14.843254	62.46341	-4.4083056	420000	1.7074248e-08	26.852697	-0.009088763	-4.436325	0.35322654	0.015847294	0.08240824	15.0	1260.1048481464386
42	93.38596	6.4215493	100.0	60.4	168.98245	30.676895	14.782317	60.006393	-38.78321	430000	-1.4901161e-08	29.568155	-0.005194314	-4.7346535	0.3528749	0.015762983	0.07210721	8.0	1289.259038925171
43	93.59661	6.287625	100.0	62.2	166.9661	31.122208	14.780546	61.374004	-0.72097254	440000	2.2351742e-08	28.836702	-0.0061691613	-3.6350243	0.36106387	0.015222835	0.07040704	7.0	1322.038833618164
44	94.29153	4.7719975	100.0	74.0	166.1695	30.82381	14.937025	63.134357	-4.981604	450000	1.2417634e-08	26.990915	-0.007141153	-3.259847	0.347523	0.015953755	0.075107515	11.0	1350.8733513355255
45	93.87931	5.0416117	100.0	80.0	166.98276	31.516058	14.314487	63.967884	2.1841493	460000	-9.934108e-09	26.214918	-0.009426601	-4.8298316	0.35230374	0.015097815	0.082008205	16.0	1380.96896982193
46	93.922035	4.925343	100.0	74.0	166.47458	31.155416	15.161563	62.868427	-18.091942	470000	2.6697913e-08	30.316038	-0.008430697	-5.8115005	0.36124942	0.015463504	0.078907885	18.0	1411.0531542301178
47	93.30878	6.5928264	100.0	66.0	171.5965	30.83474	15.001972	63.64834	-3.4075046	480000	5.122274e-09	29.449976	-0.009403833	-4.5521946	0.35935596	0.0150074735	0.07380738	17.0	1441.5260031223297
48	93.86333	4.9290285	100.0	76.0	162.81667	31.180607	14.736781	62.875618	-5.0227013	490000	1.4901161e-08	26.575449	-0.006991697	-4.25321	0.3613371	0.015692955	0.07040704	10.0	1469.5141277313232
49	94.192856	4.923699	100.0	80.0	172.07143	30.909855	14.838434	62.921276	-3.7345529	500000	8.071463e-09	28.093142	-0.013187356	-3.7682152	0.3565334	0.015164274	0.10001	58.0	1501.1357293128967
50	92.891525	5.5346456	100.0	80.0	168.59322	31.334772	14.47838	63.29732	2.2684093	510000	-1.3659398e-08	28.92013	-0.008247887	-2.7819717	0.3484001	0.015893439	0.0929093	12.0	1531.431708574295
51	94.70667	3.970301	100.0	86.0	162.75	30.989128	14.846427	63.37117	-15.641604	520000	9.934108e-09	27.266634	-0.00872275	-4.716154	0.34283984	0.015049244	0.08670867	21.0	1561.5399012565613
52	92.950874	6.712678	100.0	69.4	171.52632	31.384144	14.617567	63.245613	-6.160536	530000	7.450581e-09	38.37273	-0.011661609	-9.69731	0.34732854	0.015050027	0.06550655	35.0	1594.1103932857513
53	93.44827	5.2648883	100.0	76.0	167.39655	29.889053	15.793961	62.289833	-22.104664	540000	-1.0554989e-08	30.553614	-0.0066315364	-5.227305	0.3324276	0.01606963	0.07020702	8.0	1624.5721328258514
54	93.792984	5.49283	100.0	79.0	168.77193	30.739614	14.868217	61.798992	-25.18936	550000	2.7939677e-08	30.937551	-0.007385246	-5.549193	0.323291	0.015252073	0.07810781	11.0	1655.3880906105042
55	94.06896	4.2267704	100.0	85.0	168.24138	30.968918	15.050843	62.390118	-6.3207636	560000	-2.2351742e-08	29.864655	-0.0071105375	-5.40943	0.3213806	0.016799947	0.070707075	10.0	1684.07129240036
56	93.344826	6.2003107	100.0	68.0	167.63792	30.891884	14.866823	63.092045	-5.652294	570000	-2.0489097e-08	27.503616	-0.007299077	-3.8898742	0.3191546	0.015055108	0.069806986	15.0	1713.8388204574585
57	93.058624	6.0018396	100.0	70.0	169.01724	30.803156	15.179862	63.22308	-17.52374	580000	-1.4901161e-08	37.09933	-0.007890999	-7.629661	0.32851055	0.015654165	0.07450745	13.0	1743.6397545337677
58	94.18947	4.5363903	100.0	82.0	169.61403	30.465458	15.127214	62.12524	-9.807005	590000	6.208817e-09	24.88748	-0.008499769	-4.579912	0.3095115	0.015116829	0.086408645	22.0	1773.9831948280334
59	94.13793	4.8047686	100.0	76.0	165.91379	31.055067	15.035771	63.424965	-13.253195	600000	3.4769375e-08	27.075506	-0.0067375624	-4.9245033	0.32072666	0.015678862	0.05530553	8.0	1803.482129573822
60	94.38	4.098081	100.0	87.4	162.06667	31.835577	14.614757	62.692085	-7.3185353	610000	5.5879354e-09	19.279564	-0.006364103	-1.8954529	0.3131461	0.015237812	0.076207615	14.0	1837.5366632938385
61	94.02712	4.311822	100.0	83.2	165.37288	31.767942	14.903388	63.03015	-2.8540554	620000	8.537124e-09	21.186409	-0.0072600157	-1.7898655	0.3164519	0.015517526	0.080308035	13.0	1866.4351615905762
62	93.87931	4.8292127	100.0	79.0	169.24138	31.283716	14.818386	62.346146	-4.9412317	630000	-3.1509746e-08	22.686821	-0.012023027	-2.3634536	0.30456218	0.015256432	0.08170817	47.0	1896.534708738327
63	93.655174	5.1799073	100.0	78.4	168.3793	31.054884	14.8953	62.817802	-11.810458	640000	-1.6142925e-08	26.275856	-0.010939363	-4.5547614	0.31892914	0.01503143	0.091709174	23.0	1927.453732252121
64	92.97194	6.47873	100.0	70.0	171.91228	30.49288	15.159684	63.36077	-6.785694	650000	-3.4769375e-08	30.470572	-0.011328551	-2.7844315	0.32211968	0.0151562095	0.09640964	50.0	1957.9239659309387
65	92.52143	7.7202587	100.0	56.2	174.57143	29.301607	15.603094	62.924435	-30.756523	660000	6.2088173e-10	34.000217	-0.007063828	-7.107533	0.32607934	0.015538614	0.08830883	9.0	1987.7175030708313
66	93.30878	5.344165	100.0	76.6	172.1228	30.292152	14.371838	59.16099	-10.650885	670000	4.625569e-08	32.0629	-0.01093153	-4.1101527	0.34416118	0.015160642	0.085708566	19.0	2017.4143526554108
67	90.44815	16.42112	100.0	-20.0	176.94444	29.459856	14.6199	62.770386	-27.622513	680000	-3.8494665e-08	63.769558	-0.01429141	-19.217985	0.34290087	0.0150675215	0.09730973	41.0	2049.5088250637054
68	94.21379	4.6346316	100.0	80.0	169.63792	29.664839	15.007477	61.456314	-10.120533	690000	-3.290673e-08	28.411728	-0.010428307	-6.806298	0.35566115	0.015062825	0.086608656	22.0	2079.257902622223
69	92.56611	8.223831	100.0	44.2	166.69492	30.808636	15.2265	62.678032	-32.349785	700000	-1.7074248e-08	34.28175	-0.007570226	-6.754007	0.34312972	0.016322846	0.08420842	9.0	2111.2900853157043
70	92.27458	15.445823	100.0	-20.0	166.40678	30.674614	14.876002	59.57571	-16.180183	710000	-2.9802322e-08	45.8412	-0.012420216	-17.966805	0.34161386	0.015575522	0.08460846	33.0	2142.2152206897736
71	92.86428	5.703772	100.0	72.0	170.76785	30.457188	15.115999	61.23794	-15.597968	720000	-1.3038516e-08	34.293705	-0.009918115	-5.664822	0.35241303	0.01531157	0.08420842	17.0	2172.6768596172333
72	93.94483	5.4314275	100.0	76.0	169.22414	30.484869	15.018855	63.488396	-16.864912	730000	1.7384687e-08	30.027176	-0.006436666	-4.924843	0.3467609	0.015163067	0.07550755	10.0	2203.0734889507294
73	93.22414	8.893243	100.0	35.2	169.15517	30.24654	15.589478	62.86696	-24.972654	740000	-6.208817e-09	30.591063	-0.00518656	-5.8304095	0.3375243	0.015348044	0.07280728	7.0	2233.2585010528564
74	93.55173	5.3416142	100.0	70.0	169.22414	30.866236	14.6679125	59.079502	-7.1741214	750000	1.2417635e-09	31.193796	-0.005241851	-5.5531597	0.33873367	0.015548979	0.07170717	8.0	2263.4389617443085
75	93.152725	8.457892	100.0	45.4	174.63637	30.05996	15.119084	62.93742	-18.158758	760000	1.4901161e-08	42.8337	-0.0074410797	-11.640746	0.3339814	0.01509231	0.088208824	10.0	2293.1982395648956
76	93.90346	7.021468	100.0	55.0	170.06897	30.10241	15.361441	61.81483	-18.690397	770000	3.981404e-08	32.700726	-0.00540199	-7.2724743	0.32292506	0.01579422	0.07920792	8.0	2321.7999227046967
77	92.63103	15.5171	100.0	-20.0	171.18965	30.723171	15.186927	61.979904	-43.48143	780000	-1.7384687e-08	36.924564	-0.005857359	-8.981871	0.32833245	0.015954806	0.06520652	6.0	2352.2057514190674
78	94.410164	4.182518	100.0	84.0	163.8983	31.579077	14.719973	58.969284	-19.74127	790000	-6.208817e-09	24.2128	-0.0049643293	-3.665858	0.31736678	0.01502835	0.070807084	6.0	2379.191674232483
79	93.38621	5.510349	100.0	77.8	167.1207	31.385742	15.132442	63.530987	-15.6022415	800000	-1.8626451e-08	31.496393	-0.0051530167	-5.1498	0.32912233	0.016796457	0.07550755	6.0	2410.2609310150146
80	94.170006	4.6970663	100.0	80.0	160.73334	31.998394	14.43166	63.551315	-15.850866	810000	1.0554989e-08	27.256124	-0.010121219	-6.8956513	0.32740876	0.015121083	0.07740774	39.0	2440.796641111374
81	94.45084	4.3841925	100.0	82.0	165.47458	31.370184	15.477434	63.240395	-6.362272	820000	-9.685755e-08	25.978285	-0.006198799	-4.2425523	0.33353773	0.015873065	0.08550855	8.0	2470.223286628723
82	94.386665	4.8095555	100.0	80.0	165.01666	31.829094	14.644099	63.014797	-5.3088055	830000	1.4901161e-08	21.00284	-0.007464908	-3.763017	0.329797	0.015061279	0.07370737	12.0	2503.386327981949
83	93.03214	6.538761	100.0	60.0	172.17857	30.500433	15.639902	63.366364	-13.634839	840000	1.6763806e-08	32.227856	-0.012445338	-4.597763	0.33166733	0.015457384	0.09660966	36.0	2534.5721974372864
84	94.09492	7.5764456	100.0	44.8	166.01695	30.314259	15.465419	62.052567	-30.347584	850000	5.743156e-08	31.085907	-0.009221431	-8.151359	0.3234015	0.015049492	0.07180718	14.0	2563.0556004047394
85	93.78643	5.3371563	100.0	77.2	166.55933	31.593634	14.963427	61.70628	-17.0632	860000	7.450581e-09	28.089182	-0.010599196	-5.164099	0.32677507	0.015123519	0.07980799	15.0	2594.5560545921326
86	93.90346	5.7635283	100.0	69.4	167.58621	30.718704	15.423136	63.35671	-21.141693	870000	-2.483527e-09	29.03698	-0.009416684	-4.9710326	0.3217545	0.015329338	0.09370937	19.0	2625.092534303665
87	93.85423	5.3678045	100.0	70.0	165.54237	31.59264	14.554588	60.880222	-2.2298965	880000	-4.346172e-09	27.891684	-0.009227319	-3.6322606	0.33220148	0.015502666	0.09620962	17.0	2655.7182590961456
88	93.74	4.685196	100.0	80.8	163.13333	31.551071	14.959094	62.330555	-25.033974	890000	2.483527e-09	26.348587	-0.008526766	-4.766745	0.3341112	0.01581154	0.10321032	17.0	2685.2606358528137
89	94.39666	5.147749	100.0	74.8	162.38333	31.63134	15.034178	63.402237	-2.8259802	900000	4.9670536e-08	22.592392	-0.011464623	-3.6573956	0.33019722	0.015305216	0.095009506	47.0	2717.473060131073
90	94.68196	4.65271	100.0	74.2	160.40984	31.990154	15.20342	63.336845	-14.019403	910000	1.7539909e-08	21.664679	-0.008104834	-2.6906493	0.33333918	0.015209242	0.08580858	19.0	2748.2282230854034
91	93.5069	6.2184615	100.0	70.0	168.86208	31.635292	15.153959	62.145134	-1.6237496	920000	6.208817e-09	32.718426	-0.011059011	-6.4797096	0.3389882	0.015281424	0.08550855	26.0	2777.054701089859
92	93.45084	5.372067	100.0	73.0	168.20338	30.715544	15.20978	63.59474	-7.791968	930000	2.7939677e-08	28.455679	-0.005913805	-4.1171327	0.3396349	0.015517286	0.07110711	7.0	2808.045005083084
93	94.54577	4.282852	100.0	82.0	164.42372	30.9537	15.008154	63.153316	-7.5061097	940000	-1.2417634e-08	24.76531	-0.010464172	-4.115084	0.35119382	0.015387133	0.08700869	23.0	2840.4039285182953
94	93.14386	5.62959	100.0	77.8	170.29825	30.744263	15.082332	63.668564	-6.4697547	950000	-4.967054e-09	31.67176	-0.0072112153	-5.855531	0.34563243	0.015558049	0.08350835	8.0	2868.738762140274
95	92.85173	5.9695272	100.0	73.6	169.05173	30.58091	14.984757	63.643303	-21.677643	960000	2.4835268e-08	31.593664	-0.0068674274	-5.235039	0.3318279	0.015512239	0.08040804	9.0	2902.4093542099
96	94.2678	4.7232003	100.0	76.6	164.54237	30.97986	14.542947	62.124573	0.6247418	970000	3.4769375e-08	29.576904	-0.008152778	-5.5321813	0.32680526	0.015537225	0.09060905	14.0	2931.5934257507324
97	92.73559	5.5690966	100.0	77.2	166.30508	31.55766	14.872767	62.934097	-19.939642	980000	1.47459405e-08	28.884684	-0.012219195	-4.2613387	0.32225686	0.015017028	0.08030803	33.0	2962.4607605934143
98	93.487724	5.105761	100.0	80.0	171.19298	30.403221	14.520726	61.804386	-5.211097	990000	-2.483527e-09	30.81517	-0.01034765	-3.8465111	0.32293102	0.015636332	0.075207524	22.0	2992.8347396850586
99	94.38596	4.4852757	100.0	78.0	167.45615	30.394512	14.614954	62.685986	-9.9653225	1000000	-1.2417635e-09	35.16564	-0.00874221	-7.8351207	0.33090767	0.015381337	0.07830783	15.0	3022.1161024570465
100	94.074585	4.4634714	100.0	83.2	168.0678	31.066784	14.481889	63.51381	-4.685304	1010000	-1.1175871e-08	29.876116	-0.00639578	-5.69066	0.3376905	0.015094708	0.07380738	8.0	3053.178208589554
101	92.43	7.6907587	100.0	63.4	166.13333	31.420988	14.297875	62.80815	-10.592744	1020000	-1.1175871e-08	38.08658	-0.0081327325	-7.8816357	0.3344895	0.015405725	0.068006806	12.0	3083.4066293239594
102	92.36272	6.328464	100.0	64.0	168.0678	29.973223	15.628427	62.251354	-16.202564	1030000	-1.3659398e-08	32.029217	-0.007576329	-4.818554	0.32862464	0.015932871	0.07760776	11.0	3112.7828900814056
103	92.98909	6.1662326	100.0	70.6	174.36363	29.6105	14.670671	62.716984	-1.9795201	1040000	3.7252903e-09	36.2712	-0.007322243	-5.4886894	0.33354285	0.016034478	0.06990699	8.0	3143.5910909175873
104	93.67368	4.657932	100.0	80.2	168.89473	30.093	14.721846	63.19358	-2.4773083	1050000	-2.483527e-09	28.367758	-0.01215482	-5.592333	0.323373	0.015132226	0.085608564	30.0	3174.3721249103546
105	92.80357	6.365587	100.0	77.2	170.42857	30.444687	14.742331	63.635323	-4.808926	1060000	2.0489097e-08	31.488012	-0.008182162	-5.8421097	0.33124292	0.015261074	0.07910791	10.0	3202.2640838623047
106	92.325	7.3211594	100.0	59.8	171.53572	30.052443	14.508118	61.731857	-3.1177897	1070000	-4.967054e-09	33.693905	-0.007871086	-6.491955	0.33083603	0.015185297	0.08350835	9.0	3231.2977833747864
107	93.30878	5.688162	100.0	70.6	169.50877	29.690699	15.021556	62.265465	-1.7723186	1080000	-1.4901161e-08	30.06782	-0.0070301145	-6.0934205	0.33810663	0.016243422	0.06530654	11.0	3262.1010839939117
108	91.32143	8.357091	100.0	57.4	174.83928	29.874464	14.790915	63.52823	-1.2107979	1090000	3.973643e-08	41.85059	-0.0062267203	-9.752141	0.34007892	0.015071849	0.057305735	7.0	3290.528123855591
109	93.56271	5.427797	100.0	73.0	167.18645	30.001522	14.884779	63.596413	-0.4817866	1100000	-1.9868216e-08	32.04256	-0.0069759195	-9.128909	0.33629957	0.015043586	0.07850785	10.0	3321.8086812496185
110	93.61333	5.072655	100.0	80.2	159.5	31.581844	14.957225	62.704914	-6.756568	1110000	-2.7629236e-08	26.176321	-0.008726609	-4.3024673	0.3185413	0.0152199855	0.08180818	15.0	3352.3839745521545
111	91.32758	15.9214325	100.0	-20.0	169.25862	31.317873	14.584977	62.141098	-17.050304	1120000	-4.967054e-09	70.97424	-0.012633376	-22.532072	0.32422355	0.015111099	0.08770877	22.0	3382.610232114792
112	94.75161	4.4147387	100.0	82.0	158.67741	31.565258	14.56297	59.37964	-18.36813	1130000	2.6697913e-08	25.910194	-0.009411906	-4.9608765	0.32226434	0.01532488	0.06970697	14.0	3414.0486991405487
113	92.76786	6.0195847	100.0	70.6	173.32143	31.196398	14.795522	65.00648	-25.091629	1140000	-6.519258e-09	33.62404	-0.008734997	-10.370202	0.33652627	0.016323326	0.0770077	8.0	3442.0641107559204
114	94.19334	5.128868	100.0	76.0	165.03334	30.471338	14.910497	64.248665	-21.183094	1150000	-4.967054e-09	31.846712	-0.0070817857	-9.828193	0.32770517	0.015538258	0.07090709	11.0	3473.0246098041534
115	92.9	7.28766	100.0	62.0	173.69643	30.949772	14.843931	62.355045	-6.252272	1160000	-6.897608e-09	42.18652	-0.007697427	-6.424208	0.3325956	0.015451151	0.079407945	13.0	3500.9764556884766
116	94.25085	4.5803695	100.0	84.0	167.15254	30.63025	14.787741	63.434097	-9.454193	1170000	-9.934108e-09	28.307196	-0.006181912	-4.0883803	0.33615938	0.01669079	0.08130813	10.0	3533.6821632385254
117	91.385704	8.9449	100.0	52.0	172.69643	30.513683	14.962203	63.821213	-26.428482	1180000	5.0912302e-08	47.781666	-0.0077975076	-13.223366	0.34383702	0.016317466	0.06270627	9.0	3562.2756445407867
118	91.78546	8.925864	100.0	59.2	174.85454	29.029724	15.315774	62.724617	-8.493427	1190000	7.450581e-09	41.59105	-0.007976185	-7.987539	0.33717373	0.015917178	0.06950695	9.0	3593.9526505470276
119	94.03158	4.7322397	100.0	82.0	168.82455	30.468624	14.132787	62.787468	-3.3418663	1200000	3.1044085e-08	29.419306	-0.0068060444	-6.2517734	0.33387646	0.01547911	0.07210721	11.0	3626.7966327667236
120	93.555176	5.0113034	100.0	82.0	162.77586	31.432547	14.685626	63.208282	-11.12795	1210000	-2.483527e-09	24.150078	-0.007725922	-3.3517148	0.33824125	0.015700117	0.073307335	11.0	3654.566896677017
121	91.84286	8.180876	100.0	60.4	172.03572	29.679663	15.4247675	62.462486	-32.48123	1220000	1.6763806e-08	41.82124	-0.007844313	-8.39378	0.34045565	0.01502119	0.06330633	9.0	3683.6093080043793
122	93.786446	4.6882277	100.0	82.0	165.05084	30.602869	14.583083	60.214764	-7.534868	1230000	2.483527e-09	28.233076	-0.008042889	-5.336106	0.327814	0.015970515	0.073607355	11.0	3712.8526861667633
123	94.02373	5.9329686	100.0	61.6	164.22034	31.570236	14.629422	63.37571	-0.033387423	1240000	-2.2351742e-08	29.76552	-0.008487967	-5.4442067	0.33491325	0.015156937	0.08420842	9.0	3741.191294193268
124	93.95861	4.752024	100.0	83.2	169.1207	31.774736	14.201563	64.11636	-2.4582162	1250000	1.3038516e-08	32.10825	-0.009915674	-6.591116	0.3398901	0.015025068	0.08510851	17.0	3769.283623933792
125	92.3138	6.7062616	100.0	67.0	170.06897	30.315403	15.297193	65.50173	-6.0994754	1260000	1.9247333e-08	35.44071	-0.009060719	-5.7807126	0.3524314	0.015840394	0.0830083	12.0	3798.691096305847
126	91.98667	7.6754904	100.0	64.0	165.1	30.681864	14.543129	64.105385	-18.544918	1270000	6.208817e-09	37.408264	-0.006837038	-6.921001	0.35627127	0.01641576	0.07650765	8.0	3828.068201780319
127	94.513336	3.9148214	100.0	86.0	163.0	31.044104	14.820612	63.121876	-17.813084	1280000	4.40826e-08	26.594995	-0.008633778	-5.8282986	0.33211786	0.015376049	0.08370837	18.0	3856.453309774399
128	93.99298	5.142047	100.0	74.8	168.92982	31.332375	14.693097	63.415863	0.040487885	1290000	-4.718701e-08	29.612703	-0.007466192	-5.68788	0.33380044	0.015244435	0.069806986	11.0	3884.4207305908203
129	93.755936	7.1860566	100.0	47.8	163.86441	31.101772	15.221138	62.583935	1.4676008	1300000	-1.3659398e-08	35.217747	-0.008635208	-5.572348	0.31846142	0.015616751	0.07880788	16.0	3914.176535129547
130	93.51187	4.396034	100.0	80.0	166.1017	31.106518	15.313026	63.523224	-4.9476314	1310000	-5.5879354e-09	26.791666	-0.0057673356	-3.93441	0.33285567	0.015029718	0.075207524	9.0	3942.568727493286
131	94.570496	4.5332775	100.0	80.0	161.83606	31.850561	14.635148	63.448765	-8.830743	1320000	1.2417635e-09	23.32223	-0.010309776	-3.4111564	0.3327112	0.01514151	0.07960796	29.0	3970.134341478348
132	93.691795	5.8267417	100.0	74.2	162.72131	31.748104	15.130284	63.541183	-7.6205783	1330000	-4.967054e-09	24.63778	-0.0054657534	-4.00722	0.337558	0.015435494	0.068006806	6.0	4000.7577545642853
133	93.433334	4.4620123	100.0	79.6	164.53334	31.39076	15.068216	64.79936	-4.679126	1340000	-2.7318796e-08	27.408976	-0.008545873	-3.9951313	0.35208437	0.015050313	0.085708566	18.0	4028.851631164551
134	92.89491	6.0751634	100.0	74.0	167.69492	30.686356	15.139882	63.391685	-5.071387	1350000	-2.2351742e-08	33.55697	-0.006962862	-3.8688056	0.34993243	0.015124966	0.08010801	8.0	4056.2322750091553
135	93.80689	4.7128534	100.0	83.8	167.0	31.002123	14.610506	62.91365	0.46538687	1360000	-1.3659398e-08	28.593515	-0.005002782	-3.57971	0.3564274	0.015211384	0.04920492	6.0	4084.256765604019
136	93.30345	5.2246423	100.0	79.6	170.36208	30.883287	14.916077	62.735428	-0.6608614	1370000	2.2351742e-08	26.579414	-0.006627556	-3.8805447	0.3576651	0.015051581	0.068906896	11.0	4112.281819820404
137	93.93115	5.612969	100.0	73.6	161.42622	31.200096	15.060173	63.28241	-4.006077	1380000	-1.2417634e-08	30.838064	-0.01027714	-5.2706428	0.34834936	0.015388578	0.086508654	20.0	4139.81463265419
138	92.22414	6.668824	100.0	74.0	167.46552	31.377853	14.940692	63.15416	-7.0042615	1390000	1.5522042e-08	35.55728	-0.010153498	-6.250687	0.35417065	0.015508513	0.09200921	20.0	4169.397527456284
139	94.240685	4.249312	100.0	82.6	164.77966	30.79893	14.885326	62.400505	-4.2887344	1400000	-3.7252903e-09	24.728125	-0.008184847	-3.239069	0.34586906	0.015815463	0.078707874	17.0	4198.8060648441315
140	93.689995	4.775273	100.0	78.4	163.5	31.508923	14.893223	63.53148	-24.564457	1410000	8.071463e-09	29.827803	-0.008268144	-4.72752	0.3531991	0.016709408	0.06860686	11.0	4225.770455360413
141	93.110344	5.812967	100.0	69.4	164.27586	31.349377	14.64081	65.21207	-13.249023	1420000	1.4901161e-08	32.52449	-0.006453	-4.852249	0.34407142	0.015263784	0.074407436	12.0	4253.956540107727
142	93.37666	5.2326016	100.0	80.8	165.01666	30.581848	15.149288	63.492653	-8.630042	1430000	-1.839362e-08	31.154638	-0.006855088	-5.950875	0.35658565	0.01599188	0.06610661	8.0	4282.227508306503
143	93.138985	7.050352	100.0	56.8	166.67796	31.191685	14.575336	62.56045	-5.9906693	1440000	-4.346172e-09	37.10648	-0.009576044	-5.8803215	0.3493915	0.01531469	0.08680868	16.0	4310.161827802658
144	94.20678	5.25692	100.0	70.0	164.72882	30.94131	15.194863	62.886116	-15.563354	1450000	3.7873786e-08	33.47746	-0.00865969	-5.6997585	0.3419652	0.01527959	0.08030803	20.0	4340.349806547165
145	92.39311	6.547331	100.0	70.0	169.0	30.98753	15.071863	63.53089	-8.058117	1460000	-1.4901161e-08	34.000645	-0.00831299	-6.2205853	0.34509826	0.015440059	0.08510851	13.0	4367.979731321335
146	93.54827	6.7487483	100.0	60.4	167.2931	29.943499	15.479089	63.20286	-15.347467	1470000	2.3593506e-08	35.593903	-0.007216476	-7.9718227	0.34899583	0.016485646	0.06510651	9.0	4396.125393629074
147	92.75518	11.649422	100.0	14.0	168.08621	30.31777	15.325037	62.7097	-20.550798	1480000	-7.450581e-09	58.628193	-0.008813602	-17.984238	0.3534092	0.01616669	0.0910091	13.0	4425.03618144989
148	93.340004	5.957438	100.0	70.0	163.08333	31.22433	14.893749	63.556313	-17.259636	1490000	6.208817e-09	34.608288	-0.0103228	-5.731659	0.35782996	0.015111223	0.08950895	20.0	4453.4397094249725
149	92.40345	8.410379	100.0	50.2	170.22414	30.742323	14.668688	61.702442	-23.57524	1500000	3.4769375e-08	38.331577	-0.0077245017	-7.8720994	0.37818238	0.015165423	0.07950795	9.0	4480.383237361908
150	93.653336	5.260021	100.0	80.2	164.0	30.739164	14.990888	62.881584	-1.4046178	1510000	-9.934108e-09	27.493822	-0.006173158	-4.120971	0.36398125	0.01525255	0.072607264	8.0	4509.478868961334
151	91.57241	7.975518	100.0	65.8	168.93103	30.822605	14.715466	62.00749	-12.141442	1520000	6.208817e-09	43.216217	-0.009321654	-9.837525	0.3828967	0.015172317	0.09280928	13.0	4536.0970067977905
152	93.92333	5.0231586	100.0	80.8	162.61667	30.965317	14.594226	63.57199	-6.456298	1530000	3.989165e-08	26.598457	-0.0079948865	-5.6678486	0.36621603	0.016137503	0.08120812	11.0	4564.071117401123
153	93.34099	5.0598183	100.0	78.0	163.04918	31.327147	15.116625	62.5248	-12.573255	1540000	9.934108e-09	28.997452	-0.008479421	-4.314609	0.3763721	0.015277023	0.09390939	15.0	4593.997381448746
154	93.77288	4.882686	100.0	74.2	167.11864	31.075315	14.612475	63.170757	-10.7322445	1550000	-2.483527e-09	29.273407	-0.009936477	-5.0556736	0.36066344	0.015269288	0.07880788	23.0	4621.473462343216
155	94.305084	4.9976745	100.0	75.4	166.23729	31.075619	14.931374	62.572468	-8.270327	1560000	-9.934108e-09	26.330149	-0.00990678	-4.6314673	0.35471785	0.015082751	0.090009004	23.0	4648.744940042496
156	93.37241	4.93453	100.0	79.6	167.81035	31.132662	14.694096	63.06893	-19.900509	1570000	-3.236346e-08	31.342615	-0.007901498	-5.7804217	0.3725958	0.016095072	0.08480849	10.0	4676.199804544449
157	92.67242	5.7994885	100.0	74.2	169.94827	30.624714	14.730431	63.702816	-25.33329	1580000	3.7252903e-09	33.524693	-0.010892294	-8.21234	0.36209515	0.0150891915	0.08670867	17.0	4705.403780221939
158	93.46441	4.9077506	100.0	83.8	164.55933	30.919634	14.528374	63.274002	0.23509371	1590000	1.5522043e-09	29.39462	-0.008981961	-4.49922	0.35054192	0.01590043	0.086508654	15.0	4733.049850702286
159	93.23729	5.898173	100.0	70.0	164.81355	31.10238	14.927293	63.56943	-0.4390906	1600000	-4.967054e-09	31.024252	-0.0069392268	-5.2456126	0.36318472	0.015135381	0.05380538	8.0	4762.134329557419
160	93.526665	5.3407817	100.0	77.8	163.13333	31.399042	14.7606735	63.492973	-25.452106	1610000	1.5599653e-08	25.060715	-0.0077904738	-4.291987	0.3570991	0.015115522	0.08140814	10.0	4790.469997167587
161	94.153336	4.4290504	100.0	80.2	161.56667	31.89283	14.474398	61.74661	1.3357615	1620000	9.313226e-09	25.205488	-0.009781572	-2.3121693	0.34366074	0.015404371	0.09030903	21.0	4819.596782207489
162	93.54139	5.5628085	100.0	76.0	166.67241	31.654762	14.579248	62.96392	2.177917	1630000	3.601114e-08	30.035593	-0.008513403	-4.9728503	0.36274397	0.015504002	0.071607165	14.0	4846.33553981781
163	93.213554	5.6502423	100.0	70.0	167.28813	30.682474	15.320931	63.36722	-8.334954	1640000	-3.7252903e-08	30.52519	-0.009467439	-4.3301926	0.3637387	0.015489291	0.08150815	17.0	4875.529294013977
164	90.9228	17.241026	100.0	-30.0	173.70175	29.82263	15.039889	62.84048	-30.96155	1650000	-3.4769375e-08	60.693924	-0.0072579035	-19.717527	0.3707054	0.015701024	0.06610661	10.0	4903.348685264587
165	93.0	6.6878	100.0	70.0	163.0	30.808767	14.608928	59.75558	-24.68479	1660000	6.208817e-09	39.45253	-0.007038586	-11.396049	0.35801068	0.015178748	0.075207524	10.0	4931.701741218567
166	94.50333	4.4957004	100.0	77.2	163.58333	31.29146	15.07094	62.837357	-17.132765	1670000	-9.313226e-10	27.866083	-0.006688621	-5.564646	0.3559278	0.015198115	0.06720672	9.0	4958.623012065887
167	93.37895	5.5322576	100.0	77.2	171.45615	30.88784	14.73448	63.237507	-4.008643	1680000	2.2972623e-08	35.327404	-0.009437419	-6.154492	0.3627862	0.015640475	0.089308925	14.0	4988.522878408432
168	93.4207	6.0163784	100.0	70.0	169.93103	30.812195	14.421651	63.714783	-17.92565	1690000	4.967054e-09	36.31576	-0.009998613	-7.2416043	0.3555068	0.015496102	0.07670767	14.0	5018.407442331314
169	93.90526	5.120869	100.0	72.4	171.10527	30.473347	14.738365	62.861725	-1.5148811	1700000	-4.40826e-08	29.57441	-0.008286117	-5.176386	0.3572363	0.015140508	0.093309335	12.0	5045.446886777878
170	92.85357	6.862891	100.0	58.6	170.75	30.355326	14.275985	62.750553	-2.0887866	1710000	-1.7384687e-08	32.735096	-0.007605938	-6.42837	0.35848916	0.016438065	0.07450745	8.0	5073.04132938385
171	92.207146	7.137723	100.0	68.0	173.82143	29.82479	14.561251	64.05732	-14.018366	1720000	-2.514571e-08	40.085876	-0.008417114	-6.64423	0.35386297	0.015122403	0.07780778	13.0	5102.5200209617615
172	94.113335	4.0906997	100.0	84.0	163.63333	30.482874	14.4892235	63.87239	-9.268226	1730000	2.6077032e-08	28.09392	-0.0066849156	-6.3522515	0.3621683	0.015051979	0.07050705	8.0	5129.637808561325
173	93.134476	6.3575516	100.0	70.0	169.1207	31.213816	14.559326	63.892498	-15.29988	1740000	-1.6142925e-08	34.76421	-0.0067064515	-7.009138	0.37695086	0.016582223	0.07920792	9.0	5157.322961568832
174	94.52501	4.6129575	100.0	79.6	170.625	30.62275	14.538129	62.937073	-13.40898	1750000	-2.8871e-08	28.517618	-0.012785238	-4.994784	0.3652091	0.015123476	0.09310931	33.0	5187.351870536804
175	93.23448	5.750219	100.0	76.0	168.51724	30.776705	14.849817	64.82549	-10.081783	1760000	7.761022e-11	29.419882	-0.01447883	-4.252814	0.37535238	0.015028	0.09440944	39.0	5214.501004695892
176	94.52759	4.35236	100.0	83.2	168.15517	30.940647	14.197341	63.162888	-0.97977674	1770000	-9.623666e-09	25.275839	-0.008039062	-4.32337	0.36385286	0.01508396	0.06620663	15.0	5243.75263094902
177	94.0	5.770197	100.0	70.0	171.05173	31.143719	14.437436	62.610703	-25.922956	1780000	1.3659398e-08	33.457066	-0.0078012366	-5.545318	0.38607347	0.016665695	0.07360736	8.0	5273.549545049667
178	93.30526	5.9039216	100.0	73.6	171.64912	30.89737	14.454451	63.45164	-4.8422756	1790000	9.934108e-09	29.158564	-0.009295423	-6.444861	0.37279344	0.015221949	0.08720872	13.0	5300.499464273453
179	93.09491	5.7478495	100.0	76.6	164.71187	30.925331	14.566574	63.747032	-7.976468	1800000	1.8626451e-09	26.125336	-0.00839026	-4.6888566	0.38230038	0.015057321	0.082008205	9.0	5329.227020740509
180	93.196365	5.8947735	100.0	70.0	176.52727	30.07731	14.547251	62.147926	-8.072185	1810000	2.6077032e-08	43.49898	-0.011897941	-8.619698	0.37296692	0.0153316865	0.085608564	17.0	5358.488959312439
181	93.922035	5.191129	100.0	74.0	165.8983	30.433685	14.523362	64.02557	-6.1794615	1820000	-2.3593506e-08	28.632614	-0.008457885	-4.9503074	0.3646759	0.015362264	0.07230723	11.0	5386.608906745911
182	93.726326	5.9734654	100.0	75.4	171.6842	30.9572	14.4977	63.90957	2.0018895	1830000	-1.3969839e-08	29.358908	-0.008256297	-4.703427	0.36953202	0.015864419	0.08370837	10.0	5414.948734283447
183	93.27586	6.750308	100.0	66.4	169.60345	30.45345	15.162028	63.7291	-15.138615	1840000	-1.4901161e-08	32.675236	-0.008940135	-5.804468	0.3690652	0.015408675	0.10311031	11.0	5444.357859134674
184	93.917244	6.4090495	100.0	58.6	167.39655	30.726286	14.710635	64.67055	-25.398642	1850000	-1.4901161e-08	27.751036	-0.0127859665	-6.135532	0.35568509	0.015115789	0.08870888	28.0	5472.25230550766
185	94.18965	4.7777386	100.0	76.0	166.68965	31.353867	14.472281	61.351326	0.7524154	1860000	8.692344e-09	29.273514	-0.009161546	-4.3048763	0.36079994	0.01551606	0.09310931	12.0	5501.153294801712
186	93.174995	6.6153564	100.0	67.0	174.76785	30.331236	14.750335	64.04596	-8.056371	1870000	1.0244548e-08	37.449203	-0.010434669	-5.8851714	0.36479422	0.015050303	0.07960796	18.0	5528.263444900513
187	95.31865	4.4337864	100.0	77.8	163.66101	31.055788	14.400721	62.382942	-2.9750934	1880000	1.2417634e-08	30.952074	-0.007654745	-7.090496	0.37033334	0.015704641	0.08010801	8.0	5557.468434095383
188	94.67118	4.5579896	100.0	82.0	166.64407	32.027096	14.36022	63.944218	1.4011344	1890000	5.5879354e-09	32.277637	-0.011800256	-9.200656	0.36090007	0.015443801	0.093209326	28.0	5584.92870259285
189	94.020004	6.0972896	100.0	70.0	163.38333	31.563267	14.955023	62.751926	-1.6216457	1900000	8.692344e-09	32.730545	-0.009889711	-5.0149236	0.35090494	0.015211056	0.0780078	17.0	5614.575396060944
190	94.888145	4.084575	100.0	85.0	163.71187	31.437159	14.993076	63.48872	-8.686497	1910000	1.4901161e-08	26.174871	-0.009170942	-3.139249	0.35986805	0.015682006	0.08600861	22.0	5644.616874933243
191	93.84068	5.017364	100.0	77.2	162.64407	31.842543	14.70994	63.952934	2.7052758	1920000	-1.1175871e-08	28.660164	-0.008261663	-5.0628266	0.35561678	0.015162472	0.09050905	11.0	5672.593127965927
192	94.01	4.311291	100.0	81.4	165.48334	31.357964	14.792719	64.063644	-1.0444391	1930000	-4.0978193e-08	30.287912	-0.008312407	-5.4506965	0.35126975	0.01524914	0.064906485	13.0	5701.179127216339
193	94.63279	4.1360755	100.0	83.2	159.7541	31.955406	14.4447775	63.532547	1.5599014	1940000	2.7939677e-08	21.030628	-0.0059967577	-2.5538654	0.34982204	0.016230509	0.059805978	9.0	5728.657213449478
194	94.4	4.4485207	100.0	85.0	162.91667	32.18995	14.727447	64.193954	-3.0814452	1950000	3.4769375e-08	24.401955	-0.010441662	-3.0843487	0.34226063	0.015229805	0.08150815	27.0	5757.406996011734
195	94.0623	5.527225	100.0	73.6	159.32787	31.977804	15.141163	63.901497	-7.791544	1960000	7.450581e-09	24.86119	-0.008289889	-3.977723	0.34387016	0.0155521585	0.07220722	18.0	5784.781845808029
196	94.44667	5.5357466	100.0	70.6	163.38333	31.905033	14.659937	63.298622	-2.7697763	1970000	9.934108e-09	27.115288	-0.009924703	-4.215906	0.35194492	0.01514721	0.085408546	18.0	5814.1230499744415
197	93.935585	4.8918395	100.0	82.0	166.62712	31.748589	14.461129	62.693436	-17.066076	1980000	5.432715e-09	28.569265	-0.0074536116	-5.573153	0.35084167	0.015595503	0.07350735	10.0	5842.0162398815155
198	94.49152	4.2263618	100.0	83.2	165.20338	31.642399	14.459101	62.624187	-8.290771	1990000	-2.5456151e-08	23.548973	-0.007748444	-2.9420338	0.3551074	0.015706092	0.087308735	13.0	5869.552326440811
199	92.26207	6.192009	100.0	76.0	169.08621	30.958677	15.126024	62.90989	-16.501965	2000000	-1.6763806e-08	36.69682	-0.0065938365	-7.3405356	0.3508997	0.015293986	0.07830783	6.0	5896.57297372818
200	94.206665	4.789985	100.0	81.4	162.9	30.875816	14.837771	63.16958	-12.566658	2010000	-5.5879354e-09	28.410505	-0.007984038	-4.1843514	0.34060264	0.015564091	0.07820782	12.0	5925.550879001617
201	92.759315	8.8081455	100.0	40.0	167.44067	30.863344	15.474405	63.322872	-19.308216	2020000	2.3593506e-08	36.481358	-0.0059793084	-6.378491	0.33537006	0.015027471	0.07650765	7.0	5953.734880447388
202	92.891235	6.016477	100.0	74.2	171.35088	30.62197	14.793273	61.777565	0.90536654	2030000	-1.1641532e-08	31.36363	-0.009668524	-7.676804	0.35276935	0.01602277	0.07950795	13.0	5979.334191083908
203	94.616394	4.279159	100.0	78.4	161.78688	30.929144	14.837038	62.6783	1.5776281	2040000	-4.967054e-09	27.370249	-0.00616637	-6.1634674	0.34478676	0.015199691	0.07970797	8.0	6008.135757923126
204	93.85334	5.271795	100.0	80.0	163.66667	31.835768	15.001714	63.99619	-0.5809027	2050000	0.0	26.901756	-0.0074558915	-3.2296593	0.33749118	0.015075988	0.07260726	14.0	6037.261524200439
205	94.99355	4.1714807	100.0	80.0	159.09677	31.896393	14.735047	62.934586	0.2945193	2060000	-2.173086e-09	22.155342	-0.009037107	-2.3290234	0.34476113	0.015326687	0.08670867	21.0	6065.409828662872
206	94.233894	4.8670673	100.0	80.0	165.54237	31.853508	15.151781	63.427658	1.028161	2070000	1.9557774e-08	30.01309	-0.008543267	-4.2484474	0.33926556	0.015132044	0.08770877	10.0	6093.952620506287
207	94.59672	4.427113	100.0	76.0	159.18033	32.286343	14.411053	63.64936	1.0913358	2080000	-2.2351742e-08	25.697088	-0.010873658	-3.3412197	0.34452975	0.01511027	0.07630763	28.0	6122.084525823593
208	94.03729	5.28759	100.0	80.0	166.67796	31.770466	14.797033	63.4491	0.27025223	2090000	-1.3659398e-08	30.590734	-0.010922648	-4.209825	0.34621277	0.015422442	0.08410841	28.0	6151.684895038605
209	94.514755	4.8626323	100.0	75.4	161.93443	31.674229	14.850264	63.303577	-24.934616	2100000	8.692344e-09	26.163706	-0.00830626	-4.5456753	0.34863615	0.015543573	0.07080708	12.0	6178.206965208054
210	94.49656	4.350068	100.0	82.0	167.18965	31.352148	14.984402	63.476307	-22.846693	2110000	0.0	28.303139	-0.007779054	-3.9692452	0.34811124	0.01617186	0.07320732	11.0	6207.13959312439
211	93.93115	6.0171213	100.0	69.4	159.06557	32.213913	14.518641	64.082756	-7.133519	2120000	-1.5075784e-08	25.570267	-0.0049315323	-3.7710388	0.34772184	0.015353575	0.07410741	6.0	6233.548672437668
212	93.71035	5.0379486	100.0	82.0	170.94827	30.896414	15.368988	63.67162	-1.568547	2130000	-1.0554989e-08	30.289328	-0.006198138	-6.1606336	0.34038267	0.015661167	0.07180718	8.0	6263.461319208145
213	91.55438	17.194818	100.0	-30.0	169.70175	30.08413	15.393127	63.15588	-38.77804	2140000	-5.5879354e-09	45.424305	-0.008075991	-12.410359	0.3515396	0.01510598	0.092409246	10.0	6291.898912191391
214	93.81754	5.616427	100.0	74.0	170.24562	30.520142	15.089334	62.027637	-27.357986	2150000	8.692344e-09	38.2664	-0.0068207257	-7.919848	0.34487656	0.015245956	0.07490749	8.0	6318.035994529724
215	93.77627	5.03992	100.0	81.4	164.22034	31.443306	14.281822	63.193085	-15.019669	2160000	6.208817e-09	31.461676	-0.0020704216	-5.151167	0.35560894	0.016666256	0.07410741	6.0	6346.275306224823
216	93.93793	4.514682	100.0	80.0	168.2069	31.210342	14.367681	61.089848	-22.805023	2170000	-2.2351742e-08	29.53129	0.00577292	-6.2038054	0.3514484	0.015419974	0.03620362	2.0	6375.097039699554
217	94.170006	4.964786	100.0	80.0	163.35	31.284128	14.575982	63.521313	-11.443973	2180000	-6.208817e-09	29.590162	-0.0039590425	-5.017488	0.33108065	0.01703108	0.09150914	6.0	6401.45271229744
218	94.54237	4.43393	100.0	80.2	164.08475	31.821146	14.425637	62.822212	1.6111734	2190000	8.692344e-09	24.003098	-0.005046411	-3.5132763	0.327829	0.015385311	0.0540054	10.0	6430.278625011444
219	94.716125	4.414864	100.0	77.8	158.16129	32.173573	14.89259	64.03261	0.07458985	2200000	9.934108e-09	23.861168	-0.008486169	-4.443941	0.32850128	0.015143477	0.06910691	18.0	6456.787100076675
220	94.63	4.153363	100.0	84.4	165.26666	32.06312	14.7834015	63.339474	-0.65851176	2210000	1.9868216e-08	25.125534	-0.0089719035	-3.1178386	0.3385869	0.015277579	0.07150715	18.0	6487.685780286789
221	94.60334	4.5728903	100.0	82.6	160.16667	32.49983	14.38155	63.37606	0.12404573	2220000	-4.346172e-09	25.32222	-0.0060663545	-2.7347553	0.32541853	0.015743054	0.0670067	9.0	6514.378679275513
222	92.89091	6.6876082	100.0	70.0	175.92728	31.0909	14.345652	62.5983	-13.130081	2230000	1.7384687e-08	38.829914	-0.010745914	-9.073058	0.33710244	0.015304103	0.07420742	25.0	6543.070032835007
223	93.74482	5.478962	100.0	76.0	167.55173	30.368877	14.778185	62.70685	-8.306238	2240000	3.7252903e-09	29.263842	-0.012023005	-4.160652	0.3271415	0.015000772	0.08640864	38.0	6569.847883224487
224	93.15088	6.440364	100.0	74.0	172.4035	30.649548	14.943228	63.457825	-16.896538	2250000	-2.1109978e-08	30.670912	-0.0086830305	-5.16034	0.33827686	0.015461974	0.06720672	11.0	6598.988037824631
225	93.77193	5.7038536	100.0	80.0	171.08772	30.383858	14.551275	65.90972	-7.048747	2260000	9.934108e-09	29.359911	-0.012859323	-3.7975159	0.34260425	0.015397929	0.08150815	62.0	6629.321363449097
226	94.16206	5.26949	100.0	76.0	167.81035	30.906086	14.552166	63.047974	-9.570776	2270000	3.7252903e-08	34.877674	-0.012634668	-5.6392217	0.34906423	0.01515727	0.09220922	36.0	6658.652942419052
227	94.50527	4.15964	100.0	86.0	171.75438	31.177986	13.923861	62.19619	-8.75365	2280000	-1.8936893e-08	33.332916	-0.007986783	-4.7225614	0.3604546	0.015037895	0.085508555	14.0	6687.8766803741455
228	93.091225	5.7794642	100.0	76.6	168.89473	31.541445	14.00223	64.053154	-6.9423985	2290000	2.4835268e-08	29.66667	-0.0065471237	-4.8576436	0.35958958	0.015082844	0.06110611	9.0	6713.798379898071
229	93.97705	4.678251	100.0	82.0	162.57378	31.678795	14.139744	59.74499	1.2681651	2300000	-6.2088173e-10	23.80056	-0.007766686	-5.4858055	0.36565605	0.015445203	0.07510751	14.0	6744.457229375839
230	94.233894	4.607165	100.0	80.2	164.81355	31.153616	15.411556	63.05544	-2.1683888	2310000	-1.6142925e-08	26.643408	-0.005657049	-4.55885	0.37071374	0.01549757	0.07360736	7.0	6772.592249393463
231	94.43	4.5129185	100.0	82.0	164.13333	31.74779	14.64679	62.62262	-9.642204	2320000	-2.483527e-09	25.359499	-0.0060622855	-2.9396756	0.36421815	0.015069932	0.07550755	8.0	6799.584629535675
232	94.51525	4.2657804	100.0	84.0	164.0678	31.970303	14.596037	63.32134	0.9752065	2330000	-4.656613e-08	24.9599	-0.006965405	-2.5009067	0.3689562	0.015386109	0.085808575	10.0	6827.286532640457
233	94.10345	4.483108	100.0	86.0	168.53448	31.541395	14.562389	62.550457	0.8294679	2340000	-6.829699e-09	29.485926	-0.007858264	-3.9886627	0.36690545	0.016550658	0.086608656	13.0	6855.239712238312
234	92.73448	7.9700637	100.0	50.8	165.06897	30.97666	14.895855	62.739502	-33.781612	2350000	4.8428774e-08	38.084133	-0.008680037	-9.288342	0.37219596	0.015121394	0.07150715	14.0	6882.339166164398
235	93.85423	4.8788476	100.0	82.0	167.05084	31.19623	14.956738	62.473682	-14.944194	2360000	-2.3593506e-08	29.766953	-0.008081703	-4.8229213	0.36403814	0.015286976	0.07140714	14.0	6911.638350486755
236	93.71864	5.408859	100.0	73.0	163.76271	31.512907	14.664915	63.160458	-3.7275562	2370000	-1.14863115e-08	27.66408	-0.013275708	-2.7080975	0.36432052	0.015359328	0.09150914	43.0	6939.806749343872
237	95.010345	4.389867	100.0	78.4	165.77586	31.65256	14.795999	62.418518	-0.97576725	2380000	-1.7384687e-08	27.257765	-0.007730545	-2.2211883	0.36536166	0.015034314	0.07770777	11.0	6969.004622936249
238	94.01667	4.985351	100.0	80.2	162.66667	32.18475	14.450707	62.56317	-4.4014025	2390000	-2.2351742e-08	30.636076	-0.009510909	-2.4991543	0.3678689	0.0154183535	0.07910791	17.0	6997.335519075394
239	93.88333	5.012689	100.0	78.4	163.28334	31.894514	14.677237	63.15379	1.6199731	2400000	-3.1044085e-09	33.418896	-0.007386392	-4.1268787	0.3688226	0.015271783	0.07740774	11.0	7023.858992576599
240	94.28814	4.322785	100.0	77.8	164.27118	31.571936	14.919198	63.730953	-9.772616	2410000	-1.3038516e-08	28.231157	-0.0096573755	-3.3083344	0.36935267	0.015088849	0.08350835	18.0	7053.736904621124
241	94.97377	3.6329052	100.0	86.2	161.18033	32.189503	14.477358	62.9538	-2.0651672	2420000	-1.27280755e-08	24.076126	-0.0068176067	-3.0899246	0.35387775	0.01634274	0.08980898	10.0	7081.192912340164
242	94.55	4.4857736	100.0	81.4	162.21666	32.338814	14.835095	63.16775	-6.902556	2430000	9.313226e-10	26.348114	-0.0077489144	-3.335521	0.35741866	0.0150841735	0.07490749	14.0	7110.199649095535
243	93.322044	5.576223	100.0	79.0	166.84746	31.487246	15.023611	62.871426	-5.031279	2440000	3.160191e-08	32.59302	-0.00865977	-4.799422	0.3682407	0.015462421	0.092909284	10.0	7139.018315076828
244	94.21333	4.6248407	100.0	78.4	162.43333	31.801504	14.386823	62.77123	-5.463705	2450000	-3.0267984e-09	25.895746	-0.007071438	-3.4930427	0.3709153	0.01637732	0.0861086	12.0	7167.0720047950745
245	94.44407	5.20457	100.0	71.8	163.8305	31.201918	14.881136	63.366943	-9.217411	2460000	3.973643e-08	27.958595	-0.007327477	-3.69211	0.3800695	0.016366465	0.06950694	7.0	7194.623115777969
246	94.70646	4.185646	100.0	82.0	159.0	32.436203	14.201587	61.601017	-1.9519645	2470000	3.1044085e-08	22.39135	-0.008321508	-2.602111	0.39805606	0.016330393	0.08550855	17.0	7224.257075786591
247	94.55862	4.3314023	100.0	84.0	169.67241	31.472153	15.100385	63.75436	-15.998058	2480000	1.7850349e-08	30.00117	-0.009733348	-7.291792	0.38537824	0.015718076	0.09420941	14.0	7251.167820215225
248	91.14828	20.561584	100.0	-60.0	169.13792	31.105827	14.983053	63.122437	-38.072716	2490000	0.0	59.69176	-0.008015968	-25.021875	0.39536452	0.015049177	0.06810681	13.0	7280.346853971481
249	94.15254	5.054729	100.0	80.0	167.49153	30.729816	14.819754	61.83506	-12.744351	2500000	1.9402553e-09	33.38974	-0.007637831	-4.609732	0.3968397	0.015512918	0.09650966	12.0	7308.071688175201
