Epoch	AverageEpRet	StdEpRet	MaxEpRet	MinEpRet	EpLen	AverageVVals	StdVVals	MaxVVals	MinVVals	TotalEnvInteracts	LossPi	LossV	DeltaLossPi	DeltaLossV	Entropy	KL	ClipFrac	StopIter	Time
0	81.8875	33.546234	100.0	-80.0	303.78125	18.896662	10.256471	47.86776	-11.874775	10000	1.2417635e-09	133.47227	-0.007078907	-30.606161	0.33296898	0.017771222	0.06640664	4.0	26.645883083343506
1	85.1125	16.794266	100.0	39.4	307.34375	17.598572	10.411707	44.134335	-21.591614	20000	1.800557e-08	79.96277	-0.008789228	-20.018785	0.34289196	0.015956322	0.06890688	8.0	51.357288122177124
2	84.525	16.186163	100.0	48.4	307.03125	17.176538	10.053989	42.889694	-13.593697	30000	3.3527613e-08	65.77223	-0.009001111	-13.415429	0.35201254	0.016000634	0.06250625	9.0	79.16961717605591
3	82.32667	19.090555	100.0	31.0	312.66666	18.517162	10.223339	45.60811	-11.6286335	40000	2.7318796e-08	87.614586	-0.00649861	-16.045359	0.35107347	0.016640447	0.060606062	9.0	103.08195281028748
4	87.19394	15.852844	100.0	44.8	294.36365	16.977274	9.935896	45.585487	-8.6080675	50000	1.4901161e-08	76.381485	-0.0069834725	-14.210304	0.3465744	0.0150272595	0.056705672	11.0	129.85650038719177
5	90.2303	11.91954	100.0	61.0	284.81818	17.901987	10.352943	48.285664	-13.643961	60000	2.483527e-09	77.06368	-0.0063188565	-16.49636	0.34999838	0.015011004	0.05190519	7.0	156.27974224090576
6	88.90323	12.778194	100.0	58.0	297.67743	19.833158	9.9282675	46.15799	-16.117645	70000	1.5522043e-09	62.260254	-0.0043208743	-10.761356	0.34812513	0.016074762	0.04230423	6.0	181.21365761756897
7	88.481255	13.850889	100.0	44.8	291.40625	19.156773	9.615263	45.40632	-7.295818	80000	-2.483527e-09	66.206726	-0.0074320696	-15.240153	0.35857847	0.015319787	0.06530654	9.0	206.5763394832611
8	84.41875	18.107964	100.0	37.6	299.0625	18.584427	10.348833	44.771656	-16.453789	90000	-3.7951395e-08	73.93664	-0.007964804	-17.993147	0.36063054	0.016480178	0.05810581	10.0	230.7286684513092
9	88.76363	12.387819	100.0	55.6	288.87878	17.44085	10.314859	44.282906	-11.858926	100000	2.5921812e-08	72.00393	-0.00674344	-17.262613	0.37091756	0.015358905	0.075207524	7.0	256.31833577156067
10	87.40625	19.201334	100.0	10.6	301.5	18.774721	10.249779	46.157646	-13.391717	110000	-9.934108e-09	76.50386	-0.0067103035	-16.279062	0.37337187	0.015989862	0.06810681	7.0	282.77170848846436
11	88.6875	13.955281	100.0	49.6	294.875	18.98835	10.673835	45.35723	-10.774796	120000	-7.450581e-09	69.44486	-0.008319757	-15.47614	0.37258506	0.015305262	0.07260726	10.0	309.54866671562195
12	88.56774	14.481587	100.0	35.8	297.32257	19.805262	10.490159	50.509544	-19.734686	130000	-1.7695129e-08	67.7913	-0.0075902515	-15.465154	0.38748226	0.015605699	0.06040604	9.0	333.2539370059967
13	88.75625	14.484624	100.0	44.8	298.75	18.61974	10.204854	47.78832	-13.225596	140000	9.934108e-09	65.32944	-0.007885271	-13.01755	0.39601004	0.015335645	0.062406242	10.0	358.8946146965027
14	86.975	16.189175	100.0	43.0	294.21875	18.85364	10.639961	48.222034	-9.749759	150000	1.1796753e-08	82.148415	-0.006365471	-15.363232	0.39449736	0.016447606	0.05560556	7.0	384.16973996162415
15	85.57576	21.159811	100.0	-10.0	291.69696	17.933182	10.160281	45.4006	-10.905844	160000	1.9868216e-08	90.266235	-0.008126369	-19.87092	0.39754233	0.015621644	0.07750775	10.0	411.1243643760681
16	86.399994	17.420122	100.0	44.8	302.4516	19.205519	10.536847	45.20868	-18.233606	170000	0.0	77.14103	-0.009214601	-15.683278	0.37652576	0.015151526	0.06650665	12.0	436.54426097869873
17	87.92902	15.174219	100.0	50.2	295.35483	19.062994	10.3144245	48.097782	-10.633204	180000	8.692344e-09	68.917854	-0.007285688	-13.58395	0.37880638	0.015134066	0.056405645	9.0	459.55769634246826
18	86.89677	15.239921	100.0	55.0	307.35483	19.144987	10.409606	45.102356	-13.503174	190000	2.4291998e-08	72.66128	-0.008406772	-17.123398	0.37852755	0.016029129	0.07060706	10.0	484.6224744319916
19	89.68485	15.048046	100.0	30.4	284.12122	18.350557	10.464021	43.612663	-17.893465	200000	3.729171e-08	74.57685	-0.008605893	-14.799315	0.38082305	0.015400159	0.07920793	14.0	511.05109572410583
20	85.8303	16.088177	100.0	46.0	296.33334	18.395174	10.722071	50.82293	-18.852	210000	-9.313226e-09	73.17169	-0.008052715	-13.64854	0.37822735	0.018296562	0.068206824	7.0	536.5052258968353
21	88.08485	15.694201	100.0	43.0	291.81818	17.58964	10.141678	47.13756	-14.920141	220000	2.1032369e-08	71.51855	-0.0061219893	-15.402566	0.36562052	0.01556009	0.05170517	8.0	564.4626471996307
22	87.45625	16.842896	100.0	44.2	300.90625	18.386734	10.989218	50.743835	-6.6235447	230000	-1.1796753e-08	71.94013	-0.008995954	-15.757682	0.38892427	0.015551429	0.073507346	12.0	588.9899935722351
23	89.52727	13.081175	100.0	53.2	286.0303	18.571266	10.411278	51.126232	-7.14808	240000	6.829699e-09	70.11316	-0.012010205	-14.474166	0.38025984	0.015477404	0.086708665	24.0	616.9875943660736
24	84.45806	23.80329	100.0	-10.0	303.32257	18.384062	11.127003	51.320778	-21.748842	250000	-4.9670536e-08	106.46027	-0.007723652	-28.275175	0.38194206	0.015758315	0.07450745	8.0	644.6262028217316
25	87.09375	16.028255	100.0	44.8	294.5	18.104954	10.896555	46.51109	-14.664722	260000	-1.2417634e-08	63.02345	-0.007052476	-14.67828	0.36388016	0.015163001	0.07870787	9.0	669.175607919693
26	88.19394	15.529483	100.0	41.8	281.84848	18.21447	10.1661825	45.90543	-16.273596	270000	-6.9849193e-09	75.63129	-0.0072432593	-12.502225	0.36515763	0.015952932	0.063906394	10.0	693.9266424179077
27	89.1875	11.209365	100.0	61.6	285.28125	19.012327	10.8025	50.438572	-14.945763	280000	3.1044085e-08	60.648266	-0.009925878	-11.511699	0.35674408	0.0154298255	0.08020802	17.0	718.2125236988068
28	85.993546	17.721027	100.0	31.6	307.7097	18.950853	10.83393	49.486156	-17.81563	290000	-1.2883295e-08	68.18897	-0.008491368	-15.231305	0.36830243	0.015404493	0.07410741	11.0	744.4884779453278
29	82.23333	22.210033	100.0	14.2	318.8	18.587542	11.005445	50.38599	-21.100286	300000	2.6077032e-08	76.246605	-0.009674888	-15.559983	0.3669643	0.016567169	0.08090809	9.0	767.2249140739441
30	86.393745	15.734077	100.0	39.4	295.5625	17.872393	10.663817	50.126595	-13.137584	310000	2.7939677e-09	69.39874	-0.007512705	-14.291003	0.35971236	0.016697584	0.059105914	8.0	794.2635614871979
31	86.59375	17.459846	100.0	38.8	295.125	17.95787	10.945007	50.598404	-17.848104	320000	-2.6077032e-08	88.918	-0.007931316	-20.292831	0.36000407	0.015992759	0.06840684	11.0	818.392591714859
32	85.8625	16.157618	100.0	47.8	298.9375	17.905373	10.977066	51.160988	-13.164081	330000	2.3380078e-09	81.08672	-0.007595269	-16.103533	0.3769587	0.0154091045	0.06480648	9.0	845.8119926452637
33	87.296776	14.89948	100.0	43.0	300.80646	18.590225	10.755974	52.48881	-19.615316	340000	-1.0652002e-08	66.052315	-0.009389562	-12.808422	0.37366104	0.015036684	0.07230723	15.0	871.9050114154816
34	87.625	15.509494	100.0	49.6	302.96875	18.191124	10.289998	45.88617	-9.284507	350000	-9.934108e-09	71.581276	-0.009406128	-16.348305	0.37166917	0.016246224	0.072407246	12.0	898.6761729717255
35	87.22424	18.074575	100.0	41.2	290.39395	18.105852	10.163763	49.01799	-16.624317	360000	1.3659398e-08	66.61343	-0.007586824	-13.062781	0.36831674	0.0159872	0.070907086	9.0	925.5832214355469
36	88.76969	15.354094	100.0	42.4	296.9091	18.083868	10.880699	50.072853	-10.688213	370000	2.2351742e-08	69.44458	-0.008126532	-11.464013	0.3611933	0.015347202	0.069106914	12.0	951.2570357322693
37	88.454544	14.402548	100.0	42.4	281.42426	18.675749	10.698773	47.690014	-6.5311027	380000	1.39358844e-08	70.036644	-0.01255716	-12.778824	0.35638952	0.015183845	0.08080808	29.0	979.7972979545593
38	88.666664	13.795008	100.0	53.2	283.9697	18.508986	10.897769	50.85831	-7.0958595	390000	1.7384687e-08	64.73344	-0.0073437938	-15.314914	0.3656138	0.016479032	0.04670467	9.0	1005.3806495666504
39	88.83125	14.263074	100.0	46.6	286.09375	19.252316	11.167717	51.168957	-13.330076	400000	-1.4590721e-08	66.27316	-0.00914959	-12.759269	0.37219253	0.015704751	0.07660767	11.0	1028.5088334083557
40	87.81212	15.440988	100.0	56.2	287.12122	18.317406	10.595323	50.42736	-8.395113	410000	-3.1044085e-08	63.131092	-0.009400081	-13.812103	0.3633276	0.015067992	0.065806575	10.0	1055.2512550354004
41	89.79394	12.477324	100.0	50.8	290.12122	18.443201	10.871013	49.536884	-14.195996	420000	2.3593506e-08	68.72775	-0.011213499	-13.734794	0.38252974	0.015595711	0.07840785	20.0	1081.0359239578247
42	87.80625	16.106403	100.0	40.0	299.75	18.221386	10.682536	52.176556	-15.336426	430000	-5.5879354e-09	78.77195	-0.010948874	-20.355917	0.37512878	0.015316494	0.07820783	15.0	1107.0415172576904
43	88.63125	14.889854	100.0	49.0	288.25	19.010397	10.528787	46.73471	-7.6457047	440000	6.9849193e-09	80.56623	-0.009850251	-18.0068	0.37611234	0.0161729	0.07180718	11.0	1131.5751378536224
44	87.454544	14.254082	100.0	52.6	285.51514	18.849329	10.455747	51.275455	-7.5917664	450000	-1.7384687e-08	74.402306	-0.007191118	-17.635233	0.36749074	0.015894074	0.06590659	7.0	1157.5744757652283
45	89.430305	12.373591	100.0	52.6	296.72726	18.014536	10.615298	51.58517	-7.03076	460000	3.7252903e-08	62.969482	-0.008183752	-11.990722	0.36854777	0.015879631	0.078907885	10.0	1183.8622324466705
46	85.587875	14.816693	100.0	52.0	293.0606	18.453295	9.859052	50.13711	-5.191626	470000	-1.3659398e-08	85.88883	-0.0063654953	-21.616858	0.39594814	0.016678276	0.058805883	7.0	1211.2342100143433
47	88.15625	14.509284	100.0	44.2	293.8125	18.117867	10.366254	48.837925	-17.214571	480000	-3.7252903e-09	73.48396	-0.010651329	-16.477148	0.41887644	0.015133932	0.07650765	17.0	1237.869307756424
48	82.51333	17.282028	100.0	48.4	316.66666	18.79142	10.648635	48.715847	-12.4809	490000	-4.967054e-09	86.296165	-0.011618845	-18.573431	0.40437606	0.01546067	0.07940794	12.0	1262.9573316574097
49	85.14375	22.257875	100.0	-10.0	298.5	17.515469	9.594375	44.58084	-9.653385	500000	2.3593506e-08	111.979	-0.007824123	-26.64344	0.42197475	0.015330579	0.08540854	8.0	1291.2232372760773
50	85.97576	13.18307	100.0	61.0	292.9394	17.130527	10.504543	45.228226	-10.80121	510000	2.6077032e-08	79.9602	-0.0071060234	-17.194593	0.42169428	0.015258663	0.068906896	10.0	1316.8580951690674
51	83.077415	23.915966	100.0	-20.0	300.32257	17.872143	10.048479	45.081326	-8.677365	520000	2.2662183e-08	99.536316	-0.014772757	-20.838556	0.40362754	0.015467732	0.07630763	34.0	1342.1544919013977
52	88.89375	13.220532	100.0	57.4	297.46875	18.494314	10.031347	47.775036	-10.091952	530000	7.1401396e-09	76.21949	-0.009581582	-13.459479	0.4165932	0.01544641	0.07590759	15.0	1369.5385994911194
53	86.09375	16.100853	100.0	37.6	300.0625	18.684916	10.25115	45.697887	-17.403776	540000	-6.208817e-09	68.29671	-0.0075641237	-14.176938	0.40618703	0.016194277	0.067406744	8.0	1396.8387217521667
54	87.71516	14.554227	100.0	54.4	284.30304	18.811586	10.439288	47.80531	-10.857852	550000	6.829699e-09	75.42145	-0.0073024537	-18.2877	0.42086017	0.01627695	0.078707874	10.0	1422.9149198532104
55	87.51613	14.06453	100.0	54.4	306.41934	19.035105	10.554402	53.50421	-22.978775	560000	-2.6077032e-08	70.072495	-0.009630245	-13.357823	0.40487745	0.015622039	0.08520851	13.0	1449.3555436134338
56	89.1	13.734537	100.0	47.8	288.8125	18.194016	10.725224	49.451073	-14.264092	570000	-9.313226e-10	66.502335	-0.0065792017	-13.10468	0.41023836	0.015929	0.06380638	8.0	1476.341135263443
57	89.51515	10.645247	100.0	58.0	295.78787	17.941452	10.729842	47.190983	-9.440103	580000	-4.346172e-08	61.83545	-0.008507004	-10.790399	0.4077649	0.015786944	0.068506844	11.0	1502.0057892799377
58	85.993935	15.317923	100.0	35.2	293.63635	18.54351	10.194256	50.81118	-7.199902	590000	-3.1354528e-08	78.489265	-0.00945593	-14.179076	0.3918608	0.015406072	0.079507954	13.0	1528.0973963737488
59	89.5375	13.383614	100.0	50.8	301.75	18.504938	10.290109	48.64727	-10.717837	600000	7.450581e-09	66.55961	-0.0063802134	-15.105137	0.41720796	0.017616125	0.06050605	6.0	1553.6548879146576
60	88.975	11.817546	100.0	62.8	298.84375	18.309177	10.392833	47.861076	-10.991119	610000	-1.7268272e-08	67.159904	-0.007740613	-13.692172	0.39517936	0.015564673	0.068006806	9.0	1581.501056432724
61	87.87273	15.446237	100.0	49.6	287.48486	18.829994	10.131763	53.407238	-8.072482	620000	-2.7765054e-08	80.55421	-0.011629455	-16.020727	0.39613673	0.015404251	0.07920792	20.0	1608.2606980800629
62	88.5	12.86808	100.0	62.2	299.375	18.484585	10.450417	57.327183	-13.368619	630000	-3.3838052e-08	59.712463	-0.012236665	-12.119675	0.38828447	0.015065216	0.085608564	22.0	1635.6303832530975
63	88.200005	16.48272	100.0	41.2	284.84848	18.32436	10.648433	54.271107	-11.215563	640000	2.2662183e-08	84.31155	-0.010685467	-16.781042	0.37966934	0.0150141595	0.08320832	18.0	1661.966685295105
64	90.121216	12.735343	100.0	55.6	279.24243	18.408524	11.082151	56.469334	-5.576291	650000	6.829699e-09	69.94399	-0.011241798	-14.301292	0.39235806	0.015084113	0.07420742	18.0	1686.9432256221771
65	90.42424	10.803452	100.0	56.2	283.0606	19.027666	11.563228	56.453403	-11.524097	660000	-6.208817e-09	65.59138	-0.008153121	-13.485166	0.38894928	0.015860142	0.07120711	10.0	1712.787614107132
66	83.91515	19.30596	100.0	29.2	292.57574	18.599274	10.267269	50.98578	-14.777811	670000	1.2417635e-09	86.65631	-0.007883693	-18.866552	0.39928213	0.015838193	0.07290729	8.0	1737.565758228302
67	90.19394	12.986658	100.0	56.8	277.0606	17.438366	11.331962	52.492332	-19.310053	680000	1.8626451e-08	64.24435	-0.008145758	-12.246541	0.37392735	0.015600447	0.05890589	11.0	1764.120195388794
68	87.6125	16.794117	100.0	30.4	303.6875	19.069317	11.386623	52.8961	-6.5043907	690000	3.737902e-08	69.02191	-0.008612473	-13.027083	0.3949215	0.015251517	0.07780778	11.0	1789.9351959228516
69	90.854546	12.095606	100.0	47.2	280.0909	18.001938	11.176596	49.770016	-15.120705	700000	-1.0554989e-08	68.788734	-0.010712542	-11.721821	0.37471744	0.015491265	0.08590859	16.0	1816.7356791496277
70	88.73939	13.424851	100.0	58.0	288.24243	18.39135	11.028706	56.570915	-7.0676126	710000	-1.3659398e-08	57.235504	-0.0079142945	-9.080573	0.37364972	0.0154624805	0.085508555	11.0	1841.9963731765747
71	89.21212	15.476821	100.0	38.2	284.0909	18.016062	11.346453	51.950977	-9.980726	720000	-1.2262414e-08	64.41819	-0.010201425	-10.749364	0.38753596	0.015075952	0.080008	19.0	1868.4934911727905
72	86.15625	18.263607	100.0	19.6	294.625	18.563751	11.588201	55.347828	-9.536739	730000	-2.5456151e-08	75.95914	-0.009034325	-15.834434	0.39765048	0.0164544	0.071707174	14.0	1893.7271611690521
73	85.0125	16.761185	100.0	30.4	304.0625	18.06167	11.0507965	52.132042	-10.268329	740000	2.4835268e-08	77.23104	-0.009454029	-17.03116	0.41124558	0.015336376	0.06770677	10.0	1920.1221027374268
74	87.757576	16.499458	100.0	41.8	287.18182	17.136124	11.1447315	53.871105	-10.492437	750000	-2.2351742e-08	71.94071	-0.0119377775	-14.121773	0.40066314	0.015805304	0.08330833	18.0	1945.357650756836
75	87.6375	14.393526	100.0	52.0	296.875	17.938246	11.084757	48.863415	-11.7771015	760000	1.0477379e-08	71.39571	-0.0076618916	-17.320726	0.38697278	0.016018577	0.064006396	8.0	1972.554182767868
76	88.85625	10.99332	100.0	61.6	300.53125	19.041645	10.5766735	49.098103	-9.023652	770000	2.483527e-09	67.38092	-0.0049053966	-15.814137	0.380996	0.019506369	0.07670767	5.0	1997.7278189659119
77	83.425804	18.368961	100.0	32.8	294.80646	18.696423	10.405186	52.220684	-16.85462	780000	-3.7252903e-08	81.36907	-0.0063781333	-14.45556	0.36545786	0.015602226	0.06450645	9.0	2022.309114933014
78	86.854546	14.730572	100.0	42.4	285.54544	17.184528	10.468171	49.572544	-10.342924	790000	2.3418883e-08	72.980125	-0.0073852036	-15.034454	0.37100363	0.015817402	0.06080608	8.0	2048.0861163139343
79	88.369705	13.273909	100.0	56.8	280.39395	18.23383	10.664065	43.47375	-15.9958725	800000	-1.7384687e-08	71.35505	-0.007210122	-18.215311	0.39247707	0.015246014	0.060706068	9.0	2074.8217425346375
80	83.3742	18.263853	100.0	31.0	304.80646	18.794594	10.716688	48.821976	-19.094473	810000	1.2572855e-08	76.37684	-0.006215204	-21.21548	0.39206943	0.016182745	0.061206117	7.0	2099.4926614761353
81	86.54666	16.553343	100.0	32.2	304.56668	18.551472	10.863717	46.73094	-14.204785	820000	-1.4901161e-08	67.46972	-0.009962258	-14.053479	0.40349746	0.015691321	0.08920892	13.0	2122.3053257465363
82	80.98125	27.87191	100.0	-30.0	294.6875	18.00376	9.910985	44.68514	-18.184969	830000	-4.5945246e-08	125.04053	-0.005660739	-24.997095	0.40341058	0.01548285	0.06250625	7.0	2147.4760806560516
83	85.490906	14.689109	100.0	56.8	294.27274	17.504057	10.197851	44.251423	-18.436663	840000	8.071463e-09	72.743805	-0.008918292	-17.605515	0.39732596	0.015417646	0.059805978	13.0	2174.4157865047455
84	84.962494	16.043333	100.0	46.0	294.09375	17.422918	10.590039	49.585186	-13.193825	850000	6.208817e-09	81.36022	-0.007979713	-17.449476	0.39579034	0.01629867	0.06610661	9.0	2198.4174041748047
85	81.85807	20.861273	100.0	35.2	294.80646	18.449255	10.187583	45.11721	-18.916939	860000	-3.601114e-08	88.35129	-0.0070818043	-18.200287	0.40701926	0.016073272	0.06340634	8.0	2222.677658557892
86	87.15151	15.99682	100.0	40.6	281.24243	18.293764	9.874022	47.536667	-16.008003	870000	-1.1796753e-08	70.519936	-0.009805217	-15.562661	0.39802244	0.016124323	0.076107614	13.0	2247.9425568580627
87	80.28667	21.766193	100.0	18.4	316.0	18.359747	10.848362	46.305737	-16.701385	880000	2.483527e-09	81.17896	-0.008770205	-19.556368	0.38731828	0.01566069	0.0840084	11.0	2276.4020552635193
88	85.04	13.072659	100.0	56.2	316.03333	17.754583	10.596695	46.817505	-16.828342	890000	-3.4769375e-08	71.7312	-0.009632248	-17.997372	0.4183754	0.016214464	0.078007795	10.0	2301.7290782928467
89	83.2909	17.971094	100.0	38.0	295.9091	16.853498	10.101911	45.478355	-20.248478	900000	-2.9802322e-08	74.61147	-0.008873119	-14.185536	0.41174087	0.01596844	0.07350735	11.0	2327.27175450325
90	89.01819	12.962825	100.0	59.2	284.9394	17.262886	9.776589	43.41471	-10.025608	910000	-5.2774944e-09	72.34411	-0.009731602	-17.441374	0.39674366	0.0150739895	0.08170817	15.0	2354.5868153572083
91	89.975	10.617998	100.0	63.4	276.71875	19.482327	10.309357	49.574112	-8.220798	920000	2.3593506e-08	65.66683	-0.012133139	-10.375779	0.3913149	0.015472438	0.07540754	24.0	2380.447249889374
92	83.51515	18.47521	100.0	32.0	292.75757	18.566801	9.833341	47.02875	-6.66886	930000	3.4924597e-09	90.33773	-0.0054526706	-13.566745	0.39882326	0.017287893	0.05270527	6.0	2405.148387670517
93	85.51875	18.253414	100.0	32.2	288.8125	17.570978	9.821412	48.7698	-10.2047615	940000	4.967054e-09	73.9339	-0.010100023	-17.44836	0.38440397	0.015333732	0.08980898	14.0	2431.1404054164886
94	86.9875	14.23841	100.0	51.4	289.96875	18.297426	10.689261	43.950554	-19.194983	950000	-1.6763806e-08	71.196236	-0.00863601	-14.03938	0.38723898	0.015616298	0.0790079	11.0	2457.708255290985
95	84.02666	18.723728	100.0	13.0	313.93332	18.963839	10.150641	48.059006	-14.344611	960000	-1.7384687e-08	80.47387	-0.0064845495	-17.865683	0.39201793	0.016273526	0.06260626	6.0	2483.14377951622
96	89.10303	11.932145	100.0	66.4	294.51514	16.744354	9.822133	44.500034	-15.568576	970000	3.4148496e-08	71.679756	-0.0070249164	-15.546276	0.39465678	0.015328052	0.069806986	7.0	2509.683693885803
97	83.40625	23.046068	100.0	-10.0	293.59375	18.587463	9.911652	47.696133	-17.580221	980000	-6.208817e-09	101.86948	-0.014131974	-21.409876	0.37023398	0.015102428	0.08870887	34.0	2536.928328514099
98	84.145454	14.66162	100.0	56.2	287.78787	17.110546	10.454264	46.91988	-13.714679	990000	-1.9868216e-08	82.73853	-0.0075086504	-17.704157	0.3862126	0.016913751	0.063006304	8.0	2562.7528097629547
99	84.22424	17.524961	100.0	40.6	294.69696	16.943949	9.368386	47.15854	-6.064696	1000000	7.450581e-09	73.78101	-0.0066255867	-17.830793	0.37173593	0.015211324	0.07120711	8.0	2590.480929374695
100	84.899994	16.071558	100.0	46.0	286.125	17.9879	10.0328045	47.635986	-14.478087	1010000	-1.2417634e-08	80.80607	-0.0077652074	-17.870533	0.36135104	0.015018721	0.0650065	9.0	2616.0945773124695
101	86.987885	15.49498	100.0	56.2	298.66666	17.730574	10.253217	44.65028	-11.964248	1020000	2.9802322e-08	67.014984	-0.006516339	-12.782089	0.37067914	0.017990142	0.05680568	5.0	2641.4666912555695
102	88.443756	13.59354	100.0	57.4	298.59375	18.580055	10.111071	47.047092	-17.9255	1030000	3.7252903e-09	69.386406	-0.010807268	-17.366716	0.3840939	0.016572496	0.07730773	16.0	2666.65310382843
103	85.65625	22.269835	100.0	-20.0	292.9375	19.015291	9.5048685	45.46561	-11.7375765	1040000	4.967054e-09	88.598564	-0.012954593	-19.492516	0.3737458	0.015429181	0.07530753	29.0	2693.4327490329742
104	81.0	17.706873	100.0	37.0	317.3	17.619839	10.440275	46.671818	-16.263687	1050000	-1.2417634e-08	88.40228	-0.012296249	-20.218285	0.3739543	0.015209898	0.08050805	21.0	2718.6613886356354
105	84.81212	19.438229	100.0	10.0	285.21213	16.576109	9.807989	45.419304	-9.076359	1060000	-2.4835268e-08	93.22141	-0.0065238834	-16.310083	0.38161087	0.016537836	0.06660666	7.0	2743.310866355896
106	86.2	13.120785	100.0	62.8	291.5	17.504282	10.05259	50.220974	-8.02616	1070000	2.483527e-09	69.96841	-0.008604791	-11.867349	0.3672646	0.016009856	0.070007004	11.0	2769.498435497284
107	79.00645	22.903584	100.0	10.0	313.51614	17.039907	10.527527	46.1961	-15.783849	1080000	1.9868216e-08	103.988976	-0.0072059794	-26.089462	0.36529207	0.015378453	0.06360636	9.0	2794.5881526470184
108	86.86667	16.215717	100.0	26.0	288.9394	15.984093	10.258983	44.477882	-14.315553	1090000	-2.4059167e-08	83.70411	-0.007451439	-17.729296	0.37282404	0.015086897	0.05970597	11.0	2821.17764210701
109	86.6375	12.8099985	100.0	52.0	290.75	18.214212	9.883458	46.806263	-11.410582	1100000	-7.450581e-09	71.10583	-0.0106896	-17.261856	0.36085033	0.015016094	0.09820982	17.0	2848.541755914688
110	82.2625	23.893955	100.0	-20.0	308.9375	17.777927	10.228168	52.364132	-14.581849	1110000	7.450581e-09	125.28705	-0.00744853	-27.711485	0.37069118	0.015477573	0.09920991	8.0	2874.1332886219025
111	86.175	16.734749	100.0	29.8	294.96875	16.695202	10.510905	46.63911	-14.125862	1120000	1.4280279e-08	89.414925	-0.010072003	-19.230103	0.38979945	0.015747314	0.0850085	17.0	2899.09805059433
112	80.02581	19.49913	100.0	26.0	302.87097	17.65197	11.063157	54.29582	-14.82909	1130000	-7.450581e-09	82.660805	-0.0078121647	-15.875501	0.3752332	0.015210272	0.05870587	9.0	2925.145421266556
113	86.66875	14.495138	100.0	46.0	292.21875	16.66253	10.961591	51.98541	-17.844933	1140000	-2.2118911e-09	91.21518	-0.006228957	-20.542633	0.3922399	0.015853817	0.08420842	8.0	2949.519191503525
114	87.35	14.634036	100.0	51.4	286.25	18.125313	10.429117	53.390102	-17.416605	1150000	-1.6142925e-08	69.665794	-0.007449184	-11.1631365	0.40088883	0.0155171	0.08830883	8.0	2974.752712249756
115	86.33548	16.062088	100.0	40.0	296.3871	18.41821	10.564037	54.554836	-9.262665	1160000	-1.2417635e-09	78.751434	-0.008623712	-15.657023	0.40293503	0.016155751	0.0830083	12.0	2999.8340196609497
116	87.537506	13.668799	100.0	55.6	291.5625	17.806627	10.557229	54.223408	-17.846642	1170000	9.934108e-09	72.05854	-0.008776056	-20.319683	0.40185308	0.015527311	0.07180718	10.0	3025.0776722431183
117	86.9875	18.130219	100.0	17.8	286.65625	19.049202	10.252454	55.465843	-6.7461777	1180000	2.483527e-09	83.13619	-0.010017994	-18.852709	0.39521042	0.015309499	0.08410841	14.0	3048.8028450012207
118	89.4303	11.408144	100.0	56.8	296.39395	18.297419	10.278867	54.596058	-9.993206	1190000	-2.2972623e-08	63.668762	-0.006069275	-13.283115	0.39524427	0.0150404	0.05260526	7.0	3073.146384239197
119	84.75151	17.387144	100.0	50.0	287.27274	18.785624	10.360574	57.3766	-13.489373	1200000	1.4901161e-08	83.85889	-0.0070692175	-16.487955	0.3887588	0.015008819	0.07220722	8.0	3097.6496341228485
120	88.8375	12.3710785	100.0	56.2	293.03125	18.058147	10.994716	53.50468	-10.474296	1210000	-1.4280279e-08	72.13403	-0.0065515223	-15.325805	0.38296643	0.01508626	0.07040704	9.0	3125.106229543686
121	86.1	13.673697	100.0	61.0	293.1875	18.57374	9.888242	54.746716	-7.664079	1220000	1.3659398e-08	70.109795	-0.008219206	-13.576339	0.37417662	0.015662454	0.07110711	11.0	3149.5430343151093
122	86.34545	15.500402	100.0	36.4	297.57574	17.909794	10.295366	52.646576	-19.409786	1230000	-6.953875e-08	77.7619	-0.008381875	-18.098383	0.38128027	0.01697713	0.060706068	8.0	3176.785436153412
123	87.88125	12.413789	100.0	56.0	285.75	18.681232	9.264877	48.82444	-11.192007	1240000	-8.381903e-09	70.37241	-0.007858076	-13.376095	0.35819164	0.0153534375	0.071007095	11.0	3201.9492659568787
124	88.181816	15.281153	100.0	24.0	287.0909	18.571224	10.097588	53.620056	-7.627878	1250000	1.3969839e-09	78.61315	-0.010211316	-14.727898	0.36796474	0.015089554	0.07870787	19.0	3228.551922559738
125	83.94839	22.904568	100.0	-10.0	304.12903	18.74789	10.669883	53.540924	-12.659727	1260000	1.5522042e-08	94.6803	-0.008730485	-21.219624	0.38371456	0.017893884	0.074407436	9.0	3253.4429149627686
126	90.878784	10.86969	100.0	61.0	286.69696	16.790232	10.394346	50.6171	-9.880884	1270000	1.1796753e-08	69.466255	-0.0056107324	-16.369427	0.35983124	0.015679952	0.047804784	8.0	3280.510146856308
127	89.01875	13.236253	100.0	50.8	292.5625	18.902687	10.812319	52.10216	-18.54964	1280000	5.5879354e-09	59.61404	-0.009307429	-11.714992	0.37184754	0.015574197	0.076107614	11.0	3307.854052066803
128	88.87273	12.178652	100.0	64.0	284.27274	18.768188	10.352581	50.002705	-10.129879	1290000	2.8560558e-08	68.06733	-0.00585784	-13.053962	0.37518832	0.015285626	0.05070507	7.0	3334.0821232795715
129	91.19394	9.985503	100.0	69.4	287.48486	18.578014	10.314789	51.51539	-5.1341863	1300000	3.7252903e-09	57.947346	-0.009240304	-10.9636755	0.38316095	0.01567006	0.07790779	13.0	3358.6739735603333
130	86.71875	14.185102	100.0	40.0	289.3125	19.478516	10.333579	50.273647	-10.1924515	1310000	1.1175871e-08	77.185844	-0.009500752	-15.148734	0.37914824	0.015554522	0.06830683	14.0	3384.4138879776
131	90.545456	11.050877	100.0	64.6	275.24243	18.159863	10.014652	49.91312	-5.9233704	1320000	1.3969839e-08	63.714954	-0.005476737	-13.099317	0.36143276	0.016218552	0.054805484	6.0	3410.228536128998
132	87.89375	14.013207	100.0	50.8	292.90625	19.728199	10.783981	49.564167	-12.969946	1330000	-1.2805685e-08	65.17743	-0.0109196855	-12.604294	0.38059887	0.015424061	0.07170717	15.0	3435.1389276981354
133	87.27273	15.150462	100.0	49.0	292.0909	17.413237	10.803422	48.780678	-14.206919	1340000	1.4280279e-08	65.58429	-0.009593412	-16.197012	0.38218704	0.016715733	0.07090709	11.0	3460.7249529361725
134	89.35625	12.540508	100.0	55.0	301.3125	18.846722	10.464889	48.73128	-11.872722	1350000	-1.2104768e-08	64.91859	-0.009514019	-15.320758	0.38835466	0.01543055	0.07530753	12.0	3486.734294652939
135	82.479996	17.604818	100.0	34.6	319.7	19.73032	9.80803	43.716232	-18.92355	1360000	-1.4125059e-08	77.200455	-0.008369241	-21.012583	0.39461637	0.015093274	0.07050706	9.0	3510.2152948379517
136	86.26	16.845743	100.0	31.0	307.0	17.989408	9.774013	44.83977	-16.022358	1370000	2.7318796e-08	60.0414	-0.009301208	-11.705409	0.40315428	0.015464153	0.07310731	12.0	3534.3210549354553
137	88.025	15.123058	100.0	50.2	294.8125	18.532898	9.7704735	44.942947	-4.5578218	1380000	-3.3527613e-08	72.7889	-0.0055068843	-15.670703	0.39959466	0.015906658	0.06570657	5.0	3557.7355482578278
138	87.43125	13.923551	100.0	42.0	295.5625	19.109026	10.590303	49.061523	-13.124236	1390000	-2.4835268e-08	82.05558	-0.0071746665	-21.028847	0.4101872	0.015996806	0.07550755	9.0	3584.886768579483
139	89.12727	13.473189	100.0	52.0	275.0606	18.506317	9.764525	49.55109	-7.6624804	1400000	2.5456151e-08	62.15773	-0.013266188	-13.133415	0.39548722	0.015118158	0.07560756	33.0	3610.284544944763
140	80.9625	25.751478	100.0	-20.0	298.0	19.143847	10.52085	55.42645	-12.4585	1410000	-4.967054e-09	130.92868	-0.0097915875	-39.47468	0.4121978	0.015175677	0.0740074	9.0	3636.959537744522
141	89.933334	12.016722	100.0	60.4	284.9091	16.955833	10.363988	43.94289	-13.388163	1420000	-8.692344e-09	78.95644	-0.006961755	-21.34262	0.41011524	0.015121575	0.07450745	9.0	3664.3599050045013
142	84.129036	23.784164	100.0	-10.0	299.90323	19.184605	10.330893	48.41002	-27.40471	1430000	2.483527e-09	97.39776	-0.010148577	-20.838581	0.404498	0.015643692	0.0740074	15.0	3688.6610827445984
143	85.0	17.831179	100.0	25.0	310.25806	18.113466	10.221561	47.6391	-24.396284	1440000	-1.3038516e-08	78.21752	-0.0089053735	-19.493488	0.4152113	0.015085812	0.057205718	9.0	3715.613267660141
144	91.35625	9.252397	100.0	68.2	293.75	18.98448	9.619373	45.7345	-8.084885	1450000	-6.581346e-08	82.086975	-0.0074379332	-24.956726	0.40162286	0.01538103	0.076907694	7.0	3739.7748107910156
145	90.29375	11.666512	100.0	46.0	296.46875	18.810509	10.125324	54.47999	-15.717422	1460000	-1.1175871e-08	61.699596	-0.0056550684	-12.712073	0.4177468	0.015477382	0.06840684	6.0	3765.995771408081
146	87.27273	13.490631	100.0	38.0	295.78787	18.575813	10.117048	53.125942	-10.938254	1470000	-5.9604645e-08	71.099754	-0.010609332	-14.22273	0.40726185	0.016006147	0.09810981	12.0	3792.601487159729
147	89.98125	10.566734	100.0	66.4	295.46875	18.535692	10.113463	51.465397	-10.500677	1480000	2.6077032e-08	74.859024	-0.009674096	-12.884804	0.41346395	0.015174329	0.08330833	14.0	3818.860305070877
148	86.40625	15.154577	100.0	41.8	298.3125	18.502405	9.830997	51.67135	-9.970378	1490000	-3.663202e-08	70.83462	-0.005981715	-13.369227	0.41031852	0.015713405	0.060706068	5.0	3844.3223989009857
149	88.08388	13.127835	100.0	56.8	303.74194	18.495806	10.016019	49.645985	-11.233419	1500000	9.449043e-09	65.56971	-0.010011288	-17.078522	0.40895596	0.015371245	0.07390738	13.0	3870.4843475818634
150	86.32258	20.440798	100.0	26.2	300.74194	18.544447	10.452535	46.801743	-20.176615	1510000	-7.761022e-11	73.6043	-0.0075128465	-19.966305	0.4026945	0.015274703	0.09250925	8.0	3895.79168343544
151	88.95	13.166624	100.0	38.0	302.625	18.078882	10.752517	45.38984	-13.310126	1520000	3.663202e-08	85.50759	-0.008398489	-21.823738	0.39004168	0.015668036	0.06770677	10.0	3923.211309671402
152	87.76363	13.190489	100.0	56.2	290.87878	18.913805	9.867349	52.05479	-13.945218	1530000	-2.3593506e-08	71.57386	-0.009710269	-17.415213	0.39260903	0.015520127	0.06810681	14.0	3948.248679637909
153	90.818184	11.988415	100.0	56.2	282.81818	18.243258	10.3360615	52.26963	-17.61104	1540000	1.2417635e-09	57.855625	-0.0072985697	-15.530036	0.37804875	0.015150185	0.05180518	8.0	3974.699934244156
154	89.10625	13.310239	100.0	46.0	288.40625	20.058067	10.5469055	54.352512	-15.650947	1550000	7.6397555e-09	68.84067	-0.010217297	-18.522566	0.38418737	0.0153807	0.08870888	15.0	4001.293313026428
155	78.58125	34.986332	100.0	-80.0	302.5625	18.402523	10.448436	50.366245	-10.60641	1560000	-7.450581e-09	140.6128	-0.009228385	-35.175823	0.37576362	0.015365511	0.06210621	14.0	4024.997501373291
156	86.26061	23.720926	100.0	-20.0	285.54544	17.050486	10.416513	45.8073	-19.770578	1570000	2.9802322e-08	89.2157	-0.01461573	-22.99144	0.38208225	0.015284907	0.07820782	36.0	4051.7712030410767
157	88.70909	13.630011	100.0	46.6	275.9697	19.156082	10.587974	46.92774	-11.012521	1580000	2.483527e-09	69.58022	-0.009140213	-15.928819	0.36081997	0.015596866	0.078707874	12.0	4075.751676082611
158	89.545456	12.545604	100.0	52.0	288.51514	19.326065	10.4156885	49.038116	-11.037783	1590000	2.089655e-08	63.640705	-0.009176857	-12.932704	0.3790224	0.015265637	0.07020702	13.0	4101.347056627274
159	90.56363	9.763438	100.0	68.8	285.60605	18.491024	10.14992	47.68023	-6.636676	1600000	1.1175871e-08	66.2445	-0.010164422	-10.1577	0.3859	0.015418567	0.07810781	18.0	4127.949052333832
160	88.4606	12.302203	100.0	58.0	284.39395	18.972658	9.928569	49.89202	-6.1106286	1610000	2.4835268e-08	66.05309	-0.012121777	-11.175484	0.38415912	0.01554025	0.08620862	23.0	4153.252087593079
161	89.07273	13.077745	100.0	55.0	290.9697	18.447418	10.286506	51.75615	-6.9998384	1620000	1.0244548e-08	62.739166	-0.0024968975	-11.50348	0.3864453	0.01642528	0.048404843	3.0	4177.743970632553
162	87.081245	13.867756	100.0	56.2	302.4375	18.995037	10.412662	52.969524	-13.024427	1630000	8.692344e-09	66.85444	-0.007865523	-13.142551	0.38971138	0.015066408	0.06760677	10.0	4203.8375289440155
163	88.30625	12.699309	100.0	47.8	298.125	18.182	9.9627495	50.235474	-14.700468	1640000	-1.2417635e-09	66.94041	-0.010017207	-13.670741	0.3910861	0.015864609	0.07220722	14.0	4229.203245162964
164	87.19375	15.808264	100.0	41.2	301.1875	18.518766	10.274868	54.50503	-17.318384	1650000	-9.934108e-09	82.67354	-0.008133399	-17.953922	0.3950546	0.015623792	0.07040704	9.0	4254.263072490692
165	87.624245	11.134849	100.0	68.8	298.33334	17.621033	10.287859	50.06682	-16.722055	1660000	5.3395826e-08	74.95756	-0.008394948	-19.785255	0.40582636	0.015024935	0.06840684	10.0	4282.805567026138
166	86.29375	23.175255	100.0	-10.0	297.5	18.59886	9.269972	47.222836	-13.890024	1670000	-1.800557e-08	101.34731	-0.0108363675	-27.671202	0.4134023	0.01563237	0.07940794	14.0	4308.126161575317
167	89.6	12.260506	100.0	61.0	290.30304	17.639074	10.7847395	46.077232	-18.98567	1680000	6.208817e-09	68.94507	-0.010709154	-15.953355	0.39799514	0.015481587	0.07780778	16.0	4332.987970590591
168	88.88485	13.278282	100.0	61.0	288.9697	18.91736	9.630168	46.57495	-10.255067	1690000	-1.2417635e-09	62.27638	-0.010100867	-11.624808	0.41600898	0.015857803	0.07840784	16.0	4357.925500631332
169	88.89697	13.253804	100.0	59.8	290.69696	19.169998	9.897254	47.711506	-8.981282	1700000	-4.757506e-08	82.13129	-0.012281615	-15.894393	0.42107162	0.015431375	0.08240824	20.0	4384.471518039703
170	87.399994	14.262244	100.0	40.0	293.51614	20.006979	9.699088	51.84404	-10.01126	1710000	1.6142925e-08	62.054276	-0.007919869	-11.814765	0.42833182	0.016365414	0.06450645	10.0	4408.372764825821
171	90.35625	10.267513	100.0	67.0	286.15625	19.232698	9.808411	50.954132	-17.774288	1720000	-1.0477379e-08	55.75162	-0.010443567	-10.026788	0.40687343	0.015735855	0.07540754	18.0	4433.0378205776215
172	85.16875	21.295254	100.0	16.6	298.0	19.52986	9.877441	53.167114	-8.783995	1730000	1.2417634e-08	95.50858	-0.011295901	-22.544466	0.40203986	0.0151669765	0.07840784	16.0	4457.2884793281555
173	89.818184	13.093174	100.0	52.0	270.24243	18.034273	10.694739	52.16637	-11.472137	1740000	3.0423205e-08	75.5284	-0.008980728	-15.340413	0.4036417	0.01538195	0.07910791	10.0	4481.922429561615
174	91.181816	9.659207	100.0	62.8	292.78787	19.639326	10.045364	55.045044	-7.3870535	1750000	2.7939677e-08	66.98892	-0.0027890587	-14.177051	0.41135558	0.015884189	0.06810681	4.0	4507.166996479034
175	87.61875	12.966434	100.0	47.8	291.8125	19.927347	9.445803	54.32326	-8.972009	1760000	2.7318796e-08	64.50291	-0.007262584	-11.011323	0.40474805	0.016469024	0.07470747	9.0	4532.140575647354
176	88.4303	14.452859	100.0	55.6	283.54544	18.443293	9.366754	54.133118	-11.851565	1770000	3.3527613e-08	75.02155	-0.00956751	-20.874876	0.4072506	0.015688675	0.08870887	13.0	4558.271778821945
177	89.757576	12.183223	100.0	57.4	287.48486	18.486853	10.520932	58.88124	-13.488077	1780000	8.071463e-09	58.095825	-0.013337675	-13.309123	0.38697258	0.015304036	0.09460946	32.0	4587.033292293549
178	89.1625	12.950138	100.0	49.6	287.0	19.472498	10.1634655	59.10415	-8.233839	1790000	5.5879354e-09	64.37963	-0.008968917	-9.05561	0.38609135	0.015432821	0.07080708	11.0	4611.494309186935
179	90.26061	11.115208	100.0	58.6	290.0303	18.149	10.357472	52.596603	-8.82154	1800000	1.4901161e-08	61.035492	-0.006204365	-11.00668	0.37128022	0.015145241	0.07990799	8.0	4639.010171175003
180	90.14545	10.740044	100.0	56.8	295.75757	18.289862	10.426638	53.167355	-13.904582	1810000	1.8626451e-08	65.60765	-0.007184338	-16.210318	0.38909018	0.015236135	0.07040704	10.0	4666.125046253204
181	88.7	12.030689	100.0	55.0	285.5625	19.753332	9.513659	55.821472	-10.915655	1820000	-2.0644316e-08	60.396564	-0.0050060623	-14.380326	0.380349	0.016755033	0.0560056	7.0	4691.511795043945
182	89.73334	10.690315	100.0	64.0	288.51514	18.621662	10.456808	50.640545	-6.277952	1830000	-5.122274e-09	69.82923	-0.012224839	-12.83203	0.3823512	0.015286106	0.08770877	39.0	4718.236605167389
183	88.393555	12.143177	100.0	47.8	294.67743	19.833143	9.800765	54.111996	-10.2377205	1840000	-7.450581e-09	59.094025	-0.0075352774	-11.644826	0.38605502	0.015277662	0.06910691	7.0	4742.119904994965
184	89.73333	11.633043	100.0	53.8	287.18182	18.452875	10.087961	52.39759	-12.599344	1850000	-3.0345593e-08	56.95581	-0.0063254437	-10.937636	0.38276157	0.015619694	0.072507255	9.0	4766.194809436798
185	90.430305	12.467084	100.0	56.2	282.18182	18.630493	10.598259	53.215405	-11.218993	1860000	-7.450581e-09	63.643322	-0.0055779517	-15.233643	0.37110004	0.015180737	0.047104713	8.0	4791.1453557014465
186	90.13333	11.363382	100.0	59.2	289.0909	19.309996	10.288886	56.27258	-5.112668	1870000	2.2351742e-08	62.474094	-0.008400783	-12.438834	0.36514664	0.015155631	0.06250625	12.0	4817.620916604996
187	88.75151	13.645648	100.0	51.4	288.15152	19.20577	9.80648	50.494144	-13.80263	1880000	0.0	65.53826	-0.005708002	-13.574176	0.35811925	0.015902644	0.070707075	8.0	4842.92055106163
188	90.242424	13.655302	100.0	44.8	270.48486	19.579369	10.09326	47.508194	-2.802701	1890000	-3.4769375e-08	74.63623	-0.008122058	-16.56721	0.35083142	0.015817044	0.06470647	15.0	4869.00443649292
189	90.775	10.522327	100.0	59.2	284.71875	20.833153	10.545073	51.456913	-11.714744	1900000	2.7939677e-08	59.01553	-0.011499152	-13.890595	0.3689244	0.015152958	0.088408835	24.0	4892.449492931366
190	89.03226	11.603236	100.0	61.6	280.51614	19.517868	10.202124	52.924427	-13.742476	1910000	-1.2417635e-09	82.233765	-0.0077540413	-16.725445	0.3676546	0.015060565	0.04860486	9.0	4915.946785211563
191	87.925	12.915664	100.0	52.6	296.71875	18.869947	10.281548	51.492203	-7.114892	1920000	-3.1044085e-08	67.92266	-0.008118912	-11.752579	0.3673805	0.01547029	0.06130613	12.0	4942.747353315353
192	89.43636	13.713648	100.0	56.8	278.15152	18.664543	10.253382	48.393803	-7.7489076	1930000	3.7252903e-09	65.15386	-0.007529435	-12.761799	0.36588633	0.015330557	0.061806183	12.0	4968.894870758057
193	86.46875	17.358904	100.0	37.6	289.09375	19.122126	10.648894	49.397316	-14.521475	1940000	-1.2417635e-09	71.628685	-0.010952249	-14.264066	0.35967648	0.015258635	0.07240724	20.0	4993.635140419006
194	90.04375	12.085501	100.0	51.4	288.15625	18.416046	10.677595	48.906002	-6.886576	1950000	1.2417635e-09	67.297874	-0.00968857	-14.159066	0.36744657	0.015509124	0.0770077	19.0	5020.748346090317
195	90.56364	11.0259695	100.0	56.2	273.27274	19.169106	10.029028	52.181114	-7.0196595	1960000	-2.483527e-09	60.828186	-0.0070698126	-9.683221	0.37878743	0.015284586	0.05870587	9.0	5045.817756652832
196	90.121216	10.118922	100.0	68.2	286.9697	18.988268	10.1058445	53.13906	-11.959208	1970000	-2.3593506e-08	66.341736	-0.005680155	-9.543338	0.37726286	0.01522589	0.052805286	8.0	5071.3643407821655
197	90.42424	12.455862	100.0	46.6	287.57574	18.659786	9.876222	52.392853	-6.834422	1980000	-3.4924597e-08	72.16511	-0.0093742525	-13.789762	0.36948702	0.01548221	0.084808476	16.0	5097.272798538208
198	90.509094	10.968284	100.0	62.2	289.12122	19.49307	9.975367	52.015484	-5.881721	1990000	1.7695129e-08	65.693054	-0.008702657	-12.146056	0.36697254	0.0150621785	0.0660066	12.0	5121.592134952545
199	89.73334	13.7717905	100.0	31.6	283.0	19.134161	10.316325	51.36297	-4.576725	2000000	3.7252903e-09	67.01238	-0.010771546	-12.871331	0.361961	0.015289704	0.08080808	20.0	5146.493853807449
200	88.6	12.811359	100.0	53.2	284.21213	19.765326	10.29241	54.211155	-5.930275	2010000	-9.934108e-09	64.15069	-0.0070092254	-15.45573	0.3665947	0.015270713	0.05290529	8.0	5170.277433156967
201	88.85455	12.453576	100.0	50.0	282.54544	18.835796	9.841282	54.996017	-13.814231	2020000	-6.208817e-09	65.46817	-0.008793972	-16.751102	0.3586134	0.015620823	0.080208026	13.0	5195.599397659302
202	88.0	19.808458	100.0	-10.0	284.5625	19.502657	10.257171	50.849846	-4.8493323	2030000	2.7318796e-08	112.50527	-0.0072824173	-23.09639	0.37637663	0.015882686	0.06470647	12.0	5220.912387371063
203	90.44243	11.408956	100.0	57.4	291.69696	19.189726	9.830176	55.211655	-5.848259	2040000	-2.3283064e-08	63.249924	-0.0049054185	-14.336535	0.37247846	0.0150793195	0.04820482	6.0	5246.338561058044
204	89.412506	13.217975	100.0	61.6	293.21875	19.562275	9.841426	53.442104	-5.4037943	2050000	-1.6763806e-08	56.20461	-0.00782308	-11.342434	0.36322066	0.015600305	0.072507255	12.0	5270.805341720581
205	90.412125	11.959521	100.0	59.2	280.12122	19.1584	10.325022	56.20782	-10.264735	2060000	3.9115548e-08	68.237	-0.011418375	-13.233733	0.36534312	0.015197019	0.07320732	22.0	5296.4143443107605
206	86.600006	14.683325	100.0	55.6	304.2258	19.643496	10.505521	49.57281	-12.98883	2070000	1.5211603e-08	68.47352	-0.008143594	-16.861979	0.3664942	0.015530549	0.061806183	9.0	5320.785211086273
207	89.951515	11.539449	100.0	58.0	278.48486	17.793957	10.297303	49.74355	-9.229843	2080000	0.0	72.163994	-0.010658628	-17.9114	0.3614008	0.015710978	0.07320732	19.0	5346.090199708939
208	88.46875	11.684991	100.0	60.4	293.4375	18.912415	11.490762	53.396942	-12.270227	2090000	2.4214387e-08	84.20168	-0.0063135833	-18.956295	0.37915537	0.015173286	0.06170617	7.0	5370.5718998909
209	89.45	12.057674	100.0	59.8	288.8125	18.665636	10.260914	55.15158	-11.386883	2100000	-2.0178657e-09	59.705097	-0.0142103	-10.201524	0.3769976	0.015309669	0.09120912	24.0	5395.844331026077
210	89.34545	11.565703	100.0	57.4	291.33334	18.507816	10.111889	54.832848	-12.868582	2110000	7.683411e-09	63.609188	-0.010050117	-11.356598	0.37576008	0.01568362	0.074407436	18.0	5421.229214191437
211	89.399994	11.42716	100.0	58.6	291.0	19.23736	10.297026	54.23265	-4.3778872	2120000	-2.7318796e-08	61.95015	-0.00851042	-10.779237	0.38254085	0.015436928	0.06960696	14.0	5446.312558412552
212	88.48125	15.092288	100.0	44.2	293.5	19.269669	9.980257	54.11858	-15.182598	2130000	1.2417635e-09	75.24966	-0.009236836	-14.90772	0.38809583	0.015510392	0.07980798	11.0	5471.793216228485
213	86.69697	14.599471	100.0	50.2	285.15152	18.67551	10.023921	48.367443	-18.131384	2140000	-1.3659398e-08	80.361244	-0.009174922	-14.888387	0.37533686	0.015168061	0.07320732	11.0	5496.426825284958
214	87.89033	14.640803	100.0	52.0	293.67743	19.127552	10.605269	51.362514	-13.502797	2150000	8.692344e-09	67.41149	-0.009685663	-12.825904	0.36626944	0.015072436	0.075207524	14.0	5518.178065061569
215	86.78788	14.176116	100.0	48.4	286.30304	18.221779	11.061423	50.67561	-9.834506	2160000	1.7384687e-08	67.74164	-0.008710372	-12.136661	0.36787638	0.016427852	0.079607956	10.0	5543.897683143616
216	88.975	14.565692	100.0	35.8	284.5	18.403809	10.310306	49.3993	-10.917398	2170000	5.2774944e-09	64.554085	-0.0050395355	-11.00951	0.37632576	0.015181753	0.053405344	5.0	5568.932941436768
217	87.52727	16.754038	100.0	40.6	285.9091	18.048874	10.792627	51.232006	-9.881002	2180000	1.8626451e-08	67.25347	-0.010048333	-12.555743	0.36630198	0.015250503	0.08260826	17.0	5595.55655503273
218	88.00606	17.944324	100.0	20.8	289.63635	17.864754	11.068288	52.293068	-18.059717	2190000	-1.4280279e-08	73.22376	-0.0091574835	-16.754824	0.38257518	0.015318911	0.06010601	12.0	5620.347121477127
219	89.73334	13.729126	100.0	40.0	285.48486	18.27179	11.396256	48.270073	-11.452925	2200000	2.483527e-09	64.86773	-0.0083882315	-11.61662	0.38616732	0.015227247	0.08250824	12.0	5645.747231245041
220	85.8625	14.513565	100.0	52.0	297.90625	18.936926	10.716691	49.20439	-7.6060085	2210000	7.605801e-09	70.139305	-0.008603611	-15.286125	0.39714098	0.015304282	0.06570657	10.0	5670.392132520676
221	85.356255	20.08636	100.0	22.6	296.84375	17.263586	10.621913	48.3518	-15.766865	2220000	4.284084e-08	89.17771	-0.009627598	-19.929983	0.3945241	0.015904952	0.07080708	11.0	5697.099454402924
222	87.206055	17.743593	100.0	25.6	285.9697	17.062376	11.812951	51.20126	-17.670341	2230000	2.6077032e-08	69.721794	-0.011059019	-13.196381	0.38947877	0.015158221	0.08690869	19.0	5722.967342853546
223	87.74546	15.256218	100.0	50.2	277.15152	18.374876	11.228374	52.284218	-10.842363	2240000	1.5522042e-08	62.40434	-0.012131401	-13.772248	0.39508915	0.015537682	0.08310831	25.0	5748.5194709300995
224	88.49696	13.510141	100.0	42.4	286.24243	18.42016	11.440111	51.611958	-12.790185	2250000	-2.483527e-09	71.33636	-0.008552934	-17.035128	0.38384783	0.015391645	0.060906094	14.0	5774.072014093399
225	87.20606	14.847384	100.0	40.6	291.78787	18.049948	10.530203	52.621876	-7.1256523	2260000	7.1401396e-09	72.65953	-0.0065583177	-13.333598	0.40010503	0.016108325	0.07880788	7.0	5799.333551168442
226	85.55757	15.675788	100.0	54.0	293.42426	18.045507	10.675608	53.85878	-11.920073	2270000	-2.2351742e-08	94.96928	-0.008948953	-28.359695	0.3915162	0.016601356	0.07020702	10.0	5824.757355213165
227	85.96363	19.178173	100.0	26.0	281.0303	17.091139	11.345798	51.069946	-12.166013	2280000	-6.084641e-08	80.56126	-0.0091225095	-13.343162	0.37767658	0.01583909	0.087408744	11.0	5851.550384283066
228	88.55	13.710216	100.0	58.0	282.25	18.212948	11.231788	52.211155	-10.675915	2290000	1.5522043e-10	66.11386	-0.0072754677	-14.163696	0.3735576	0.0155344345	0.07060706	8.0	5875.985339164734
229	86.28484	17.888342	100.0	13.0	279.9697	18.88682	10.562783	51.129177	-7.565337	2300000	-2.483527e-09	72.68861	-0.010989633	-16.069418	0.3797647	0.01632105	0.09040904	14.0	5901.167593955994
230	89.242424	12.056007	100.0	58.6	273.0909	18.343563	11.048042	54.924503	-11.704123	2310000	-4.656613e-09	66.43829	-0.008610882	-15.311231	0.3848575	0.015092966	0.080008	13.0	5926.002636909485
231	84.19394	25.008532	100.0	-20.0	279.51514	18.862656	11.159488	56.032883	-10.960604	2320000	1.7384687e-08	98.19812	-0.006544096	-24.84577	0.3946345	0.016893988	0.07650765	7.0	5951.201629400253
232	79.79355	29.870277	100.0	-20.0	301.25806	17.560831	12.024716	52.971714	-23.282887	2330000	1.7384687e-08	122.94956	-0.004430723	-30.608856	0.40107587	0.015020899	0.05780578	5.0	5976.929982662201
233	88.3697	14.39319	100.0	45.4	279.33334	16.33249	11.977399	53.3614	-17.059744	2340000	2.7318796e-08	77.93047	-0.0055055246	-26.405436	0.39093328	0.0151218	0.05580558	6.0	6001.836521625519
234	87.812126	14.042788	100.0	49.6	271.9697	17.837133	11.62272	54.762123	-12.587093	2350000	2.7939677e-09	68.03322	-0.005926857	-14.125606	0.37917343	0.015054374	0.050005	6.0	6027.164907693863
235	83.812126	19.675362	100.0	37.0	295.12122	17.6455	11.052776	52.737198	-18.039669	2360000	3.7252903e-09	75.66993	-0.009406157	-15.766017	0.3872765	0.015719444	0.08210821	11.0	6053.924127817154
236	89.666664	14.32393	100.0	43.6	275.66666	17.76457	10.626185	50.506947	-7.796013	2370000	2.2351742e-08	66.5134	-0.0066894065	-13.840618	0.37771448	0.017208725	0.068206824	8.0	6079.924512624741
237	86.96364	17.643915	100.0	22.0	282.60605	18.732588	11.206622	53.208973	-9.514019	2380000	-2.2972623e-08	69.624626	-0.0055229925	-11.841346	0.37756243	0.01575847	0.059605956	6.0	6105.768105506897
238	87.854546	16.094816	100.0	24.4	283.81818	17.529835	11.559227	53.463406	-7.519123	2390000	-3.7252903e-09	86.11668	-0.0063141957	-17.907034	0.37761688	0.015020574	0.073407345	8.0	6130.043605089188
239	88.55757	13.941416	100.0	58.0	286.9697	18.494328	10.774985	54.91088	-8.589677	2400000	-3.3217173e-08	69.429375	-0.007931472	-14.238785	0.38604316	0.016745111	0.07490749	10.0	6154.858506679535
240	85.58182	18.668875	100.0	37.0	284.15152	17.727434	11.391565	53.040604	-10.626931	2410000	-1.4280279e-08	72.46514	-0.008654731	-15.474095	0.37341794	0.015507083	0.073307335	12.0	6181.7329959869385
241	90.64848	11.868577	100.0	49.0	280.9091	18.10187	11.512331	54.25032	-12.762085	2420000	1.7384687e-08	69.32178	-0.008147605	-13.314794	0.36979595	0.015840191	0.07770777	8.0	6206.872619390488
242	90.28484	11.048656	100.0	56.8	278.66666	19.165487	11.24807	56.539337	-10.068384	2430000	-2.2351742e-08	57.506702	-0.008485275	-10.718085	0.36791217	0.015169244	0.07080708	13.0	6231.527436971664
243	90.59999	11.3196	100.0	58.0	280.0909	19.140879	11.277145	56.456333	-9.983368	2440000	2.2972623e-08	62.625782	-0.007658411	-9.51022	0.3677349	0.01554352	0.06540654	13.0	6256.021399497986
244	86.012505	16.52452	100.0	38.2	283.625	19.397165	10.810323	54.417675	-11.741057	2450000	9.934108e-09	79.33941	-0.008215461	-20.250938	0.36166278	0.01588304	0.056605663	10.0	6280.22869348526
245	85.69697	19.29089	100.0	24.0	285.84848	18.343216	11.0575695	51.59863	-14.349112	2460000	4.9670536e-08	80.958336	-0.009954515	-23.946615	0.3579841	0.015182904	0.06690669	15.0	6304.812748670578
246	86.812126	22.343649	100.0	-10.0	274.9697	17.512684	11.880994	53.924374	-10.685806	2470000	7.450581e-09	111.21166	-0.008850597	-28.467743	0.3547714	0.016416304	0.064906485	12.0	6328.842593431473
247	88.95758	13.438232	100.0	59.2	287.9697	17.81441	11.9169445	54.929794	-16.843328	2480000	-1.3969839e-08	67.399216	-0.009658667	-14.184495	0.35339865	0.015424713	0.068106815	16.0	6354.780642032623
248	85.76875	16.4991	100.0	41.2	295.8125	17.868444	11.553178	54.09422	-18.225245	2490000	1.6142925e-08	72.90937	-0.008356851	-11.829005	0.36383298	0.01549784	0.07970797	11.0	6380.863029003143
249	84.99394	18.170338	100.0	34.0	295.21213	17.811382	10.489258	49.81016	-14.630398	2500000	-1.0554989e-08	77.16135	-0.011864872	-15.195637	0.3604783	0.015296566	0.08210821	17.0	6406.9276034832
