Epoch	AverageEpRet	StdEpRet	MaxEpRet	MinEpRet	EpLen	AverageVVals	StdVVals	MaxVVals	MinVVals	TotalEnvInteracts	LossPi	LossV	DeltaLossPi	DeltaLossV	Entropy	KL	ClipFrac	StopIter	Time
0	24.555555	47.810066	92.0	-60.0	723.7778	2.608518	7.4704394	27.548582	-34.482098	10000	2.483527e-09	43.20592	-0.012018952	-10.57385	0.5088387	0.015277307	0.08920892	19.0	27.330159425735474
1	12.0	43.650124	84.0	-45.0	701.44446	3.4240377	6.654134	17.623394	-38.487106	20000	-1.0996398e-08	65.709175	-0.008112388	-17.109797	0.520134	0.016100457	0.06950695	9.0	49.87669801712036
2	17.666666	50.17082	92.0	-45.0	692.8889	2.5751348	7.5567327	30.162796	-45.767284	30000	8.692344e-09	74.98391	-0.007120561	-16.82902	0.52205473	0.015365541	0.072607264	12.0	73.40068197250366
3	22.0	46.76181	80.0	-40.0	724.0	2.2240098	8.658604	30.50218	-49.416607	40000	6.829699e-09	65.41718	-0.0076073073	-17.870823	0.51615554	0.015445358	0.09270927	11.0	97.1953604221344
4	19.1	58.269115	92.0	-75.0	731.0	3.0161057	8.161442	28.994507	-45.199883	50000	-4.967054e-09	83.33948	-0.007021068	-19.732473	0.5198403	0.0152039975	0.09070907	10.0	121.09813976287842
5	14.9800005	45.084408	76.0	-75.0	765.2	2.622454	8.416461	25.587608	-48.699512	60000	3.7252903e-09	89.6547	-0.006566989	-23.988731	0.5035598	0.015573326	0.08030803	10.0	146.7347047328949
6	7.6	60.84439	84.0	-80.0	694.7	2.094605	6.7158017	29.353413	-40.592213	70000	1.2417635e-09	98.51914	-0.0072563733	-24.869463	0.5316477	0.0152728865	0.07730773	9.0	169.0908238887787
7	27.555555	36.775932	84.0	-30.0	749.8889	0.8435516	8.216648	24.115839	-50.025764	80000	-4.967054e-09	85.8997	-0.008317606	-32.19575	0.5157313	0.022241129	0.091809176	11.0	194.0315454006195
8	16.3	41.308716	88.0	-50.0	772.1	3.1346908	6.8159556	26.58853	-39.630577	90000	-1.2417634e-08	77.363304	-0.007826503	-18.016638	0.54499716	0.01601323	0.086608656	9.0	219.4012894630432
9	9.8	47.073982	76.0	-65.0	774.5	2.0811832	7.3724184	27.069157	-44.273354	100000	1.0554989e-08	75.7688	-0.008143134	-18.880644	0.54199654	0.015130918	0.08180818	14.0	243.74656677246094
10	13.3	45.32781	92.0	-70.0	772.5	1.3508599	7.1884146	22.74637	-40.725025	110000	3.4536545e-09	72.070915	-0.008958715	-22.196619	0.54162174	0.015979169	0.09150914	10.0	267.3204720020294
11	42.555557	31.854221	84.0	-30.0	743.7778	1.6546191	6.8431616	19.61892	-42.929897	120000	-8.692344e-09	72.42383	-0.008850416	-24.214521	0.5324742	0.016029395	0.093309335	10.0	292.5776174068451
12	38.333332	31.34397	84.0	-6.0	755.0	3.1510158	6.3831058	19.88943	-38.263744	130000	6.208817e-09	58.94624	-0.008687236	-20.642084	0.55324125	0.015251213	0.08410841	11.0	316.9537162780762
13	16.2	41.021458	72.0	-70.0	760.8	3.933061	5.2299747	26.277708	-33.918106	140000	3.7252903e-09	100.93002	-0.010427301	-34.861965	0.55081576	0.015003649	0.10791079	17.0	340.48184299468994
14	22.555555	39.60671	84.0	-40.0	763.44446	1.2485895	6.4766808	20.360807	-32.841957	150000	-2.2351742e-08	63.226276	-0.007942491	-22.432762	0.5294767	0.015155108	0.095109515	10.0	365.1197667121887
15	50.0	20.38518	84.0	11.0	768.3333	1.8628958	6.182559	21.53667	-40.317493	160000	2.173086e-08	52.887756	-0.0063131624	-23.40841	0.5499022	0.015130948	0.06340634	10.0	390.08815693855286
16	14.888889	45.354027	80.0	-35.0	697.55554	4.5791416	5.101665	21.514631	-33.038086	170000	1.4280279e-08	97.12797	-0.014858524	-40.609676	0.5580427	0.01353098	0.11821181	79.0	415.32169938087463
17	11.272727	47.749516	68.0	-65.0	691.1818	2.0442104	8.341634	34.246235	-47.483524	180000	-7.450581e-09	90.66494	-0.009265077	-29.529305	0.53315884	0.01612307	0.09710971	10.0	442.8412992954254
18	12.18	53.482067	88.0	-70.0	727.8	1.6456425	8.132129	21.64998	-46.05988	190000	1.9868216e-08	76.98167	-0.005387193	-20.168356	0.53561467	0.021097206	0.05740574	6.0	465.32936930656433
19	8.163636	48.42102	76.0	-55.0	678.7273	1.3529104	8.026885	27.60237	-40.546608	200000	-2.483527e-09	98.46146	-0.009294403	-24.712729	0.543001	0.0160965	0.08230823	9.0	491.11232900619507
20	2.6909091	53.347664	84.0	-70.0	723.7273	1.5765368	7.731406	23.80245	-44.053867	210000	-2.7939677e-09	140.15114	-0.015288842	-32.83698	0.55557394	0.015083406	0.11421142	52.0	514.2390332221985
21	7.181818	50.55161	76.0	-70.0	777.0	-0.18160759	8.895054	26.58769	-49.98545	220000	-2.6077032e-08	86.34039	-0.0074430057	-24.27978	0.52502084	0.016209658	0.081108116	10.0	537.2473568916321
22	21.0	43.284588	84.0	-35.0	750.2222	0.34468308	9.033698	23.950972	-46.446815	230000	2.7318796e-08	66.1453	-0.0062784576	-21.462952	0.5076934	0.01517288	0.07840785	10.0	560.7732985019684
23	8.70909	57.289593	92.0	-70.0	752.4545	2.1837647	7.854198	23.344536	-44.900253	240000	-1.4901161e-08	75.01413	-0.006923635	-21.62549	0.5395462	0.015010409	0.09610961	10.0	584.9312229156494
24	13.836364	50.978203	84.0	-60.0	778.0909	1.9685055	8.188891	22.85073	-56.381023	250000	0.0	99.689514	-0.008152158	-18.490534	0.5482475	0.015439465	0.07310731	10.0	608.0351605415344
25	8.181818	49.126587	76.0	-70.0	763.9091	1.4130439	7.4690843	20.304247	-50.92149	260000	5.5879354e-09	81.613106	-0.0078051537	-15.374134	0.53927803	0.015169855	0.08010801	10.0	630.581057548523
26	16.555555	54.3039	92.0	-45.0	680.55554	1.3707807	7.8483577	19.230043	-45.013557	270000	3.7252903e-09	77.02176	-0.006482325	-17.665344	0.5388	0.015779123	0.09560957	9.0	654.548749923706
27	10.054546	55.055813	84.0	-65.0	793.0	1.654518	8.712997	25.316418	-43.151592	280000	-9.313226e-09	61.982635	-0.008725719	-15.785058	0.5282149	0.015257104	0.08030803	18.0	677.4709138870239
28	4.96	48.383617	76.0	-60.0	731.3	1.4569879	8.213724	19.232904	-44.825623	290000	-2.3283064e-08	57.898724	-0.009109214	-12.28132	0.5401171	0.015176053	0.091709174	13.0	700.4245073795319
29	-5.4363637	42.60754	68.0	-75.0	792.0909	1.1140732	9.316756	28.003323	-47.946995	300000	-2.483527e-09	95.094765	-0.011469141	-20.652739	0.524838	0.015460062	0.09840984	21.0	724.9796795845032
30	-0.74545425	52.753223	80.0	-65.0	784.63635	0.67335135	7.753003	21.567198	-40.378586	310000	-4.967054e-09	73.165245	-0.009014697	-16.373793	0.5323438	0.015416524	0.085708566	13.0	749.0660543441772
31	2.236364	53.1448	72.0	-60.0	760.63635	0.26260015	8.201522	23.851206	-44.209682	320000	-7.450581e-09	70.769005	-0.009581481	-13.261222	0.54100156	0.015074928	0.08780879	11.0	771.0057373046875
32	4.9666667	57.41996	84.0	-70.0	793.0833	-0.100566655	8.5850315	25.619997	-58.300632	330000	-6.208817e-09	72.2253	-0.007610233	-19.44734	0.53619367	0.01550607	0.09120911	10.0	795.3645031452179
33	-0.90909094	63.56588	100.0	-90.0	733.5455	0.8982287	9.114943	19.815046	-46.78767	340000	-1.1175871e-08	89.21484	-0.012545279	-16.80572	0.5353029	0.015428994	0.10571057	30.0	819.4679262638092
34	8.745454	50.05663	80.0	-65.0	775.9091	-0.20683694	10.58371	21.24476	-51.135025	350000	3.7252903e-09	81.25988	-0.010141232	-27.200706	0.51263005	0.015469494	0.0850085	16.0	842.2857091426849
35	11.454545	51.644524	100.0	-60.0	683.1818	0.7222512	7.9743867	28.35141	-38.807663	360000	8.692344e-09	71.149	-0.007545167	-13.864323	0.5195611	0.015035669	0.07470747	9.0	867.5924367904663
36	14.777778	51.096375	88.0	-60.0	710.6667	0.048273183	8.502281	20.920465	-45.799637	370000	-1.2417634e-08	57.3185	-0.0064030117	-10.952577	0.49949935	0.015234108	0.06960696	9.0	891.4543526172638
37	13.555555	45.745945	64.0	-55.0	696.3333	1.7472993	7.786485	21.919708	-40.671185	380000	7.761021e-09	71.167206	-0.0071202093	-16.185787	0.4927331	0.015784323	0.0880088	14.0	915.8779425621033
38	13.5199995	52.248573	88.0	-65.0	726.9	1.8725853	7.345253	23.808804	-44.147736	390000	-1.2417635e-09	64.305435	-0.00731032	-14.074536	0.4888738	0.015520725	0.07260726	11.0	938.4905300140381
39	0.44444445	39.223324	39.0	-60.0	687.6667	1.117625	8.519104	17.254314	-43.147453	400000	-8.692344e-09	65.49288	-0.004183318	-19.043272	0.48616195	0.015024215	0.053205322	4.0	961.4321093559265
40	3.6	41.629795	60.0	-55.0	706.7	1.653184	6.4928794	19.73259	-40.286922	410000	-1.0554989e-08	75.87914	-0.007691989	-17.23786	0.5012097	0.015354111	0.09650966	11.0	984.4310295581818
41	4.2222223	44.78288	64.0	-60.0	695.6667	1.7381852	6.8004313	19.41455	-40.781017	420000	9.313226e-09	66.465645	-0.0051358533	-15.341804	0.49356294	0.015773155	0.066506654	8.0	1006.8265972137451
42	4.4444447	47.889015	68.0	-55.0	681.1111	0.5788427	9.07684	19.583815	-47.7748	430000	-3.1044087e-10	61.2668	-0.0053339205	-16.716568	0.4824946	0.015896255	0.093609355	9.0	1029.8313837051392
43	10.650001	63.302876	92.8	-80.0	756.1667	2.1531138	8.124552	21.334469	-42.714397	440000	-3.7252903e-09	101.80734	-0.009734388	-40.404125	0.51658684	0.015281052	0.09640964	14.0	1053.3589701652527
44	12.222222	40.611378	72.0	-35.0	722.8889	0.6591358	10.496045	24.772917	-48.45436	450000	-7.450581e-09	74.62241	-0.0065128	-29.808802	0.50281304	0.015892034	0.088408835	9.0	1076.6513125896454
45	14.777778	44.628784	76.0	-50.0	700.6667	1.7894617	7.2758017	19.22994	-38.996395	460000	5.5879354e-09	71.62528	-0.010741097	-15.004027	0.50331575	0.015121441	0.09490949	25.0	1098.9677102565765
46	22.444445	46.157005	84.0	-30.0	734.6667	0.8257323	9.131824	19.254433	-49.758957	470000	-1.9868216e-08	50.962723	-0.008016537	-16.209183	0.49103805	0.015616308	0.08720872	14.0	1122.9740555286407
47	-3.1111112	32.790394	48.0	-50.0	738.55554	2.4963293	6.7610993	21.636124	-39.149563	480000	-1.0244548e-08	77.940056	-0.00739414	-20.922445	0.503501	0.015370353	0.07480748	8.0	1146.3538000583649
48	26.333334	46.1158	96.0	-40.0	722.0	0.67072594	7.742768	17.320318	-55.19241	490000	1.4280279e-08	65.16254	-0.006940959	-20.979431	0.50674635	0.01571277	0.10071007	9.0	1168.0406415462494
49	12.18	48.957245	80.0	-70.0	715.9	2.6496112	7.445873	20.730574	-52.673508	500000	-1.2417635e-09	84.417	-0.006953392	-18.531958	0.5306019	0.017351843	0.064006396	7.0	1189.9788372516632
50	19.11111	53.939156	96.0	-55.0	677.8889	1.8576564	8.946116	19.896515	-49.566032	510000	1.3969839e-08	84.63973	-0.005103249	-17.897219	0.5292143	0.015405275	0.06790679	10.0	1212.2959339618683
51	24.0	48.586693	88.0	-40.0	710.0	1.6176556	8.3407755	18.927471	-45.057568	520000	-3.1044087e-10	66.56438	-0.006552227	-13.133731	0.531734	0.015013729	0.080508046	11.0	1234.7648122310638
52	19.0	48.322987	80.0	-45.0	705.7778	2.2443805	7.8028355	19.81424	-55.144947	530000	-1.1796753e-08	56.32439	-0.005756236	-10.743285	0.53920746	0.015370175	0.079807974	7.0	1258.3749604225159
53	11.222222	48.42125	80.0	-55.0	702.1111	1.3722262	7.999359	18.492405	-52.07308	540000	2.4835268e-08	57.319088	-0.0063618324	-9.99641	0.54923487	0.016427994	0.07460746	8.0	1280.96710562706
54	11.68	44.935528	76.0	-60.0	745.6	1.7899109	7.743636	28.404154	-39.97586	550000	7.450581e-09	74.4154	-0.006425453	-10.606416	0.5289969	0.015066758	0.07730773	9.0	1304.1441066265106
55	21.0	43.3769	84.0	-40.0	689.55554	1.798139	7.027873	20.242813	-43.893677	560000	-1.777274e-08	61.446705	-0.0077275485	-11.011083	0.5405304	0.01533882	0.093309335	9.0	1326.9320631027222
56	19.0	47.504387	100.0	-40.0	693.8889	1.4882022	7.3611546	22.772532	-41.553646	570000	-8.381903e-09	52.628784	-0.004120028	-12.718707	0.5324039	0.016660137	0.06220622	6.0	1350.2313332557678
57	20.28	54.514088	84.0	-80.0	752.8	2.6303656	7.229876	26.633642	-35.989265	580000	-2.483527e-09	70.72168	-0.007705404	-15.781215	0.5391649	0.015429267	0.09250925	13.0	1372.4590365886688
58	20.555555	41.136925	76.0	-30.0	721.8889	2.0255268	7.4026394	18.077723	-34.823967	590000	5.8983765e-09	53.58997	-0.007851479	-15.673328	0.50437313	0.015467246	0.075207524	11.0	1396.7011680603027
59	14.0	35.82054	76.0	-35.0	718.3333	2.273375	7.152266	25.047253	-30.20624	600000	-1.2417634e-08	63.099792	-0.0070530996	-14.00465	0.5131685	0.015526357	0.10411041	9.0	1419.9122467041016
60	9.84	43.349167	72.0	-55.0	773.4	1.8609731	6.5255556	26.848347	-33.174072	610000	1.2417635e-09	60.849346	-0.0074236956	-13.147823	0.51449555	0.015629115	0.0520052	7.0	1443.3401131629944
61	15.38	48.88537	76.0	-65.0	723.2	2.1666381	7.065022	25.602627	-35.97633	620000	1.4901161e-08	82.64338	-0.0050780545	-16.955423	0.5342364	0.01597402	0.08450845	8.0	1466.938984155655
62	17.58	46.301918	84.0	-70.0	742.7	1.522127	7.765811	22.523905	-45.383472	630000	9.934108e-09	78.47015	-0.010485344	-13.997384	0.5149178	0.015280592	0.10231023	25.0	1490.3986449241638
63	23.88889	47.44692	80.0	-45.0	704.3333	1.4103597	6.9246273	20.767326	-33.387585	640000	-5.5879354e-09	66.63248	-0.010656246	-17.141207	0.51394683	0.015540611	0.10711071	20.0	1513.9731166362762
64	19.666666	43.749287	88.0	-35.0	701.7778	1.7691225	7.8332562	24.833975	-54.67244	650000	-1.3038516e-08	65.56873	-0.005863735	-11.378478	0.4974159	0.015847638	0.08350835	11.0	1536.9499773979187
65	17.74	51.497654	96.0	-50.0	755.4	2.1807847	7.245202	36.220432	-39.442585	660000	0.0	80.45389	-0.0054055476	-19.905746	0.5208153	0.015330176	0.07220722	11.0	1560.8960082530975
66	24.222221	46.98174	96.0	-40.0	695.55554	2.1488218	7.188544	21.423717	-38.428516	670000	1.0554989e-08	75.90889	-0.007617351	-24.031713	0.51215076	0.015355826	0.09200921	15.0	1583.4496035575867
67	24.444445	40.105724	84.0	-30.0	732.8889	0.6941696	8.376448	17.271862	-49.918896	680000	-2.483527e-09	45.024246	-0.0056246496	-15.414898	0.492141	0.015303671	0.06470647	10.0	1606.8828973770142
68	30.222221	48.565598	92.0	-60.0	676.8889	3.1620667	5.607263	16.561892	-32.54696	690000	-2.483527e-09	99.95812	-0.006089069	-24.134459	0.5061528	0.0152683705	0.09190919	21.0	1631.1966304779053
69	27.333334	52.715168	88.0	-50.0	701.6667	2.6683779	6.010514	20.032473	-36.66683	700000	9.313226e-09	74.81216	-0.0067394567	-23.1446	0.4959477	0.015499602	0.07750776	14.0	1653.9034569263458
70	23.777779	49.8281	88.0	-60.0	725.6667	1.9505563	7.9445753	20.888166	-46.171352	710000	-1.2417634e-08	65.61323	-0.007458331	-11.219605	0.4931815	0.015990218	0.0810081	15.0	1678.622475862503
71	24.439999	47.812786	92.0	-75.0	759.1	2.757933	7.0772786	19.540699	-43.842117	720000	1.7384687e-08	87.44401	-0.005745175	-18.619219	0.5019098	0.015451481	0.07770777	12.0	1702.990749835968
72	11.111111	37.15267	68.0	-45.0	708.3333	2.261032	6.472144	19.316458	-44.806374	730000	-1.4901161e-08	66.07419	-0.0070927986	-23.257013	0.49623823	0.015357298	0.075107515	12.0	1726.0492458343506
73	13.666667	46.03139	84.0	-55.0	704.44446	1.3071232	6.6234026	21.208673	-39.278587	740000	2.483527e-09	85.58472	-0.0067345463	-21.039663	0.50732046	0.016931579	0.07790779	9.0	1749.0020081996918
74	11.555555	44.48748	80.0	-50.0	730.6667	1.7279934	6.307621	19.701809	-45.569946	750000	-1.1175871e-08	92.631775	-0.0049685887	-17.642126	0.50518924	0.015435107	0.052105214	9.0	1772.9099979400635
75	12.1	40.433773	80.0	-45.0	774.2	1.493928	6.0707865	26.390093	-45.965366	760000	-1.086543e-08	68.7378	-0.008201436	-18.332817	0.5061112	0.015988588	0.07280728	10.0	1797.372638463974
76	7.6	43.674248	64.0	-60.0	740.7	1.7254852	6.6778307	22.450771	-45.97419	770000	2.2351742e-08	73.9389	-0.010142579	-13.275313	0.5082994	0.015114129	0.10221022	19.0	1822.2672786712646
77	11.7	31.3498	60.0	-35.0	799.6	0.7744892	7.674791	19.1309	-42.293457	780000	8.071463e-09	64.524025	-0.0069129225	-16.545904	0.48595595	0.016349146	0.07130713	10.0	1847.666527748108
78	20.8	55.27712	88.0	-60.0	714.4	1.3947694	6.3843846	23.980192	-36.91935	790000	-1.4901161e-08	74.42506	-0.00634814	-19.803246	0.5002496	0.015037689	0.09710971	9.0	1871.4570095539093
79	7.0	44.319546	76.0	-45.0	723.7778	1.2126671	7.5552382	17.43738	-38.4712	800000	-1.9868216e-08	74.044464	-0.0076407646	-17.99585	0.49455082	0.015266207	0.074307434	13.0	1894.8400883674622
80	17.439999	50.36688	84.0	-75.0	735.0	0.9991356	6.838514	21.081728	-37.513912	810000	0.0	94.09253	-0.008059026	-17.856369	0.50356436	0.015045355	0.067406744	15.0	1918.265288591385
81	12.62	47.728188	84.0	-60.0	733.6	2.0861084	6.868606	25.967329	-47.85673	820000	2.9802322e-08	73.69483	-0.009025219	-24.089846	0.5062182	0.016283711	0.09680968	11.0	1941.648121356964
82	22.88889	45.72732	92.0	-40.0	683.6667	1.1338285	6.9404616	18.25464	-41.719852	830000	0.0	69.88549	-0.008951473	-20.788692	0.4921306	0.015233595	0.09940994	17.0	1964.1230826377869
83	11.0	45.613594	76.0	-50.0	694.7	1.5280455	7.5617914	21.056036	-54.858074	840000	1.9868216e-08	98.845055	-0.007895664	-23.021841	0.49518624	0.0151144015	0.09030903	11.0	1986.0145373344421
84	9.0	37.205135	76.0	-40.0	723.6667	0.4940987	8.638603	26.155136	-45.095016	850000	7.450581e-09	87.55149	-0.00588321	-25.400908	0.46033594	0.016629867	0.07120713	8.0	2011.6968338489532
85	14.222222	41.119816	68.0	-40.0	731.0	1.168572	6.8510566	16.555307	-39.03333	860000	-8.071463e-09	50.01991	-0.008838893	-11.784955	0.46971664	0.015312341	0.07930793	15.0	2034.5886313915253
86	24.222221	43.71569	80.0	-35.0	701.2222	1.7155087	7.168231	33.493416	-51.662083	870000	3.4148495e-09	59.800312	-0.009816529	-12.287311	0.46434143	0.01510623	0.09710971	22.0	2057.9902226924896
87	10.50909	52.5984	92.0	-65.0	784.9091	2.2658544	7.0135226	26.666088	-52.813057	880000	1.4901161e-08	107.817665	-0.0054966486	-29.460962	0.47853956	0.01548792	0.07980798	9.0	2082.088735818863
88	20.444445	44.684353	92.0	-40.0	728.2222	0.733068	6.5969725	16.761316	-52.423832	890000	1.5832484e-08	77.87002	-0.0060937754	-27.368826	0.47392377	0.016903158	0.07840784	8.0	2105.3134055137634
89	26.555555	42.463345	88.0	-40.0	686.1111	1.9020871	7.2613873	17.48624	-49.37513	900000	-1.4280279e-08	68.87899	-0.0106035145	-16.561335	0.48288384	0.015191755	0.09720972	24.0	2129.1104760169983
90	20.777779	51.122463	92.0	-40.0	735.2222	1.7477547	9.03116	16.617348	-55.635254	910000	9.623666e-09	64.07903	-0.0049951845	-15.030202	0.47905478	0.015152213	0.06110611	8.0	2151.9479660987854
91	27.222221	44.429165	88.0	-50.0	689.44446	1.761996	7.370031	18.551987	-50.442577	920000	1.4901161e-08	72.94454	-0.007464491	-15.630512	0.49584445	0.016668757	0.088208824	9.0	2174.7096128463745
92	21.036364	41.456818	72.0	-70.0	717.4545	2.3185	7.1510215	28.276144	-45.837185	930000	-2.483527e-09	96.583466	-0.008366517	-33.048347	0.48474392	0.015658444	0.09250925	10.0	2201.9953639507294
93	12.709091	48.917843	84.0	-60.0	683.2727	2.0423903	7.594032	28.570286	-50.274162	940000	-2.483527e-09	128.18513	-0.010081003	-33.46493	0.50193506	0.01589374	0.08420842	16.0	2226.0103845596313
94	15.690909	46.653954	92.0	-65.0	708.36365	0.6863166	8.620937	26.965996	-49.547314	950000	-1.7384687e-08	81.995995	-0.0074652336	-18.1285	0.50457954	0.01504499	0.097009696	9.0	2251.4200551509857
95	24.3	43.653294	84.0	-50.0	781.8	0.9715955	7.5076237	20.6638	-49.993847	960000	-8.692344e-09	72.01068	-0.0065496378	-16.211637	0.49190298	0.015166367	0.07940794	9.0	2275.2624843120575
96	16.0	52.274277	88.0	-55.0	735.1	2.2557502	7.215839	19.108988	-49.875343	970000	2.173086e-09	83.92962	-0.008384582	-17.089846	0.49606267	0.01597228	0.08920892	11.0	2297.8294520378113
97	22.444445	50.455948	92.0	-55.0	687.6667	2.2351472	6.570923	15.673496	-50.694885	980000	-8.071463e-09	106.283745	-0.005995922	-28.3407	0.49433848	0.015082187	0.07680768	15.0	2320.4870982170105
98	21.6	47.407173	80.0	-60.0	779.6	1.7693232	9.061846	27.390728	-55.19152	990000	0.0	69.6139	-0.00700078	-26.188005	0.50333947	0.016313268	0.07330733	12.0	2343.9586520195007
99	23.88889	51.470478	92.0	-50.0	696.6667	2.924434	7.0644503	16.230799	-44.861027	1000000	-4.346172e-09	82.14051	-0.009487708	-23.022821	0.5254674	0.015322187	0.1080108	16.0	2366.324515581131
100	21.555555	51.745342	88.0	-65.0	706.3333	1.445445	8.13853	28.41987	-51.390995	1010000	-1.2417635e-09	68.73598	-0.0056234696	-15.506368	0.518055	0.01676654	0.07260726	9.0	2393.96879529953
101	7.818182	45.097507	80.0	-55.0	775.8182	2.7028437	7.1839614	29.114344	-45.446243	1020000	2.483527e-09	91.39698	-0.008422692	-25.53362	0.51995	0.0153318085	0.084708475	16.0	2417.49032831192
102	11.222222	50.088318	96.0	-70.0	722.2222	0.46782067	9.002878	21.435904	-44.63026	1030000	7.450581e-09	68.59031	-0.008334705	-12.605674	0.52042377	0.015117515	0.08160816	17.0	2442.002764225006
103	25.11111	41.186417	76.0	-40.0	711.8889	1.7611854	7.408194	17.192642	-47.284283	1040000	6.2088173e-10	72.189	-0.0076871584	-16.621662	0.54747874	0.015957905	0.086408645	13.0	2464.5695645809174
104	11.780001	53.067463	88.0	-70.0	753.6	2.2778423	7.8486686	19.076557	-48.51245	1050000	-6.208817e-09	87.89429	-0.007293723	-23.890213	0.54048866	0.015708862	0.07450745	11.0	2487.350981235504
105	19.11111	44.066727	88.0	-40.0	739.7778	1.6040366	6.907942	21.601683	-52.717113	1060000	1.2262414e-08	75.48773	-0.010548848	-15.262149	0.55297214	0.015115296	0.09120912	20.0	2511.2806878089905
106	19.222221	50.03727	92.0	-45.0	711.6667	1.3331809	7.545525	20.393782	-49.683098	1070000	-1.8471232e-08	69.19889	-0.0062820516	-20.386026	0.55314875	0.017213376	0.0790079	8.0	2534.6705532073975
107	16.444445	43.94469	88.0	-30.0	736.3333	1.5559297	8.23847	21.093884	-52.340405	1080000	4.967054e-09	58.875378	-0.008117742	-16.441786	0.5451224	0.015191036	0.08840885	13.0	2558.9812071323395
108	25.666666	33.008415	84.0	-25.0	769.7778	2.338103	8.107204	17.57148	-43.860863	1090000	8.692344e-09	54.465107	-0.007153347	-12.787137	0.54649025	0.01566114	0.08410841	9.0	2582.858798980713
109	7.0	43.929237	96.0	-50.0	741.8889	3.001685	6.2551475	25.839542	-44.285076	1100000	-1.4590721e-08	107.624565	-0.0063738264	-31.29984	0.56267446	0.015222671	0.080408044	10.0	2606.0534422397614
110	8.444445	48.48851	76.0	-60.0	751.0	1.1268647	7.9452577	22.876348	-47.690002	1110000	-2.3593506e-08	81.43415	-0.0058139586	-16.663385	0.5719355	0.01581788	0.07460746	9.0	2630.788130760193
111	21.555555	50.881367	92.0	-30.0	722.3333	0.3090672	8.354336	16.935389	-54.23219	1120000	5.5879354e-09	76.60439	-0.0068003633	-21.29836	0.54659826	0.016130714	0.075307526	12.0	2654.2740907669067
112	22.054546	53.063194	96.0	-80.0	711.1818	2.261271	8.362661	27.321995	-45.45148	1130000	0.0	116.23649	-0.0083023785	-40.165955	0.55772036	0.015429196	0.096809685	11.0	2679.705940723419
113	28.11111	42.291172	84.0	-40.0	759.55554	1.8923312	6.110101	26.306503	-41.10057	1140000	-2.173086e-09	61.250134	-0.009969094	-16.067774	0.54698306	0.01538143	0.09210921	17.0	2703.754691362381
114	17.727272	57.857334	88.0	-60.0	746.8182	3.0595508	6.020424	23.693207	-41.282887	1150000	1.800557e-08	110.97128	-0.009927635	-30.317848	0.5363905	0.015140017	0.107210726	21.0	2729.014016866684
115	21.777779	45.516243	88.0	-45.0	732.3333	1.2731189	9.105493	18.344873	-52.486946	1160000	9.934108e-09	61.14391	-0.009264968	-17.639051	0.53682804	0.0152091505	0.085808575	18.0	2752.775444984436
116	28.444445	45.867226	88.0	-35.0	727.2222	2.3956478	7.151541	19.533333	-43.81245	1170000	2.483527e-09	69.53309	-0.009463695	-16.221481	0.5352146	0.015132792	0.08940894	19.0	2775.162935733795
117	27.555555	44.99163	88.0	-35.0	715.1111	2.559115	7.6269107	21.403173	-46.391342	1180000	-1.1175871e-08	59.06422	-0.0068279468	-10.624943	0.546339	0.015260591	0.09830984	16.0	2799.1132464408875
118	29.88889	45.576416	92.0	-35.0	729.7778	2.591491	7.8119965	20.116375	-38.7104	1190000	2.483527e-09	49.775757	-0.0057775364	-10.657993	0.5253373	0.016544754	0.08430842	8.0	2822.33967089653
119	23.444445	43.307972	92.0	-40.0	760.3333	2.79429	7.358167	20.213087	-43.90843	1200000	4.967054e-09	69.27936	-0.008968524	-16.712332	0.5234199	0.015125755	0.089308925	18.0	2846.5966255664825
120	26.444445	47.539715	88.0	-50.0	759.7778	2.5824	6.7954082	18.976465	-40.48446	1210000	-4.346172e-09	56.24262	-0.006178869	-11.401745	0.5228719	0.0151658915	0.075207524	8.0	2870.965120077133
121	37.666668	40.936264	96.0	-25.0	743.55554	2.2795246	7.9749327	15.971806	-42.16431	1220000	7.450581e-09	51.267303	-0.005960317	-15.898217	0.5342297	0.01508454	0.07840784	13.0	2895.2957878112793
122	24.444445	52.770176	84.0	-50.0	697.7778	4.417541	6.099555	16.911522	-43.93267	1230000	1.2417635e-09	87.12888	-0.008113364	-20.17514	0.5323946	0.015396443	0.08410841	14.0	2920.000491142273
123	26.48	52.806	84.0	-60.0	759.2	2.4035542	7.7234674	18.820478	-34.473633	1240000	2.1109978e-08	67.80179	-0.007917033	-10.860229	0.54212594	0.015254889	0.08220822	16.0	2943.4328088760376
124	24.222221	34.656338	68.0	-30.0	735.8889	2.217442	7.0210404	17.400743	-27.741343	1250000	-2.2351742e-08	48.098766	-0.007755799	-9.279676	0.54316527	0.015066559	0.08590859	12.0	2968.9185786247253
125	39.0	39.88038	88.0	-20.0	720.8889	3.1927464	6.3063545	21.1848	-40.525894	1260000	-3.259629e-09	52.096325	-0.008606159	-13.607193	0.5460828	0.0153814955	0.09840984	14.0	2992.74853181839
126	11.777778	55.489296	96.0	-75.0	678.55554	4.124038	6.9627647	20.247162	-43.92084	1270000	6.208817e-09	74.77997	-0.0109410025	-19.109163	0.5373525	0.015822519	0.10171017	20.0	3016.2774772644043
127	23.58	49.25797	88.0	-50.0	731.4	2.1551428	8.054309	27.964062	-45.38937	1280000	-9.934108e-09	70.34374	-0.011647197	-14.039711	0.5497958	0.015565634	0.10541054	25.0	3039.068634033203
128	27.666666	46.67381	96.0	-30.0	745.8889	1.8282167	9.181338	19.668163	-49.56151	1290000	1.2417634e-08	54.195435	-0.007914492	-14.279602	0.5341092	0.015914658	0.082208216	12.0	3064.772639989853
129	25.11111	41.28342	88.0	-30.0	784.7778	3.233234	7.3761096	26.116238	-47.36034	1300000	-2.483527e-09	62.721462	-0.0075074784	-16.098907	0.5174199	0.016765418	0.07540754	10.0	3088.9434757232666
130	26.555555	43.853573	92.0	-45.0	737.55554	2.933022	6.255812	17.321215	-40.247665	1310000	-1.4901161e-08	72.68506	-0.007916932	-13.70081	0.5420152	0.015542548	0.0840084	12.0	3112.0343210697174
131	29.555555	45.233006	92.0	-40.0	755.3333	2.6640873	6.82255	18.72512	-42.96658	1320000	2.7318796e-08	56.643063	-0.005723217	-10.702565	0.5392825	0.01653053	0.08320832	9.0	3136.1711840629578
132	7.0	37.031517	56.0	-50.0	783.2222	3.4732585	6.2951183	20.266932	-41.653725	1330000	9.934108e-09	90.76126	-0.005898323	-24.221735	0.57216436	0.015294735	0.08240824	9.0	3160.966595888138
133	12.444445	50.743607	84.0	-65.0	750.8889	2.1328638	7.14892	19.388634	-48.143593	1340000	-7.450581e-09	74.42809	-0.01062655	-16.381779	0.54218495	0.015197349	0.10481048	22.0	3185.586191177368
134	6.888889	50.43906	88.0	-60.0	694.55554	1.2479379	8.016559	28.936033	-56.912605	1350000	1.9868216e-08	88.07896	-0.008493695	-16.712297	0.5359984	0.015033995	0.09130913	13.0	3209.0111203193665
135	35.82	47.37607	92.0	-40.0	785.5	1.2377695	7.9702115	21.196457	-45.259506	1360000	-2.0178657e-09	66.242836	-0.0068508615	-25.91659	0.5357738	0.015003494	0.092909284	9.0	3232.884857416153
136	14.0	42.171608	84.0	-40.0	742.55554	3.1420064	7.134007	24.569828	-37.142414	1370000	1.0554989e-08	46.233326	-0.00698759	-12.197173	0.5252347	0.016597485	0.06590659	8.0	3256.3249096870422
137	24.666666	44.974068	84.0	-40.0	727.1111	2.4862847	6.118221	19.601622	-30.992449	1380000	4.0357313e-09	64.06659	-0.010117985	-16.448467	0.5316746	0.015350341	0.08580858	19.0	3281.1107716560364
138	26.555555	37.082825	88.0	-35.0	759.6667	2.1334753	6.9608536	19.138172	-41.668594	1390000	-1.3659398e-08	57.27966	-0.008186646	-19.248293	0.5245364	0.015025708	0.08070807	11.0	3305.7809507846832
139	19.777779	37.264153	72.0	-40.0	740.7778	2.7839384	6.5795617	17.830975	-40.032333	1400000	-2.483527e-09	63.43568	-0.0068672034	-16.578384	0.5250964	0.01636574	0.07820782	11.0	3331.0019092559814
140	28.666666	51.437126	88.0	-45.0	691.8889	2.6269448	5.448536	21.205194	-38.549126	1410000	-1.0981846e-08	76.57543	-0.009139226	-18.620852	0.53803784	0.015543385	0.095009506	18.0	3354.1876363754272
141	11.266666	65.78963	92.0	-75.0	739.25	3.102847	7.025597	20.589685	-46.707996	1420000	-1.2417634e-08	135.19838	-0.009463499	-49.536377	0.56239897	0.015471966	0.10531053	13.0	3377.1231758594513
142	3.5272727	47.258614	92.0	-55.0	769.5455	1.2671221	9.21703	18.985283	-48.921715	1430000	-1.3659398e-08	126.1134	-0.015939636	-31.57944	0.53471774	0.015184894	0.11391139	57.0	3401.7341187000275
143	7.66	51.77181	88.0	-70.0	751.6	0.9225186	8.527364	22.11396	-48.811626	1440000	-3.4148495e-09	78.06568	-0.009412509	-15.004111	0.5477796	0.0155856935	0.0880088	16.0	3426.2994952201843
144	8.345455	57.364166	92.0	-65.0	747.7273	1.6441759	8.434855	21.932446	-46.627865	1450000	-1.5522043e-10	105.1814	-0.0078037274	-21.556541	0.56118435	0.015127671	0.08820882	12.0	3449.643064260483
145	14.436364	58.048748	84.0	-75.0	765.8182	0.36207327	9.626366	17.629648	-47.579384	1460000	-2.1109978e-08	94.227974	-0.004758324	-25.639296	0.5541341	0.01658506	0.060606062	6.0	3473.959537744522
146	-0.020000076	50.14622	96.0	-55.0	725.3	1.9469774	8.471594	19.297651	-45.77716	1470000	6.208817e-09	123.30609	-0.010054353	-39.120792	0.5682506	0.015064475	0.09820982	14.0	3496.124500274658
147	1.6	51.963833	88.0	-55.0	750.2	0.9959087	7.6147647	17.448915	-50.67569	1480000	1.4901161e-08	90.210724	-0.010709102	-19.78896	0.56094813	0.015291625	0.09230924	20.0	3519.489649772644
148	-4.7818184	50.95442	84.0	-70.0	768.0	0.7602779	8.494029	24.012522	-52.978424	1490000	-1.9247333e-08	93.22763	-0.0069491994	-22.030294	0.5506004	0.015177839	0.07710771	9.0	3543.726667881012
149	12.2	42.894756	68.0	-55.0	743.7	-0.055730406	8.244934	24.25456	-51.35261	1500000	9.934108e-09	68.36159	-0.0072858073	-18.445934	0.54985625	0.0155558465	0.112011194	10.0	3567.7270233631134
150	0.44444445	41.670963	72.0	-55.0	715.44446	1.1756792	7.813923	18.741632	-45.95391	1510000	-2.7318796e-08	91.182304	-0.0068902825	-18.119715	0.5714274	0.016060764	0.095009506	10.0	3590.588956594467
151	5.3599997	55.0335	88.0	-70.0	735.8	0.20837386	8.440992	20.700321	-46.02797	1520000	1.2417634e-08	90.240875	-0.0093136225	-19.486834	0.56767315	0.015794797	0.07650765	13.0	3613.1037409305573
152	11.74	55.897842	96.0	-70.0	758.0	0.99200743	8.0831585	22.539762	-41.73977	1530000	-2.7939677e-09	83.2598	-0.0071395785	-12.836697	0.5565398	0.015345655	0.08970898	13.0	3637.5271072387695
153	11.888889	45.688423	76.0	-60.0	737.6667	0.40302283	8.8018875	16.796982	-41.972187	1540000	2.7318796e-08	67.799286	-0.00877993	-15.483235	0.5597921	0.015139279	0.09980998	14.0	3660.5537889003754
154	14.1	39.36864	72.0	-30.0	780.7	1.9906124	7.842647	19.833921	-45.97891	1550000	-7.450581e-09	65.99786	-0.0121925725	-14.613875	0.5701677	0.015270464	0.10311031	20.0	3684.571849822998
155	1.6727275	47.529305	72.0	-65.0	758.0909	2.35515	6.6401587	21.881704	-50.223778	1560000	1.7850349e-08	102.61965	-0.008615798	-23.965363	0.5850783	0.015913855	0.09140914	13.0	3708.107297182083
156	10.4	55.78566	92.0	-60.0	736.8	1.3929675	7.7563534	25.284983	-45.66644	1570000	1.4901161e-08	94.32804	-0.008817901	-14.751739	0.57475376	0.015894173	0.10561056	11.0	3731.9762897491455
157	11.49091	55.784092	92.0	-75.0	763.1818	1.390446	9.421199	23.776537	-45.296158	1580000	-4.656613e-09	99.96212	-0.00557401	-21.1132	0.57832974	0.01636017	0.08460846	9.0	3754.8595867156982
158	18.439999	52.81574	92.0	-75.0	745.1	1.2323644	7.7763233	18.587997	-46.122784	1590000	1.086543e-08	94.12083	-0.014299937	-18.588305	0.57437056	0.015039218	0.09930993	49.0	3778.9122858047485
159	0.13999996	46.870213	92.0	-75.0	790.2	1.25609	7.787913	18.855095	-40.92087	1600000	-6.2088173e-10	79.97165	-0.0070457463	-11.918865	0.5686043	0.01582809	0.08250825	9.0	3803.7992169857025
160	17.88889	35.803303	80.0	-25.0	768.0	0.40042806	8.14661	19.965239	-42.85955	1610000	-5.355105e-09	66.96725	-0.0064601265	-21.401428	0.53866917	0.015205289	0.06880688	8.0	3829.519976377487
161	7.2222223	32.299904	43.0	-35.0	794.7778	2.3391232	7.337746	23.81993	-50.523457	1620000	2.1109978e-08	79.1173	-0.007930425	-18.634172	0.5585084	0.0151184825	0.100610055	10.0	3853.119700193405
162	25.11111	38.498035	76.0	-30.0	772.7778	1.4742049	6.4152412	24.621405	-41.54649	1630000	-1.3659398e-08	69.5472	-0.0039251144	-15.1494255	0.5508115	0.015234468	0.08890889	7.0	3877.233097553253
163	10.666667	45.345585	92.0	-60.0	727.3333	2.7728279	6.92493	20.045012	-39.48369	1640000	7.450581e-09	82.65415	-0.009006316	-25.917612	0.55994284	0.015076381	0.08120812	19.0	3900.2616930007935
164	26.444445	43.55612	84.0	-35.0	708.0	2.0898614	5.886224	17.70705	-40.740005	1650000	-6.208817e-09	76.605095	-0.0061492305	-19.418459	0.5540804	0.015560201	0.076107614	10.0	3923.5489752292633
165	5.5555553	47.668095	92.0	-40.0	679.1111	2.9613576	6.807682	22.255575	-45.212944	1660000	-1.9868216e-08	93.3591	-0.0069917594	-23.83225	0.54754394	0.015457611	0.074407436	7.0	3945.444525241852
166	19.222221	36.656902	96.0	-20.0	773.0	0.38017163	7.5696454	18.368484	-47.60604	1670000	-1.7384687e-08	80.21365	-0.0061125173	-17.804682	0.5449688	0.01613284	0.080508046	7.0	3970.6667058467865
167	7.0	43.794975	72.0	-45.0	754.0	1.9911562	5.928368	17.132406	-49.16173	1680000	-1.9247333e-08	111.34335	-0.009464682	-32.94411	0.55728775	0.015226451	0.099509954	16.0	3995.6662378311157
168	11.9800005	46.74659	80.0	-60.0	746.3	1.19238	7.8753304	21.982437	-50.656807	1690000	4.967054e-09	93.66492	-0.010565131	-23.701006	0.5652877	0.015124594	0.0950095	26.0	4018.319257736206
169	14.777778	39.723427	76.0	-40.0	780.8889	0.7544628	8.187092	25.618986	-49.267845	1700000	-8.925174e-09	74.54279	-0.0068918765	-20.13606	0.5449588	0.015326649	0.083108306	12.0	4043.446716785431
170	7.111111	38.93997	68.0	-60.0	712.7778	1.7140008	6.425782	20.144411	-34.8251	1710000	7.450581e-09	76.88001	-0.004455827	-16.203848	0.56173724	0.015609191	0.050305035	5.0	4066.811182498932
171	26.222221	42.95159	96.0	-25.0	708.8889	1.2864078	6.96486	20.089674	-38.195732	1720000	-7.1837953e-09	83.510994	-0.0063076243	-18.498747	0.5596872	0.015141957	0.084008396	12.0	4091.7621998786926
172	18.0	46.47102	80.0	-40.0	725.3333	2.1995718	7.357804	20.814344	-44.333443	1730000	-4.967054e-09	85.26349	-0.00849474	-16.132574	0.55761284	0.015012824	0.09940994	19.0	4115.965798854828
173	21.88889	40.349705	92.0	-25.0	758.6667	1.7670422	7.0694304	20.096384	-38.23321	1740000	-6.208817e-09	74.03988	-0.0073591913	-14.138986	0.564333	0.015332021	0.08450845	17.0	4140.681871175766
174	9.4	41.857376	64.0	-65.0	763.9	2.2010818	7.6705647	24.212868	-48.166824	1750000	1.0554989e-08	95.96014	-0.008895951	-18.041965	0.5701299	0.01527466	0.09910991	20.0	4164.996040344238
175	2.1111112	46.302017	84.0	-65.0	716.3333	1.6881869	6.30864	18.422289	-40.44993	1760000	2.483527e-09	103.49534	-0.008913353	-27.930952	0.60231423	0.015429504	0.083808385	16.0	4187.760250091553
176	16.0	33.799408	56.0	-40.0	779.3	0.50098324	7.780412	20.318193	-45.88801	1770000	2.9802322e-08	111.35783	-0.008208435	-31.350418	0.5761514	0.015665498	0.08460846	13.0	4212.320225954056
177	20.444445	39.26013	84.0	-35.0	732.8889	1.1363285	5.979956	16.532291	-40.087456	1780000	-2.9491882e-09	64.797356	-0.006722471	-19.385998	0.57463807	0.015588011	0.09450945	8.0	4235.328663110733
178	20.4	43.033012	84.0	-45.0	757.5	1.5653679	7.4633875	20.178196	-40.320053	1790000	-3.7252903e-09	61.607212	-0.009222323	-10.257966	0.5829637	0.015325961	0.11091109	16.0	4260.117840766907
179	5.42	49.892563	80.0	-85.0	763.3	1.5873401	7.3807397	24.038322	-40.92642	1800000	1.2417634e-08	95.7163	-0.009155768	-23.844778	0.5708018	0.015057164	0.07760776	11.0	4284.755990028381
180	23.444445	32.10092	76.0	-10.0	740.0	0.7220733	7.359053	23.062143	-39.75919	1810000	2.483527e-09	82.73333	-0.007212136	-15.696582	0.5731194	0.015168176	0.07090709	8.0	4307.403837442398
181	15.333333	36.095554	92.0	-30.0	762.55554	1.897358	7.2827263	19.6199	-39.28237	1820000	2.3283064e-09	68.94213	-0.0064295377	-14.227315	0.5650454	0.018164977	0.07640764	9.0	4330.566794157028
182	18.539999	47.80946	88.0	-75.0	765.1	1.9566134	7.1408086	21.994345	-40.20596	1830000	-1.800557e-08	90.03409	-0.0055022985	-26.868223	0.5579028	0.015955953	0.08140814	7.0	4354.677026510239
183	20.222221	56.16202	88.0	-80.0	713.6667	1.8436365	8.001193	18.157228	-39.588615	1840000	-1.7384687e-08	83.87589	-0.011905157	-23.179708	0.54324657	0.0151891485	0.10661066	32.0	4379.025814771652
184	31.777779	39.999382	84.0	-30.0	730.1111	2.6534555	7.0810475	20.002136	-41.874317	1850000	-9.934108e-09	85.56744	-0.009323716	-26.592207	0.55703956	0.0152208945	0.071607165	16.0	4402.405180454254
185	23.11111	40.983585	84.0	-35.0	720.44446	3.375995	7.440044	18.627672	-44.002903	1860000	-1.3096724e-08	81.33184	-0.009162729	-16.390524	0.5566015	0.015657939	0.104810484	17.0	4426.025931358337
186	22.11111	38.590282	80.0	-30.0	703.3333	1.8907282	6.8700023	16.7472	-44.74269	1870000	-8.692344e-09	82.522285	-0.010113063	-14.528472	0.5663418	0.015638297	0.11231124	22.0	4449.679478883743
187	29.444445	46.90679	96.0	-50.0	703.8889	1.7860105	7.240955	18.23787	-41.149925	1880000	-2.483527e-09	102.35361	-0.0056915446	-18.748245	0.57010293	0.015584548	0.095309526	9.0	4473.163905620575
188	21.444445	42.846264	92.0	-35.0	731.44446	2.4619167	6.443294	16.402641	-39.883984	1890000	-3.7252903e-08	79.24474	-0.00772637	-14.753296	0.5430884	0.015451795	0.0950095	15.0	4497.518362998962
189	15.5	46.260674	84.0	-55.0	732.8	1.5983338	6.644425	18.439796	-33.920258	1900000	4.346172e-09	83.447235	-0.0072229914	-19.879744	0.5471194	0.016008688	0.08830883	12.0	4521.972502708435
190	25.777779	48.418953	92.0	-35.0	703.2222	1.4257829	7.2115602	15.999893	-37.45065	1910000	2.483527e-09	77.98579	-0.008396194	-19.98691	0.5540338	0.015441007	0.101910196	17.0	4544.684478521347
191	15.777778	41.483	92.0	-40.0	721.3333	1.7554803	7.299454	19.548328	-33.341675	1920000	-1.9247333e-08	79.70083	-0.00456259	-25.022469	0.5687168	0.016213128	0.05060506	5.0	4567.927093744278
192	32.0	44.728813	92.0	-25.0	725.44446	2.2544928	6.5309725	19.741055	-39.46002	1930000	2.7939677e-09	69.22739	-0.0061352323	-15.759126	0.5516519	0.015467568	0.07580758	8.0	4592.9519901275635
193	19.333334	41.282227	96.0	-33.0	745.0	2.2801032	7.520892	18.11902	-36.891884	1940000	1.800557e-08	76.500786	-0.0046972283	-12.951756	0.5599606	0.016788641	0.07170717	6.0	4616.992951869965
194	24.98	52.751526	88.0	-75.0	760.5	2.7079782	6.696797	23.473528	-33.16374	1950000	4.462587e-09	97.18463	-0.005377235	-16.151937	0.5612631	0.016174614	0.07870787	6.0	4640.642081975937
195	27.222221	41.2035	72.0	-50.0	703.0	2.0907595	6.3512716	19.667286	-39.195312	1960000	1.2417634e-08	77.986336	-0.00825387	-15.348159	0.57188	0.015553102	0.08390839	17.0	4663.555628538132
196	18.444445	45.72894	88.0	-45.0	730.8889	2.5739212	6.122837	19.240932	-40.365616	1970000	-2.483527e-09	105.56664	-0.0069144033	-31.701195	0.5803897	0.015076522	0.08410841	10.0	4686.78561258316
197	10.88	49.889977	76.0	-70.0	714.9	-0.16488166	8.147664	17.254614	-49.200832	1980000	-2.4524828e-08	98.54772	-0.0081204	-30.635202	0.56576276	0.015138832	0.0850085	13.0	4711.144198656082
198	23.222221	43.301983	92.0	-40.0	711.8889	1.695872	7.247429	17.928902	-37.988228	1990000	-9.934108e-09	91.358604	-0.0076346565	-23.345724	0.58825415	0.015099156	0.08860886	12.0	4733.496060371399
199	18.666666	39.65406	76.0	-45.0	725.44446	1.9056649	7.6749797	16.80411	-49.82076	2000000	1.9247333e-08	82.919426	-0.008675693	-18.37839	0.5801056	0.015401197	0.08390839	18.0	4757.387014389038
200	23.84	53.117893	96.0	-50.0	730.7	2.4169517	7.3541	20.460957	-50.67177	2010000	6.519258e-09	95.79444	-0.008444098	-20.338167	0.5707948	0.015104491	0.09760976	13.0	4782.040941476822
201	17.36	46.883327	76.0	-75.0	758.3	2.2220738	6.727654	26.267715	-39.220528	2020000	3.7252903e-09	91.128944	-0.0067499056	-17.050375	0.5728685	0.015582564	0.0980098	10.0	4803.970670461655
202	22.222221	28.9397	56.0	-25.0	729.0	0.5980745	7.302531	17.450577	-43.520515	2030000	-7.761021e-10	74.73928	-0.008410428	-26.315575	0.5668421	0.015122713	0.08620862	11.0	4828.736454248428
203	12.1	46.36259	92.0	-40.0	755.7	2.0396404	7.3091154	22.358896	-47.018806	2040000	2.8560558e-08	101.449684	-0.006669473	-22.014915	0.5621135	0.015657185	0.09180918	10.0	4852.623950004578
204	3.0	36.75051	76.0	-35.0	735.0	1.6770277	7.2277155	17.887764	-42.83353	2050000	-1.2417635e-09	80.437035	-0.008943225	-18.594093	0.559226	0.015109268	0.08220822	10.0	4875.709052562714
205	9.7	43.632675	72.0	-45.0	745.1	1.1051967	6.8123574	20.744526	-40.880817	2060000	9.934108e-09	82.69318	-0.009471186	-15.77423	0.55096	0.015115692	0.09150914	19.0	4897.559600830078
206	14.1	46.422947	68.0	-60.0	718.0	1.3272889	6.9257197	23.8572	-44.635838	2070000	-2.483527e-09	93.8074	-0.009898547	-21.276125	0.56822616	0.015294836	0.08550855	14.0	4921.516143321991
207	17.666666	45.21799	92.0	-45.0	710.6667	1.2060091	7.814749	16.686234	-54.85523	2080000	1.0554989e-08	107.48214	-0.0068750423	-27.323828	0.567532	0.015680427	0.10111011	9.0	4943.9553117752075
208	26.11111	48.25268	88.0	-45.0	692.6667	1.5203086	7.5733113	16.401484	-53.30316	2090000	3.7252903e-09	69.27218	-0.003897921	-17.447392	0.56315607	0.015269946	0.05830583	7.0	4966.168363332748
209	14.4	52.377857	88.0	-70.0	730.8	2.7440991	7.5216165	20.62783	-51.93703	2100000	7.605801e-09	116.42062	-0.008594777	-30.038406	0.5725028	0.015220791	0.10221022	17.0	4989.606516122818
210	22.666666	44.793354	88.0	-30.0	684.44446	0.0181736	8.156498	18.046732	-54.28096	2110000	7.450581e-09	95.59751	-0.006901421	-30.432348	0.56703866	0.015796648	0.07780778	10.0	5013.826781511307
211	19.555555	47.623783	88.0	-50.0	702.0	2.1673565	6.7962437	16.804977	-47.642883	2120000	-9.934108e-09	81.788086	-0.011379418	-16.321238	0.5751883	0.0150280325	0.104210414	39.0	5037.0162525177
212	16.0	34.78186	64.0	-40.0	704.6667	1.5057068	8.137332	17.819218	-52.361073	2130000	-2.7939677e-09	86.07665	-0.007316449	-23.314077	0.55358607	0.015252937	0.095909595	10.0	5059.495401382446
213	13.3	51.59273	80.0	-80.0	731.4	2.0251045	6.6818075	24.66651	-43.99343	2140000	-6.519258e-09	99.27877	-0.0068589896	-24.231127	0.5876393	0.015820375	0.07740774	9.0	5082.526397943497
214	30.222221	43.802025	92.0	-30.0	733.3333	0.58248955	7.6438055	15.564472	-43.800083	2150000	-1.0050523e-08	74.16928	-0.0073389974	-24.53348	0.54612875	0.015222694	0.08810881	12.0	5107.5605709552765
215	21.763636	49.163315	84.0	-50.0	668.7273	2.5790806	7.0600085	22.933834	-41.476955	2160000	-1.7384687e-08	92.35474	-0.008908452	-16.709105	0.55962926	0.015167686	0.107310735	14.0	5134.515470027924
216	26.777779	42.478172	88.0	-35.0	725.7778	1.7937689	7.6900454	20.770021	-55.08896	2170000	-1.1175871e-08	71.53683	-0.0066670734	-12.469231	0.5445151	0.016352741	0.084908485	10.0	5159.090909481049
217	13.555555	47.740295	80.0	-40.0	683.7778	1.6208128	7.0791087	17.82936	-45.08179	2180000	9.934108e-09	85.19891	-0.0066881627	-19.932556	0.53298306	0.017533131	0.07810781	7.0	5181.3103947639465
218	11.333333	46.67857	84.0	-60.0	685.55554	1.8914007	6.940181	19.766418	-47.466763	2190000	-1.800557e-08	104.4527	-0.011518292	-14.308253	0.5549863	0.015027692	0.09470948	38.0	5204.645450115204
219	16.127272	51.097218	92.0	-60.0	772.9091	1.9160151	7.551072	30.910028	-45.469303	2200000	2.483527e-09	93.24298	-0.007622886	-20.21338	0.55317706	0.015465446	0.08240824	11.0	5227.788244724274
220	28.222221	47.46877	92.0	-35.0	691.8889	1.4421347	7.6964083	16.17715	-42.31341	2210000	9.4684465e-09	76.21148	-0.009930544	-16.87267	0.53973573	0.015843628	0.094409436	21.0	5251.588486194611
221	11.0	59.808025	92.0	-70.0	687.6	2.2075555	7.8176413	23.433287	-48.418274	2220000	-9.934108e-09	110.45746	-0.011298782	-26.960075	0.55380964	0.01509547	0.11031103	30.0	5273.757153272629
222	30.11111	49.711266	80.0	-55.0	684.8889	0.82362133	8.486959	20.313473	-44.10563	2230000	0.0	84.12266	-0.008998812	-17.732828	0.56636435	0.015438408	0.10831084	19.0	5297.38560962677
223	25.11111	46.17225	84.0	-35.0	690.3333	1.8897575	7.299319	18.71636	-46.12139	2240000	-1.7384687e-08	78.65882	-0.0062055797	-18.180809	0.58185434	0.015898542	0.08150815	9.0	5320.631029844284
224	12.7	42.593548	60.0	-45.0	724.1	2.2013242	8.140159	21.136683	-47.759926	2250000	-1.1796753e-08	93.075294	-0.0056163073	-23.736437	0.5922895	0.01673376	0.10361037	7.0	5343.498261451721
225	18.555555	41.49193	80.0	-35.0	707.44446	0.7460535	8.152081	25.772842	-52.94812	2260000	-4.967054e-09	64.476265	-0.0059460853	-18.683796	0.57571673	0.01585047	0.07990799	7.0	5366.483691453934
226	16.333334	36.596905	60.0	-35.0	717.8889	1.4971155	7.1657534	28.007093	-42.0484	2270000	2.2351742e-08	76.033264	-0.007841267	-20.061872	0.57191384	0.016821003	0.100410044	9.0	5389.854141235352
227	7.5	41.15884	88.0	-40.0	744.4	1.1953048	7.2910705	18.71413	-42.382126	2280000	1.8626451e-09	80.50489	-0.007947616	-15.251525	0.5766241	0.015888253	0.090209015	9.0	5413.355335235596
228	12.111111	49.083702	84.0	-65.0	663.7778	0.28494924	7.231537	23.84664	-41.974686	2290000	-1.2417635e-09	87.88913	-0.0096336445	-16.495073	0.5738866	0.015409241	0.10271027	11.0	5435.990118741989
229	17.1	44.974323	88.0	-40.0	739.1	1.706169	7.8987665	21.678314	-42.05821	2300000	-1.2417635e-09	81.470604	-0.008763676	-20.043737	0.5724303	0.015035217	0.10361037	11.0	5459.051442623138
230	17.222221	41.36767	84.0	-45.0	706.0	0.9068392	7.8199472	19.60751	-48.821934	2310000	9.934108e-09	70.82682	-0.005332613	-17.659815	0.5926059	0.015087873	0.084808476	6.0	5480.618257045746
231	4.909091	48.044403	96.0	-45.0	760.63635	2.1830256	6.670083	19.669106	-37.707115	2320000	-6.208817e-09	103.15332	-0.008094809	-27.870066	0.58665997	0.015180294	0.09840984	13.0	5505.357069015503
232	15.44	53.78868	96.0	-50.0	716.5	0.62949336	7.263147	24.999758	-35.28247	2330000	1.4901161e-08	100.71412	-0.0067537534	-35.239704	0.5925715	0.017036498	0.084708475	7.0	5528.937114715576
233	32.333332	47.241695	100.0	-35.0	727.3333	0.74062294	8.148892	20.923512	-42.66336	2340000	-6.208817e-09	55.834766	-0.0062362626	-15.914182	0.58039874	0.01508098	0.0750075	9.0	5551.9369440078735
234	19.11111	50.943203	88.0	-60.0	676.44446	2.9192207	7.2625155	20.88331	-36.798244	2350000	2.483527e-09	85.744415	-0.005382572	-17.595642	0.59327734	0.016396897	0.0830083	8.0	5574.476983308792
235	29.777779	48.029568	96.0	-35.0	744.44446	1.2641699	8.3533125	26.392368	-46.64348	2360000	-4.967054e-09	57.822033	-0.006636158	-13.075814	0.5826054	0.016042216	0.07180718	10.0	5599.055891752243
236	28.88889	48.665398	100.0	-40.0	669.6667	2.190337	6.94104	23.206457	-46.90352	2370000	5.2774944e-09	68.39044	-0.0076663955	-11.651824	0.58793	0.015395574	0.08270827	14.0	5622.09499168396
237	23.24	57.11636	96.0	-70.0	722.3	2.5227382	8.06176	26.64235	-53.361347	2380000	2.7318796e-08	98.87271	-0.008717169	-18.469454	0.572957	0.016224375	0.10021002	7.0	5644.577425956726
238	21.327272	51.12589	96.0	-60.0	788.36365	1.1089017	8.380182	18.510891	-54.971073	2390000	-2.7784457e-08	81.90795	-0.006308856	-13.976551	0.56758815	0.015323117	0.08850885	8.0	5670.200377702713
239	13.2	42.04712	76.0	-45.0	750.2	1.9823055	7.7411036	37.11717	-46.36973	2400000	-2.1109978e-08	88.58689	-0.010240509	-18.18185	0.583798	0.015481771	0.09010901	19.0	5695.407262802124
240	19.2	45.29857	96.0	-40.0	718.2	0.93822443	8.187032	24.695526	-55.2256	2410000	2.483527e-09	67.74125	-0.00611286	-13.472552	0.5617485	0.016212674	0.08110811	7.0	5717.179769992828
241	27.0	45.190952	96.0	-40.0	681.2222	0.770636	7.893367	20.307787	-46.00064	2420000	0.0	81.23376	-0.008666811	-14.316798	0.5691917	0.015045214	0.09200921	23.0	5740.7531995773315
242	15.06	53.368084	96.0	-70.0	713.9	2.0662863	7.575544	24.082546	-61.128143	2430000	5.5879354e-09	84.713524	-0.008482515	-23.945051	0.5890043	0.015513393	0.076807685	14.0	5763.986679553986
243	24.58	53.86267	96.0	-65.0	752.7	0.59389204	8.890568	22.788872	-48.99037	2440000	1.0244548e-08	69.11776	-0.007825977	-15.062107	0.5673534	0.01581875	0.09460946	9.0	5787.8874888420105
244	22.11111	49.641926	96.0	-40.0	705.55554	1.317645	8.192948	21.36208	-39.163086	2450000	-4.967054e-09	61.49008	-0.008806802	-15.766979	0.57047695	0.015050892	0.09090909	11.0	5811.086395263672
245	8.219999	50.57663	92.0	-70.0	743.8	1.5174693	7.89303	22.052582	-42.594883	2460000	-1.6763806e-08	76.86428	-0.009080516	-19.917744	0.56086373	0.015428889	0.09380937	14.0	5834.281291723251
246	25.920002	51.837994	88.0	-65.0	718.1	1.255627	8.276275	18.36486	-39.481216	2470000	-1.4901161e-08	72.542244	-0.005512605	-15.041352	0.5823602	0.016302528	0.080208026	8.0	5857.115542650223
247	18.8	47.71331	92.0	-60.0	752.9	1.9955449	9.325383	21.721085	-42.20295	2480000	9.934108e-09	62.394363	-0.007857498	-14.613189	0.5841329	0.015721751	0.09740975	11.0	5880.8676500320435
248	20.88889	50.047634	96.0	-40.0	700.8889	2.278695	6.984742	22.02068	-37.324646	2490000	-1.2417634e-08	70.81089	-0.008000796	-16.652746	0.58337307	0.015642785	0.08630863	9.0	5903.469473361969
249	17.0	56.31518	92.0	-65.0	751.9	2.40793	7.6292777	23.78528	-44.949448	2500000	-9.934108e-09	77.47346	-0.0059915297	-15.038579	0.5962741	0.0151638435	0.116711676	8.0	5925.331547260284
