Epoch	AverageEpRet	StdEpRet	MaxEpRet	MinEpRet	EpLen	AverageVVals	StdVVals	MaxVVals	MinVVals	TotalEnvInteracts	LossPi	LossV	DeltaLossPi	DeltaLossV	Entropy	KL	ClipFrac	StopIter	Time
0	97.09259	3.994063	100.0	85.6	120.07407	35.20209	17.5781	78.02494	0.70175433	10000	-8.071463e-09	50.029682	-0.003785652	-7.0333543	0.22042437	0.016848715	0.051405143	5.0	27.331628561019897
1	96.376915	4.966682	100.0	80.2	123.371796	36.64082	17.529318	79.88631	-20.374216	20000	2.9181441e-08	51.288578	-0.006804727	-9.458758	0.20539625	0.015983105	0.06260627	10.0	50.476813554763794
2	96.56455	4.624728	100.0	84.7	123.55696	34.92512	17.917082	83.29809	-7.146219	30000	1.3271347e-08	49.638214	-0.0063682087	-8.703896	0.20575278	0.015820451	0.053905394	10.0	73.99361872673035
3	96.71013	4.427091	100.0	83.5	122.20253	35.59896	17.609741	80.186	-22.568054	40000	-1.1175871e-08	55.7558	-0.007282398	-10.902443	0.21448869	0.016172385	0.05350535	9.0	97.11128449440002
4	97.05062	4.191677	100.0	84.1	121.93827	34.76032	17.657232	77.7888	-4.188537	50000	2.142042e-08	49.403397	-0.0067500677	-10.168938	0.21335931	0.015903275	0.06320632	10.0	120.99423408508301
5	96.50625	4.768106	100.0	79.6	122.825	35.194935	17.87413	79.93426	-37.431747	60000	1.0554989e-08	58.266327	-0.0071488433	-13.814884	0.21257013	0.0156201385	0.05080508	9.0	145.49613547325134
6	96.77038	4.681707	100.0	79.0	120.83951	35.47976	17.471338	81.16072	-3.349481	70000	-3.4148495e-09	59.35092	-0.006719304	-10.243275	0.21230645	0.015164311	0.06030603	15.0	169.66713571548462
7	96.71519	4.3693724	100.0	83.5	125.06329	35.638687	17.993189	84.737175	-9.331881	80000	2.8672124e-08	61.890644	-0.0057505113	-12.87606	0.21426034	0.01637639	0.05470547	11.0	194.97530722618103
8	96.868355	4.429862	100.0	83.5	121.417725	35.94346	17.483322	81.24601	-0.08127618	90000	8.2266824e-09	53.309124	-0.006351693	-10.688785	0.21349293	0.015602739	0.05270527	12.0	219.59736013412476
9	96.90864	4.2932677	100.0	83.5	121.19753	35.023243	17.655392	80.94985	-5.1166873	100000	-9.235616e-09	50.378525	-0.0057591833	-8.319079	0.21021588	0.015109147	0.049304932	12.0	243.00789093971252
10	96.722786	4.525566	100.0	80.5	121.696205	35.857403	17.716053	80.47266	-16.826693	110000	-1.27280755e-08	48.987473	-0.0063760807	-9.205017	0.21319927	0.015112934	0.06080608	11.0	266.67446780204773
11	96.95802	4.180521	100.0	84.4	121.27161	35.27266	17.498375	80.17059	-13.091665	120000	-7.761022e-11	47.20305	-0.004358417	-7.0941186	0.20828716	0.015069286	0.04060406	8.0	290.4146099090576
12	95.7421	5.9419403	100.0	69.4	130.75	34.62984	18.018764	83.81884	-13.746057	130000	-4.967054e-09	77.369286	-0.004527869	-20.079334	0.2245573	0.016000563	0.03940394	4.0	314.59285736083984
13	96.658745	5.3283134	100.0	74.2	120.8875	34.9418	17.097809	75.60094	-8.959028	140000	5.2774944e-09	51.243946	-0.0065805446	-11.440217	0.21268798	0.016396469	0.06260626	14.0	338.2429368495941
14	96.99251	4.079607	100.0	85.0	122.95	34.99164	17.903074	79.65612	-17.595798	150000	8.071463e-09	45.036682	-0.004916229	-9.680767	0.20831645	0.015977154	0.055505548	9.0	360.9353415966034
15	96.59359	4.055144	100.0	86.2	126.371796	35.42633	17.542871	76.37622	-4.2147093	160000	-6.2088173e-10	56.41634	-0.005890867	-12.731664	0.21099351	0.015505452	0.05670567	7.0	385.008109331131
16	96.6782	4.3423867	100.0	84.7	124.871796	35.479935	17.409134	80.49185	-16.285254	170000	2.2817403e-08	56.64031	-0.006730734	-12.80613	0.2056365	0.015244511	0.05190519	9.0	409.1633813381195
17	96.8962	4.2278895	100.0	84.1	121.22785	35.853016	17.552176	78.477936	-12.074249	180000	3.4148495e-09	44.97467	-0.007915244	-7.1504645	0.20384453	0.015672384	0.06270627	22.0	431.7471823692322
18	95.53375	13.633094	100.0	-20.0	122.275	35.31952	17.84513	79.97812	-13.27031	190000	0.0	119.11066	-0.011270948	-48.069355	0.20251207	0.015570265	0.06510651	27.0	455.6034321784973
19	96.71298	4.1690993	100.0	85.6	125.2987	35.518105	17.973629	77.774895	-15.210363	200000	1.5328018e-08	60.36182	-0.007515851	-14.621108	0.20811176	0.015107083	0.0540054	16.0	478.3330497741699
20	97.04625	4.1061826	100.0	84.7	121.275	34.70108	17.990208	80.1378	-27.856152	210000	-1.6763806e-08	53.51782	-0.008367115	-12.834271	0.20056225	0.016486613	0.05630563	16.0	501.8529453277588
21	96.700005	4.948636	100.0	79.6	123.025	35.281876	17.96004	78.7716	-22.646275	220000	-4.346172e-09	52.251373	-0.008069656	-11.918033	0.20965736	0.015652956	0.05280528	13.0	524.3173851966858
22	97.258026	3.794761	100.0	86.8	120.75309	35.12783	17.68973	78.70014	-9.280729	230000	3.1044085e-09	49.212845	-0.010676461	-9.197751	0.19920607	0.015560199	0.066806674	33.0	548.093287229538
23	97.11125	3.7388499	100.0	86.2	121.95	35.49141	17.906254	80.41809	-10.973312	240000	-3.7252903e-09	56.66011	-0.0060456675	-9.348096	0.20908456	0.015803335	0.05340534	13.0	571.6611964702606
24	96.72532	4.513649	100.0	80.8	121.96203	35.672867	17.595907	82.14497	-14.385691	250000	1.7384687e-08	47.80356	-0.00599206	-7.84255	0.19999768	0.0150500415	0.05530553	12.0	595.3749375343323
25	96.56282	4.1421256	100.0	86.0	125.67949	34.852837	18.333525	80.326584	-10.659427	260000	-7.450581e-09	62.115753	-0.0070881494	-12.149894	0.21496885	0.015435084	0.057505745	11.0	619.975695848465
26	96.96625	3.9957771	100.0	82.0	121.875	35.038895	17.762333	80.49675	0.5996866	270000	-2.514571e-08	54.98424	-0.008098252	-11.293499	0.19657552	0.015020608	0.061706167	16.0	643.9806065559387
27	97.09494	4.134262	100.0	82.3	123.8481	35.58193	17.661009	80.75759	-13.027344	280000	1.6142925e-08	49.65112	-0.007655191	-9.290981	0.19718795	0.015856398	0.05870587	15.0	669.1178407669067
28	97.318756	3.6194296	100.0	86.8	121.0125	35.795616	17.841942	79.76244	-0.6714406	290000	0.0	43.73375	-0.0050623626	-6.143472	0.19371726	0.01576333	0.046204623	10.0	692.2510108947754
29	97.09374	4.214598	100.0	84.1	122.2375	35.34775	17.925724	79.74044	0.82355094	300000	-1.5522043e-09	45.425976	-0.0057936963	-6.9800897	0.19231093	0.015555032	0.063006304	14.0	716.7016789913177
30	97.2962	3.9293907	100.0	82.3	121.49367	35.61242	17.945862	79.7246	-2.4488661	310000	-1.2417634e-08	47.088654	-0.0062494255	-8.676785	0.20198405	0.016020788	0.051905196	10.0	740.8407032489777
31	97.07284	3.9310727	100.0	85.0	121.77778	35.045	18.014555	79.87963	-2.1874921	320000	1.5522043e-10	42.595104	-0.0049553295	-6.35445	0.20001487	0.01591148	0.052405242	9.0	763.8924088478088
32	96.483116	4.7130213	100.0	78.4	127.33766	35.61382	18.002209	79.91284	-5.923319	330000	-8.071463e-09	64.462456	-0.006195759	-13.381161	0.20816307	0.015301883	0.05830583	13.0	786.3480141162872
33	96.76456	4.217085	100.0	83.8	123.658226	34.886875	17.775366	79.13401	-8.949934	340000	-9.972912e-09	56.522068	-0.0054412503	-10.603736	0.20414479	0.015231983	0.05190519	9.0	809.8034565448761
34	96.88608	4.1375017	100.0	84.4	124.974686	34.97606	17.75186	79.605286	-16.44737	350000	3.1044085e-09	62.380554	-0.0053130784	-14.301629	0.21154737	0.01678696	0.050505053	7.0	832.7140247821808
35	96.6519	4.171054	100.0	86.0	123.50633	35.68543	17.656925	80.492775	-14.376964	360000	1.8626451e-08	63.119	-0.006462581	-13.383645	0.20434254	0.015732694	0.056305632	9.0	857.6368656158447
36	96.74999	4.216018	100.0	84.7	123.948715	35.63427	17.550201	76.462845	-26.123684	370000	-6.2088173e-10	60.678425	-0.0068216375	-14.669613	0.21654718	0.017068101	0.066706665	8.0	879.6029191017151
37	96.131165	4.8018737	100.0	80.0	127.50649	35.29024	17.46574	77.66127	-13.8047905	380000	1.0554989e-08	59.309864	-0.009145734	-13.808243	0.21173139	0.015505766	0.058405843	18.0	902.3781716823578
38	96.89876	5.036727	100.0	73.3	121.0125	35.191986	17.549877	81.32264	-32.18696	390000	-4.4237822e-09	55.959057	-0.01037572	-12.88828	0.19565408	0.015025047	0.06460646	20.0	926.9091725349426
39	96.20506	4.9504614	100.0	78.7	124.87342	35.535362	17.552305	81.48712	-15.090526	400000	-7.3729702e-09	56.928677	-0.007794298	-14.450107	0.1952446	0.015800536	0.05490549	11.0	950.6484017372131
40	96.23924	5.3488536	100.0	80.2	123.0	35.365494	17.53292	76.326454	-14.127911	410000	-1.800557e-08	50.7605	-0.0062972107	-10.861122	0.1947252	0.015118852	0.063006304	10.0	974.157457113266
41	96.85185	4.436496	100.0	80.8	121.07407	34.611393	17.86132	76.25625	-0.6842537	420000	-1.3038516e-08	45.377335	-0.0117769865	-9.236351	0.18782938	0.015269849	0.06820682	53.0	999.9772436618805
42	96.254425	5.127163	100.0	78.4	124.75949	35.586758	17.714966	78.19293	-7.8811297	430000	1.3659398e-08	55.368267	-0.0072059575	-11.321277	0.20424289	0.017046003	0.05240524	7.0	1022.4977428913116
43	96.417496	5.060676	100.0	80.2	121.75	35.257477	17.793905	78.66952	-10.7824545	440000	-4.9515318e-08	45.745655	-0.006569466	-8.457755	0.1872784	0.01527302	0.05590559	12.0	1045.1028423309326
44	96.90379	4.306293	100.0	83.2	123.822784	35.446877	17.791365	86.867485	-14.26663	450000	8.071463e-09	46.85622	-0.006490691	-9.610194	0.19167103	0.01535223	0.055105507	12.0	1068.6069989204407
45	96.745575	4.2034883	100.0	86.8	121.303795	35.4651	18.352945	79.21184	-0.3407011	460000	-2.173086e-09	56.537304	-0.0061139013	-10.5108	0.1944295	0.015127408	0.05860586	15.0	1091.0977084636688
46	96.735	5.6103945	100.0	63.4	121.7	35.214233	17.769533	80.815506	-4.229985	470000	-6.2088173e-10	45.832397	-0.0064897477	-7.6632714	0.19188625	0.015950775	0.06190619	13.0	1114.5779540538788
47	97.15926	3.8335035	100.0	86.2	121.40741	35.068604	18.096169	80.54505	-5.4333396	480000	-1.6763806e-08	54.81602	-0.007055784	-8.915668	0.19549502	0.016189499	0.071507156	14.0	1138.4206762313843
48	96.815	4.483806	100.0	82.0	122.7125	36.08687	17.431847	83.76563	-6.7352095	490000	2.2972623e-08	67.00564	-0.008321161	-15.538823	0.21433555	0.015507995	0.063106306	12.0	1161.741146326065
49	96.251274	4.808239	100.0	78.4	125.61539	35.418835	17.542433	77.1099	-25.437006	500000	3.1044087e-10	67.634766	-0.006265171	-18.794424	0.22741808	0.017974695	0.041104108	7.0	1184.611699104309
50	95.21645	15.841323	100.0	-40.0	122.16456	35.583675	17.093624	83.94481	-26.269302	510000	-1.2417634e-08	119.59676	-0.011476077	-45.42602	0.20915885	0.015161716	0.05990599	43.0	1208.9433887004852
51	96.5026	4.5386357	100.0	83.5	125.402596	35.412327	17.580889	85.78725	-9.199057	520000	0.0	78.67303	-0.00836892	-17.523504	0.21294343	0.016027352	0.06680668	12.0	1232.8532357215881
52	95.72237	6.2830725	100.0	61.3	128.48685	34.3528	18.476418	79.0119	-44.56081	530000	6.6744783e-09	74.94686	-0.00713508	-13.515545	0.22957318	0.015464987	0.05440544	11.0	1255.7125000953674
53	96.82051	3.910222	100.0	86.2	125.48718	35.078766	17.639442	77.945694	-10.815624	540000	2.8250119e-08	67.23934	-0.0048285504	-16.848427	0.22433068	0.015724713	0.04810481	7.0	1278.4364652633667
54	96.31559	4.5352316	100.0	83.2	127.233765	35.655704	17.35625	79.65043	-8.734696	550000	5.5879354e-09	70.68429	-0.007756502	-15.103948	0.22285753	0.01536586	0.06430643	13.0	1302.2946753501892
55	96.509094	4.357384	100.0	79.9	125.36364	34.733955	17.196815	80.84293	-7.5000687	560000	-2.7939677e-09	59.563137	-0.00518578	-11.175374	0.22334038	0.016113428	0.058105808	9.0	1325.2754542827606
56	96.20132	4.3728075	100.0	85.3	129.3421	34.911407	17.84078	84.35938	-6.420143	570000	1.3348957e-08	67.6455	-0.007153275	-12.830016	0.22831507	0.01608221	0.06250625	12.0	1347.288007736206
57	96.62308	4.2498846	100.0	85.9	124.80769	34.21098	17.851414	98.66358	-10.721526	580000	4.346172e-09	68.98875	-0.0069481344	-15.398778	0.21637052	0.015609257	0.061506152	13.0	1372.3906791210175
58	96.44026	4.377251	100.0	83.2	126.03896	35.530304	17.673328	76.435936	-3.7196593	590000	1.1951973e-08	61.181896	-0.0063635767	-11.384292	0.21012779	0.015572197	0.05770577	10.0	1393.5924050807953
59	96.3935	5.3904033	100.0	71.0	125.53247	35.06401	17.506577	78.64878	-3.9788785	600000	-9.934108e-09	62.32968	-0.0046523274	-10.277476	0.21410714	0.015625818	0.043804377	5.0	1416.6656262874603
60	96.38461	4.3128924	100.0	82.3	126.73077	34.863758	17.537144	77.88634	-17.089392	610000	-9.934108e-09	65.03271	-0.004129087	-14.4253435	0.20546727	0.016311644	0.04430443	8.0	1441.5676786899567
61	96.464935	4.0433927	100.0	85.0	127.63636	34.547462	17.59615	78.39889	-26.730635	620000	-2.2351742e-08	67.82636	-0.0051248083	-16.083044	0.21670367	0.01673177	0.048904892	7.0	1463.8582451343536
62	96.91139	3.849017	100.0	85.3	125.12658	35.34168	16.954407	77.537315	-18.304626	630000	-1.5522043e-09	55.544926	-0.004713838	-10.465912	0.21067834	0.015026758	0.057305727	6.0	1486.1016132831573
63	96.99621	4.0693803	100.0	79.9	123.35443	35.685196	17.072876	88.796104	0.23789287	640000	-1.0554989e-08	56.275135	-0.0047997455	-8.3848505	0.2125097	0.016972328	0.05150515	9.0	1510.9698963165283
64	96.222664	4.200399	100.0	84.7	129.90666	35.090664	17.627121	79.422455	-13.775698	650000	7.450581e-09	60.819687	-0.0050605247	-12.530537	0.22167672	0.015366604	0.045604557	7.0	1533.4633884429932
65	96.68311	4.037242	100.0	84.4	127.818184	34.60433	17.088795	75.44499	-11.111271	660000	-1.2417635e-09	62.914135	-0.007555172	-12.7458315	0.22064441	0.015629595	0.062906295	17.0	1556.960860490799
66	96.124	4.7910423	100.0	82.3	129.37334	34.874603	17.474064	78.092316	-8.316029	670000	1.8626451e-09	68.15824	-0.004871959	-12.493053	0.22946644	0.015214405	0.044804484	9.0	1580.3488836288452
67	96.55822	4.5277376	100.0	82.6	124.92405	34.796375	17.125923	81.32647	-13.779269	680000	-1.2068388e-08	54.0024	-0.0066451374	-9.463512	0.22795983	0.015164358	0.071507156	14.0	1602.4480860233307
68	96.29605	4.5008607	100.0	83.8	129.75	34.91399	17.552593	77.24861	-4.351739	690000	6.2088173e-10	67.09397	-0.0074574165	-13.710761	0.22785468	0.0153263435	0.05040504	10.0	1626.600051164627
69	96.52857	4.1075745	100.0	83.2	128.1039	34.773983	17.434092	76.853294	-1.3848603	700000	1.4901161e-08	78.55771	-0.009280792	-17.604952	0.23060763	0.015014883	0.07240724	17.0	1649.7284953594208
70	96.74304	4.259604	100.0	85.3	125.11392	35.03233	17.230364	76.58723	-4.698946	710000	3.4148495e-09	62.547665	-0.009373433	-13.477185	0.22475736	0.015273974	0.07690769	30.0	1673.924232006073
71	94.84736	14.155327	100.0	-20.0	128.5	34.552868	17.460133	78.69307	-22.741642	720000	3.228585e-08	118.413445	-0.007668424	-46.08156	0.23181076	0.01563275	0.058205824	12.0	1696.4284303188324
72	96.061035	5.376166	100.0	75.4	126.61039	34.275738	17.90416	75.65111	-38.88957	730000	5.122274e-09	70.532875	-0.005639989	-20.027302	0.22867607	0.029334446	0.09370937	7.0	1718.0255904197693
73	96.88608	3.9472704	100.0	86.2	122.96203	35.572548	17.059168	76.31697	-1.2072177	740000	3.7252903e-09	65.359314	0.016072756	-14.920199	0.23600353	0.04058814	0.029402941	1.0	1740.3449041843414
74	96.30126	4.562519	100.0	84.0	122.81013	35.0529	17.530922	79.03017	-0.3302617	750000	-5.2774947e-08	62.89449	0.0016007324	-9.338239	0.2293561	0.025876528	0.018801881	1.0	1764.452745437622
75	96.366234	4.093663	100.0	85.0	125.97403	35.007935	17.617575	79.539795	-6.2620516	760000	-6.845221e-08	70.58277	0.004589397	-12.3554535	0.23025984	0.034312006	0.0180018	1.0	1787.7156553268433
76	95.527275	5.0036254	100.0	79.0	128.66234	33.943542	17.92517	78.203674	-14.660314	770000	-1.6142925e-08	69.39216	0.006716519	-12.942574	0.23634176	0.03159593	0.02350235	1.0	1811.7017920017242
77	96.53	4.359799	100.0	82.9	124.0625	33.96081	17.755377	75.687965	-6.6243753	780000	-2.2662183e-08	71.525665	0.004374676	-16.697676	0.23414658	0.017586472	0.01650165	1.0	1835.5288331508636
78	95.90385	4.5575366	100.0	80.0	126.0	34.79966	17.68545	78.72876	-19.301884	790000	5.2464504e-08	69.75117	-0.0009010409	-14.838546	0.23596512	0.022574104	0.04340434	2.0	1859.705629825592
79	96.22078	4.1424427	100.0	82.0	127.545456	33.903877	18.498703	80.31865	-13.94282	800000	-2.7939677e-08	70.38744	-0.00053956016	-17.892618	0.23566155	0.022944748	0.05130513	3.0	1882.2136013507843
80	95.76103	5.2338843	100.0	77.8	127.96104	34.074726	17.36168	80.23784	-24.187393	810000	-1.4901161e-08	64.52888	-0.002157364	-13.181968	0.22000112	0.016938604	0.054105412	4.0	1905.5360400676727
81	96.45696	4.170775	100.0	78.4	121.96203	34.874928	17.735916	79.89063	-0.62008214	820000	2.5456151e-08	62.324875	-0.0045949635	-13.0442915	0.21858561	0.016196331	0.05650565	9.0	1930.1442840099335
82	96.59259	4.014135	100.0	84.7	119.5679	34.52713	17.917498	78.97427	2.0619776	830000	1.7384687e-08	54.56139	-0.0069257715	-10.282788	0.21426658	0.016283652	0.05440544	15.0	1953.7357501983643
83	96.21266	4.7600226	100.0	78.0	120.63291	35.30568	18.283943	79.77741	-13.0680685	840000	-1.27280755e-08	55.146427	-0.0066349097	-10.354565	0.21567643	0.0155882435	0.060206022	14.0	1976.357664346695
84	94.60909	14.03543	100.0	-20.0	126.06493	34.558933	18.09416	78.43455	-12.632774	850000	-8.692344e-09	128.93529	-0.0079954825	-46.138752	0.21599089	0.015506379	0.06650665	13.0	1999.0504024028778
85	96.40887	4.2344036	100.0	83.0	120.67088	34.11024	18.649603	79.338196	-16.438396	860000	2.8560558e-08	80.99447	-0.0078621805	-16.46425	0.21117075	0.015865982	0.05350535	16.0	2022.983591556549
86	96.527504	4.4370313	100.0	83.0	121.6625	34.441956	18.159155	81.16183	-6.0811644	870000	-3.1975407e-08	53.237	-0.0058937487	-8.81146	0.21490346	0.016983697	0.054505453	12.0	2047.3571364879608
87	96.121796	4.314009	100.0	83.8	125.64103	34.639748	18.372122	79.05844	-0.99507356	880000	1.3659398e-08	57.35895	-0.0067695957	-10.942817	0.21841401	0.015592948	0.056305632	15.0	2070.7190330028534
88	96.32468	4.4473877	100.0	85.0	128.90909	33.704212	18.267036	80.406364	-21.723988	890000	-1.2417634e-08	70.32003	-0.0069129765	-17.330372	0.22972101	0.015464838	0.055705566	8.0	2094.482819080353
89	96.6633	4.0269713	100.0	85.9	123.139244	34.435425	17.77708	76.73983	-7.452948	900000	-3.1044085e-08	63.85838	-0.0071133547	-12.970931	0.21732087	0.01506449	0.05430543	11.0	2117.5407955646515
90	95.902596	4.5155134	100.0	86.0	128.72728	34.161495	17.944883	79.77274	-7.435338	910000	-1.0457977e-08	75.925186	-0.007745174	-19.898573	0.21619575	0.015523791	0.056405637	10.0	2141.2178213596344
91	96.62912	3.988818	100.0	84.4	122.974686	34.41454	17.647926	79.94115	-14.123827	920000	1.0244548e-08	58.0277	-0.0052779936	-12.430366	0.21255265	0.01598336	0.059305925	9.0	2165.0209081172943
92	96.47215	4.6731095	100.0	78.0	123.8481	34.803215	17.75529	79.35343	-12.161469	930000	-2.2351742e-08	63.3204	-0.0066086533	-12.520381	0.22182278	0.015955463	0.055105507	9.0	2188.052926301956
93	96.65501	4.363625	100.0	79.6	119.8875	34.739704	17.685219	82.323875	1.6460357	940000	2.4835268e-08	56.02595	-0.0067632473	-8.8401985	0.22508796	0.015241099	0.05950595	16.0	2211.040272951126
94	96.83125	4.398255	100.0	77.0	118.6125	35.105312	18.331684	81.47527	-8.145464	950000	-6.170012e-09	61.339153	-0.0068892017	-10.548312	0.21931934	0.015932491	0.06340634	13.0	2235.047639131546
95	96.575005	4.325631	100.0	85.6	129.48685	35.61508	17.70932	79.30085	-6.574242	960000	4.656613e-10	64.729225	-0.008706293	-15.239861	0.22233564	0.015284446	0.07060706	13.0	2257.874158859253
96	96.50375	4.1523623	100.0	84.7	121.0375	34.951767	18.111753	79.9882	-6.2197704	970000	-4.967054e-09	57.557796	-0.0055637173	-11.679214	0.21842672	0.01643616	0.06530654	14.0	2281.5908954143524
97	96.314476	4.4326153	100.0	79.6	126.82895	35.01185	17.94979	80.52294	-18.165958	980000	-3.3527613e-08	60.152817	-0.006373579	-12.373233	0.2256733	0.017106855	0.05430543	12.0	2302.9163784980774
98	96.27051	4.436449	100.0	82.6	125.53846	34.463997	17.371344	82.07927	-24.557133	990000	0.0	61.511486	-0.009133021	-15.254856	0.22002955	0.015633225	0.064006396	17.0	2328.347626686096
99	96.56835	4.532318	100.0	81.7	121.98734	34.82714	17.6938	79.23072	-7.940202	1000000	-1.8626451e-09	58.713856	-0.0055791996	-10.065323	0.22428395	0.016310329	0.05520552	10.0	2350.4751541614532
100	96.74126	3.9793432	100.0	83.0	122.55	34.810658	17.93299	77.48246	-3.8727293	1010000	-8.692344e-09	54.635666	-0.0069808983	-11.649708	0.21856405	0.015677692	0.06510651	14.0	2375.551190137863
101	96.81749	3.9336612	100.0	85.6	121.3875	34.796177	18.125574	79.159454	1.0260496	1020000	1.7384687e-08	56.34837	-0.006018866	-11.359576	0.21875553	0.016089132	0.053305328	14.0	2399.56160569191
102	96.535904	4.293823	100.0	84.4	124.19231	35.623734	17.702208	78.71166	-9.187144	1030000	-3.8494665e-08	59.361362	-0.007817923	-12.484062	0.22223818	0.015907815	0.06280628	15.0	2421.93967461586
103	96.94375	3.7716322	100.0	86.5	120.5	34.84798	17.768343	80.79828	-6.6642113	1040000	6.208817e-09	58.617207	-0.0058436673	-11.372349	0.21393542	0.015387733	0.05590559	11.0	2444.4870569705963
104	96.43951	4.867724	100.0	80.0	121.8642	35.062923	17.555292	80.05246	0.8807502	1050000	-2.3593506e-08	63.25562	-0.0049504763	-10.118882	0.22094071	0.015462466	0.06110611	10.0	2468.3521959781647
105	96.70506	3.9741855	100.0	85.0	123.05064	35.11589	17.914785	79.11912	-11.195515	1060000	9.313226e-09	62.669308	-0.0061881184	-9.911227	0.22525997	0.01577808	0.04790479	9.0	2491.8007147312164
106	97.07407	3.583321	100.0	87.7	120.77778	35.18557	17.23198	76.643654	-2.10868	1070000	2.1187589e-08	58.88525	-0.0061430447	-9.067538	0.21759444	0.015806234	0.05780578	12.0	2515.2201433181763
107	96.16711	4.511809	100.0	82.6	127.48684	35.071884	17.95016	79.56846	-10.884913	1080000	-2.4835268e-08	63.594593	-0.008785316	-11.722824	0.23214413	0.015453267	0.06930693	17.0	2538.3422663211823
108	96.99999	3.9601097	100.0	83.5	120.580246	34.440975	17.774145	78.35074	-6.5441303	1090000	9.002785e-09	57.242588	-0.010703866	-12.222118	0.2251782	0.015099327	0.06890689	49.0	2563.6629247665405
109	96.66583	4.0986223	100.0	85.0	120.31645	35.477333	17.765089	78.03988	5.2460394	1100000	5.5879354e-09	54.745228	-0.006641465	-8.95214	0.22981876	0.015414454	0.05220522	13.0	2585.332921743393
110	96.27161	4.7989516	100.0	81.0	118.90124	35.27766	17.874039	78.86281	4.2713637	1110000	8.071463e-09	50.51421	-0.006894396	-7.1459503	0.22164883	0.015601136	0.058405843	17.0	2609.1829118728638
111	96.71751	4.3320827	100.0	77.8	123.325	34.9561	17.607426	81.39193	-7.881405	1120000	-5.3939098e-09	58.662968	-0.009080944	-10.221677	0.22599117	0.015028226	0.07080708	25.0	2632.889082431793
112	95.87625	5.508136	100.0	72.4	122.325	34.757526	17.83599	82.63406	2.3020985	1130000	-7.1401396e-09	64.32685	-0.0054826513	-11.006127	0.22607647	0.015145846	0.054605458	8.0	2655.9685311317444
113	96.72346	4.6175256	100.0	77.0	119.50617	34.329605	18.049223	89.417175	-4.997257	1140000	-7.450581e-09	54.652924	-0.005978571	-9.62868	0.22167188	0.01565055	0.05130513	13.0	2681.161856174469
114	96.72	4.5646577	100.0	76.0	121.7125	35.270435	17.786816	84.10713	0.0961647	1150000	1.1175871e-08	54.65892	-0.005200218	-10.067997	0.2241525	0.015587396	0.05560556	10.0	2704.907561302185
115	96.315	4.2835765	100.0	84.0	122.3	35.074314	17.668213	78.78352	3.938099	1160000	-3.0733645e-08	59.691772	-0.005978668	-8.575428	0.21703172	0.015470814	0.0580058	14.0	2727.7793414592743
116	95.70395	4.8197355	100.0	78.4	127.947365	34.474766	18.152369	79.14783	-20.56247	1170000	-4.9670536e-08	78.663124	-0.0068595894	-23.284601	0.22923273	0.015547559	0.0560056	9.0	2750.6392076015472
117	96.28052	4.737308	100.0	80.5	126.155846	35.192417	16.935225	77.07972	-7.4378476	1180000	5.5879354e-09	72.8784	-0.008117753	-20.175905	0.22367442	0.016285734	0.066406645	11.0	2774.430683374405
118	95.479225	5.277552	100.0	82.0	126.97403	35.22993	17.204496	76.392075	-9.668122	1190000	-1.2417635e-09	74.57787	-0.009707457	-16.483397	0.22257698	0.015144846	0.0630063	18.0	2797.8582513332367
119	95.98421	5.185863	100.0	79.3	130.03947	34.012806	17.275185	76.78604	-16.31948	1200000	2.2351742e-08	62.36623	-0.008767447	-14.06097	0.23086344	0.015507441	0.05220522	9.0	2821.575680732727
120	95.774666	5.32386	100.0	71.5	131.52	34.621067	17.194279	78.27047	-19.894009	1210000	1.5522042e-08	71.35856	-0.0066713137	-18.723255	0.23030275	0.015121174	0.05710571	11.0	2845.3888227939606
121	96.01052	4.825442	100.0	81.7	128.44737	34.336147	17.127678	79.00316	-9.142393	1220000	3.7873786e-08	69.23734	-0.0077395127	-12.125266	0.23399611	0.015295319	0.06260626	11.0	2867.2597806453705
122	96.01795	4.8834033	100.0	82.6	125.19231	35.044556	17.232248	80.572716	-9.02817	1230000	1.7384687e-08	72.009636	-0.0061078905	-20.123869	0.24391647	0.01665477	0.061506152	9.0	2890.7520840168
123	96.02949	5.645695	100.0	66.1	125.71795	34.7141	17.779995	77.80651	-6.5213046	1240000	-2.483527e-09	79.60769	-0.010863298	-19.954302	0.23176254	0.015610543	0.075107515	31.0	2913.96276140213
124	96.39367	4.603338	100.0	79.9	123.51899	34.711685	17.697582	81.92307	0.91018915	1250000	-2.2351742e-08	69.62122	-0.005017624	-14.355602	0.227759	0.015812676	0.042404246	7.0	2937.6153643131256
125	96.37848	4.7587805	100.0	82.3	123.05064	34.841038	17.934923	80.367874	-13.643123	1260000	2.7318796e-08	67.22123	-0.005987086	-10.613655	0.22196496	0.015767561	0.06230623	10.0	2962.9582340717316
126	97.14445	3.876743	100.0	84.7	121.234566	34.773922	17.736618	79.54206	-2.5877366	1270000	-6.829699e-09	58.67564	-0.0051352023	-12.309036	0.22067179	0.015024717	0.058205824	10.0	2987.285902261734
127	95.66974	5.425161	100.0	76.6	128.26315	35.56962	17.621252	81.42006	-10.110552	1280000	-1.625934e-08	70.66912	-0.0046885395	-18.306063	0.23631863	0.018490078	0.031503152	4.0	3009.8909764289856
128	96.487335	4.774706	100.0	77.5	123.06329	35.039715	17.406506	78.231186	-27.85396	1290000	1.7384687e-08	65.67315	-0.005213748	-15.451904	0.22946553	0.016060373	0.06330633	10.0	3033.076103448868
129	96.32051	5.1073194	100.0	74.2	125.57692	35.232586	17.67551	80.16499	-2.9843178	1300000	9.313226e-09	67.88583	-0.007576627	-12.547283	0.23695464	0.015616227	0.059105914	12.0	3056.5023171901703
130	96.8675	4.187027	100.0	85.6	122.8875	34.833885	17.706177	79.59394	-19.798439	1310000	2.2506963e-09	62.984417	-0.008024513	-12.043464	0.2175843	0.015112533	0.056605663	20.0	3082.5867409706116
131	96.31013	4.9659495	100.0	80.2	124.67088	35.56184	17.4485	85.71845	-3.635739	1320000	-6.208817e-09	65.554115	-0.007452073	-11.537517	0.22771557	0.016765507	0.058405843	11.0	3105.7690517902374
132	96.59359	4.1668825	100.0	82.6	125.19231	35.735836	17.355583	79.77017	-14.937659	1330000	-2.483527e-09	72.18659	-0.009934715	-12.443612	0.23192967	0.01535366	0.06330633	22.0	3127.4611353874207
133	96.29359	4.572755	100.0	82.0	124.53846	35.384407	17.446163	78.96712	-7.0789857	1340000	-2.483527e-09	75.287834	-0.008364283	-18.916254	0.2409619	0.015429459	0.07250725	14.0	3150.8559787273407
134	96.45897	4.48177	100.0	85.0	127.5	35.08573	17.492903	79.42865	-18.796923	1350000	-5.5879354e-09	68.341194	-0.008248098	-14.758653	0.23936887	0.01555189	0.06330633	13.0	3173.67680811882
135	96.08289	4.7874393	100.0	80.5	127.89474	34.98361	17.683556	78.31634	-8.918304	1360000	2.3593506e-08	73.393394	-0.0076016537	-13.182438	0.23891847	0.01557875	0.063306324	11.0	3196.3058938980103
136	96.494934	4.382037	100.0	83.5	125.44304	34.706196	17.256811	77.1316	-1.8022964	1370000	-2.7629236e-08	63.604458	-0.0076635256	-12.280255	0.23379333	0.015224556	0.0690069	14.0	3220.9663956165314
137	96.667496	4.366027	100.0	82.6	122.575	34.565533	17.787024	80.923874	-10.357704	1380000	1.9247333e-08	72.16756	-0.008182434	-11.518066	0.23294313	0.015601139	0.06850685	14.0	3244.4438853263855
138	96.871796	3.9782069	100.0	84.4	123.628204	35.15932	17.584259	78.19256	-3.3009586	1390000	1.4280279e-08	65.82003	-0.011015902	-11.842135	0.24063905	0.01512974	0.069806986	27.0	3268.376350879669
139	97.041245	4.0321426	100.0	84.1	121.725	34.827408	17.422789	78.901955	-5.9742565	1400000	-3.3527613e-08	63.857525	-0.008616453	-12.983776	0.23478867	0.015239672	0.07530753	22.0	3291.7321240901947
140	96.63291	4.1387863	100.0	82.0	124.455696	35.629578	17.155529	78.85873	-11.060935	1410000	4.346172e-09	69.22196	-0.007192144	-13.264748	0.23396306	0.015679458	0.062006205	14.0	3315.4060928821564
141	97.31481	4.0618405	100.0	83.5	119.296295	34.871197	17.157177	79.28171	-2.5928075	1420000	1.0554989e-08	58.120167	-0.0073334887	-10.700385	0.23144639	0.016222613	0.05810581	13.0	3338.7160930633545
142	96.4325	4.991587	100.0	80.8	122.375	35.67668	17.55025	80.369865	0.46607852	1430000	-6.2088173e-10	67.66946	-0.007151477	-13.339644	0.23684849	0.015238917	0.055005502	12.0	3362.0268425941467
143	96.8425	4.3849683	100.0	77.5	120.05	35.522392	17.452692	80.05459	-7.7016864	1440000	-3.601114e-08	58.42007	-0.008158323	-11.755726	0.23650579	0.015110019	0.061606158	16.0	3384.621773958206
144	96.4922	4.2064815	100.0	83.5	125.454544	35.422092	17.37985	79.36786	-17.883192	1450000	8.692344e-09	69.953224	-0.0064128176	-14.021863	0.24232988	0.015181418	0.047804784	10.0	3408.4254858493805
145	96.970375	3.96654	100.0	82.6	121.4321	34.00536	17.292942	79.068245	-14.319039	1460000	-9.313226e-09	62.116516	-0.004175046	-15.4900055	0.24076046	0.015637754	0.04520452	5.0	3431.647926092148
146	97.05375	3.745795	100.0	86.5	121.9125	35.534847	17.172657	81.1583	-2.2723737	1470000	-8.381903e-09	68.38341	-0.0071561225	-12.73011	0.23692013	0.015584468	0.064106405	14.0	3455.050002336502
147	96.66234	4.42719	100.0	80.8	126.28571	35.757504	17.427004	78.916595	-6.5025063	1480000	1.7384687e-08	68.92607	-0.00961998	-15.849126	0.23539777	0.015329751	0.06540654	30.0	3477.8973200321198
148	96.64557	4.509029	100.0	82.0	122.53165	34.98901	17.447351	80.031906	-6.083004	1490000	-2.8871e-08	72.55641	-0.007615136	-15.288722	0.23874605	0.015448131	0.06320632	12.0	3500.755697250366
149	96.93875	3.9630005	100.0	83.8	122.825	34.658314	17.380106	79.342155	-15.162542	1500000	2.483527e-09	68.68632	-0.007450199	-13.003013	0.24509914	0.016048452	0.060706068	12.0	3526.11878824234
150	96.48228	4.3377285	100.0	83.8	124.48101	34.820248	17.865774	80.808044	-22.380438	1510000	-1.2417634e-08	75.17981	-0.006697684	-16.779291	0.24426448	0.016066773	0.047104713	8.0	3550.461354970932
151	97.15569	3.7094047	100.0	85.0	120.860756	35.30994	17.587503	78.46167	-8.550949	1520000	1.0554989e-08	64.847046	-0.0064358213	-13.052901	0.23773213	0.01645402	0.058205824	9.0	3574.251517534256
152	96.68987	4.2999144	100.0	79.6	123.68355	35.27446	17.727781	79.444595	-18.56866	1530000	-2.0489097e-08	66.684105	-0.008107414	-11.220599	0.23868525	0.015508053	0.06250625	18.0	3596.6426973342896
153	96.82404	4.151871	100.0	83.5	123.22785	35.45497	17.500183	81.75807	-13.844976	1540000	6.519258e-09	64.06028	-0.0072678826	-12.155728	0.23683381	0.015318544	0.06950695	11.0	3620.0013749599457
154	97.15501	4.146441	100.0	84.4	120.9875	35.635056	17.267277	80.77659	-5.108	1550000	1.6453365e-08	64.60028	-0.006594427	-12.541165	0.23027717	0.015642203	0.058105808	15.0	3642.582564353943
155	96.89625	4.4566092	100.0	82.6	121.2375	35.447773	17.415539	81.76167	0.13274693	1560000	-1.8626451e-09	61.523697	-0.006496025	-12.471292	0.23340178	0.015338466	0.06930693	15.0	3666.5708565711975
156	96.6875	4.922737	100.0	68.8	119.875	35.51288	17.63684	79.515045	-15.777824	1570000	-1.3969839e-08	60.17244	-0.008082535	-9.387622	0.23417276	0.015186287	0.06450645	20.0	3692.2850229740143
157	96.87376	4.850457	100.0	74.0	121.575	35.130898	17.645979	78.84886	-4.1805573	1580000	-2.3593506e-08	64.40195	-0.0066985837	-10.624009	0.24272625	0.0152809	0.056405637	13.0	3714.884548664093
158	96.91375	4.2726674	100.0	85.0	122.0	34.94519	17.822172	80.02706	-2.9496331	1590000	-1.5522043e-09	63.46208	-0.0055841827	-9.294591	0.24696904	0.015462677	0.061406147	10.0	3738.106207847595
159	96.29367	5.476355	100.0	68.5	121.35443	35.443275	17.971554	80.23823	-9.403512	1600000	-1.4901161e-08	66.17543	-0.007932541	-12.232883	0.2487402	0.015140667	0.07630763	15.0	3762.588705062866
160	96.92125	4.3600373	100.0	80.2	122.8625	35.114998	17.97742	79.153076	0.107949495	1610000	1.3814618e-08	62.06424	-0.0077677625	-12.60191	0.24075882	0.015494601	0.0690069	23.0	3786.940094470978
161	96.630775	4.531918	100.0	80.5	125.10256	35.28695	17.786419	78.20679	-10.029914	1620000	1.2417635e-09	68.12137	-0.012244028	-12.84904	0.2444929	0.015756456	0.08700871	38.0	3811.704696893692
162	97.03704	4.0686226	100.0	84.1	121.91358	34.634567	17.68883	82.474236	-1.4585629	1630000	1.2417634e-08	69.97999	-0.0078543695	-13.830678	0.24732421	0.015193758	0.061506152	14.0	3836.229395389557
163	96.5	4.8295565	100.0	82.3	125.65385	35.671043	17.369068	78.35252	3.2872627	1640000	2.3283064e-08	71.22107	-0.006026812	-13.866447	0.24540512	0.016219439	0.055505555	9.0	3859.4741888046265
164	96.55257	4.608429	100.0	83.5	125.38461	34.31927	17.456465	79.59506	-27.242332	1650000	1.6763806e-08	69.08236	-0.006166725	-12.989498	0.24698107	0.015153161	0.065606564	10.0	3883.822506904602
165	96.759995	4.4993773	100.0	82.9	123.4	34.675068	17.505102	76.98324	-6.5187216	1660000	-2.483527e-09	67.143616	-0.010463466	-10.119344	0.24655592	0.015156747	0.06530654	37.0	3908.807462453842
166	96.90371	4.8564944	100.0	79.9	118.79012	35.06133	17.383358	78.78943	-4.6885386	1670000	2.142042e-08	67.61	-0.007980169	-11.762795	0.2625617	0.01579704	0.06620662	15.0	3933.0541558265686
167	96.24546	5.142427	100.0	81.7	126.87013	34.619896	17.953468	81.82563	-6.708829	1680000	-3.7252903e-09	77.0358	-0.0060308077	-20.102707	0.25906822	0.01563975	0.05310531	8.0	3956.538742542267
168	96.68355	4.774548	100.0	80.2	124.36709	34.66058	17.90798	81.15952	-4.7548437	1690000	1.2417634e-08	70.98967	-0.0063893567	-15.89653	0.2550846	0.015354243	0.06320632	10.0	3979.9806311130524
169	96.93	4.3299074	100.0	83.2	120.85	34.567577	17.48339	78.2526	-2.7653692	1700000	1.1641532e-08	67.42865	-0.008767198	-12.888282	0.2615304	0.015432376	0.07020702	17.0	4003.6319625377655
170	96.079216	6.0265074	100.0	62.8	125.67532	35.42874	17.880024	79.51596	-23.441448	1710000	1.2417635e-09	93.68961	-0.008121469	-31.27656	0.26820397	0.015828868	0.05260526	9.0	4027.098835706711
171	97.265	4.3208246	100.0	84.1	119.35	35.005947	17.518515	76.833984	-1.7476618	1720000	6.208817e-09	69.59428	-0.009243623	-13.94748	0.26776585	0.015927594	0.07210722	18.0	4049.907437801361
172	97.105	3.9596372	100.0	83.5	121.75	35.35242	17.899288	81.14046	-10.305527	1730000	-4.035731e-08	62.305317	-0.008303415	-12.728335	0.2568533	0.016007224	0.073307335	15.0	4073.4041390419006
173	97.33624	4.3503804	100.0	79.9	117.8125	35.822624	17.711924	76.515205	-1.803395	1740000	-2.483527e-09	61.15448	-0.0091015315	-11.255422	0.25570193	0.015040144	0.07220722	16.0	4096.001658678055
174	97.55431	3.7334673	100.0	85.3	119.25926	35.755043	17.727352	77.88326	0.27688313	1750000	-1.3659398e-08	51.44386	-0.009498341	-7.183394	0.23853844	0.015096611	0.063006304	43.0	4120.62729716301
175	97.056786	4.5893855	100.0	84.7	118.61729	35.47743	17.863466	78.57756	-2.453981	1760000	-2.5931513e-08	61.65032	-0.008069395	-11.266988	0.24926956	0.015928073	0.052305233	12.0	4144.159898519516
176	97.52099	3.8402588	100.0	85.0	120.049385	35.133564	18.496124	79.62986	0.46642947	1770000	2.173086e-08	67.10644	-0.0074785403	-11.338346	0.24603327	0.015012625	0.05960596	15.0	4168.657616376877
177	97.22346	4.2294173	100.0	79.6	118.87654	35.230682	17.960669	83.39958	2.048959	1780000	7.450581e-09	58.140533	-0.007861053	-9.863969	0.2572221	0.015311227	0.07260726	14.0	4192.696681976318
178	96.834175	4.3523855	100.0	85.3	121.36709	35.860527	18.089172	81.36074	-20.505322	1790000	8.071463e-09	71.821075	-0.0056464546	-13.111369	0.2573892	0.016084893	0.051205117	7.0	4215.776118040085
179	97.30124	4.0626726	100.0	85.0	118.28395	35.089745	17.297245	76.241936	-5.110665	1800000	1.2417635e-09	61.552612	-0.006739428	-9.128228	0.25522488	0.015091039	0.05380538	12.0	4238.5856058597565
180	96.97125	4.269754	100.0	84.0	120.4375	35.747334	18.197113	82.00078	-6.8968997	1810000	2.2972623e-08	68.47399	-0.006952276	-13.106801	0.24757002	0.016359976	0.066506654	21.0	4263.727802991867
181	97.323456	4.0511928	100.0	84.1	119.83951	34.881752	17.844503	78.175674	-6.6964073	1820000	5.5103254e-08	61.39966	-0.0044982717	-11.992475	0.24049519	0.016889786	0.056405645	14.0	4286.9537308216095
182	96.58354	4.3196464	100.0	83.5	124.53165	35.26474	18.054405	78.90513	-16.623108	1830000	-3.4148495e-09	67.34432	-0.008528766	-16.299753	0.23375063	0.016451716	0.07310731	13.0	4312.516357421875
183	97.12436	4.0654325	100.0	84.7	121.371796	35.503334	17.719057	79.38638	2.7655163	1840000	9.934108e-09	61.213795	-0.008626423	-14.043872	0.23454072	0.015106837	0.06810681	22.0	4336.787840127945
184	96.943214	4.527036	100.0	78.4	120.950615	34.845444	18.073349	82.522675	-2.6858118	1850000	2.20413e-08	52.142544	-0.0074681267	-9.400658	0.2272894	0.015215251	0.05680568	16.0	4360.874568223953
185	97.18987	4.0834208	100.0	85.3	120.29114	36.0249	18.039637	79.71353	-18.306482	1860000	-3.1044085e-08	56.886326	-0.007413402	-8.962388	0.22122924	0.0151069835	0.063306324	14.0	4383.049729585648
186	95.17469	15.822106	100.0	-40.0	123.94936	35.312386	17.819525	76.87805	-26.376236	1870000	-6.208817e-09	109.495125	-0.009955704	-38.498753	0.22748686	0.015582863	0.06630663	24.0	4407.787790298462
187	96.915	4.5265083	100.0	77.8	121.5125	34.676205	17.187538	77.35341	-7.399225	1880000	1.2417634e-08	68.58005	-0.007849638	-20.439037	0.22751558	0.015279219	0.05830583	11.0	4432.248115301132
188	97.09753	4.1029644	100.0	84.7	121.06173	35.121162	17.758886	78.95199	-23.982504	1890000	1.3038516e-08	56.81523	-0.007963786	-9.419644	0.22254002	0.015646497	0.055505555	11.0	4455.6363966465
189	96.905	4.5003858	100.0	80.8	119.575	35.67182	17.625801	76.32282	-22.811459	1900000	-1.8626451e-09	54.005123	-0.0076306923	-9.812892	0.22311157	0.015145672	0.06470647	15.0	4479.52609205246
190	96.9375	5.000309	100.0	72.4	122.25	35.272614	17.705711	79.238884	-9.319403	1910000	4.9049657e-08	71.989395	-0.009793342	-14.201012	0.22656524	0.015630208	0.06920692	21.0	4503.725773096085
191	97.12	4.660295	100.0	82.0	119.4125	35.579605	17.548914	77.05694	-13.288463	1920000	1.3038516e-08	60.097168	-0.0075199287	-11.840564	0.22394836	0.015646012	0.06130613	13.0	4526.1999270915985
192	96.92125	4.1316066	100.0	82.6	121.6	35.754925	17.945206	77.51676	-26.684126	1930000	1.4901161e-08	56.976837	-0.0075588	-12.164898	0.2228267	0.015888536	0.06250625	10.0	4549.9294312000275
193	96.925	4.824896	100.0	75.4	123.075	35.19644	17.909834	78.94922	-27.921629	1940000	1.8626451e-08	67.07947	-0.010974377	-17.862085	0.22648335	0.015253714	0.064006396	28.0	4573.621052742004
194	97.36667	3.8701131	100.0	83.8	120.604935	35.13799	17.781666	79.47251	-5.1489687	1950000	1.816079e-08	55.158825	-0.0070721973	-11.811287	0.229162	0.015812887	0.054205418	15.0	4599.14310336113
195	96.85696	4.3392143	100.0	81.7	123.658226	35.17257	17.947704	79.787056	-1.6997867	1960000	-1.5522042e-08	55.21794	-0.008154543	-10.944751	0.22652726	0.015280304	0.056605656	12.0	4622.775692462921
196	97.0675	4.247404	100.0	81.4	120.3125	35.617702	17.611052	76.26434	-13.951976	1970000	7.450581e-09	49.42012	-0.007585986	-8.721101	0.2231366	0.015463666	0.05830583	11.0	4646.566074371338
197	96.95125	4.488095	100.0	82.0	122.3875	35.63056	17.691647	76.709526	-19.242725	1980000	-1.4280279e-08	56.91683	-0.0069430713	-9.454371	0.22467232	0.015582425	0.05760576	14.0	4670.043192386627
198	97.15185	4.406088	100.0	79.9	120.888885	35.173946	17.674767	77.55292	-0.8560965	1990000	1.0554989e-08	59.685246	-0.008446576	-5.924309	0.22272986	0.015124436	0.069206916	24.0	4694.447132825851
199	96.94683	4.43524	100.0	79.0	123.35443	36.49815	17.647823	78.35393	-5.659996	2000000	-1.2417634e-08	73.66061	-0.006936895	-18.387976	0.24375188	0.015526065	0.04990499	10.0	4719.182056427002
200	96.57125	5.087637	100.0	74.5	121.5	35.179317	17.439852	78.236206	-6.8789577	2010000	1.800557e-08	62.48746	-0.007857674	-12.583529	0.22449379	0.015290909	0.061606165	25.0	4743.889592885971
201	97.24938	3.936788	100.0	85.3	120.25926	34.748264	17.862331	77.85189	-17.522163	2020000	-5.8983765e-09	54.187817	-0.006559331	-9.168416	0.22206575	0.015376958	0.059105914	20.0	4767.818562746048
202	96.943214	4.3692794	100.0	79.0	120.08642	35.320812	17.757729	78.7164	-2.4706297	2030000	1.9868216e-08	55.098194	-0.0051554195	-11.027016	0.22591795	0.0151742	0.063106306	10.0	4791.764738082886
203	97.101265	3.8869956	100.0	83.2	121.101265	35.618786	18.108677	82.95889	-3.11498	2040000	4.346172e-09	51.04863	-0.006118418	-9.968208	0.22003126	0.015054814	0.04730473	10.0	4814.564285516739
204	96.60769	4.423879	100.0	84.1	124.589745	35.533806	17.799458	80.03864	-9.277382	2050000	-9.002785e-09	60.20183	-0.0054547046	-11.467122	0.23246191	0.015773885	0.060306028	9.0	4838.575240850449
205	96.20126	5.3568015	100.0	72.7	125.379745	34.60478	17.969906	78.69384	-16.805765	2060000	1.6298145e-09	75.82936	-0.00718388	-19.820745	0.23617427	0.015054711	0.05440544	9.0	4861.4416699409485
206	96.8375	4.6443887	100.0	82.6	119.0875	35.752853	17.304216	79.62193	-9.977627	2070000	1.5522043e-10	63.435974	-0.010203251	-16.514578	0.22036667	0.015812911	0.07230723	25.0	4885.980458498001
207	96.51266	4.450924	100.0	82.6	123.822784	35.42683	17.672909	78.49898	-11.842139	2080000	9.313226e-09	67.413124	-0.0080208555	-18.58374	0.22527097	0.0150924325	0.06630663	14.0	4909.535877466202
208	96.72785	4.2058406	100.0	85.0	123.88608	35.726273	16.945797	79.1215	-0.03666091	2090000	-2.483527e-09	60.80194	-0.011632889	-12.143585	0.2272885	0.015398209	0.07960796	38.0	4933.007807254791
209	96.89876	4.2890415	100.0	84.7	122.775	35.32439	17.300611	78.435585	-18.207989	2100000	1.8626451e-08	56.729004	-0.0064402134	-10.068625	0.22102827	0.015531992	0.056705672	8.0	4957.196476459503
210	97.08889	4.2369914	100.0	85.0	121.55556	35.57035	17.46702	79.25358	-14.789201	2110000	2.12652e-08	65.74172	-0.005135936	-16.543848	0.21521954	0.015462772	0.054205418	9.0	4982.710710525513
211	97.00864	4.1369214	100.0	85.0	119.358025	35.246014	17.654938	78.83002	-3.9407923	2120000	-8.692344e-09	56.608448	-0.0055712876	-9.231734	0.21795364	0.015556518	0.05290529	10.0	5006.081781625748
212	96.93827	3.9399993	100.0	85.9	122.55556	35.347515	17.429129	79.25657	-6.229714	2130000	4.967054e-09	54.9399	-0.009242759	-8.454291	0.21527354	0.015044749	0.06850686	33.0	5031.720796585083
213	96.898766	4.360413	100.0	82.9	121.22222	35.346226	17.176922	79.53753	-14.17177	2140000	1.7850349e-09	56.971424	-0.0077495133	-8.890935	0.20691794	0.0151096145	0.05580558	12.0	5054.86306977272
214	96.96962	4.0598483	100.0	83.5	120.455696	36.280666	17.211906	77.971466	-2.852478	2150000	3.4769375e-08	48.422764	-0.0072058043	-8.181361	0.20970283	0.015300981	0.06720672	18.0	5077.243263721466
215	96.98272	4.2730217	100.0	83.8	119.97531	35.35299	17.69339	79.49013	-2.7599046	2160000	1.831601e-08	55.31442	-0.00717246	-7.756861	0.2003156	0.015254567	0.058205824	20.0	5100.9852929115295
216	96.7075	5.5359907	100.0	64.6	120.1625	35.51458	17.871489	80.45306	-19.19802	2170000	-1.5211603e-08	67.377754	-0.009098104	-15.495365	0.21499352	0.015900658	0.06380638	17.0	5125.946849822998
217	96.711105	4.8451324	100.0	80.5	119.18519	35.0935	17.710506	78.268364	-8.945656	2180000	-6.2088173e-10	62.35258	-0.009048651	-12.669171	0.21484315	0.015063315	0.070307024	19.0	5150.256360769272
218	96.82025	4.662844	100.0	80.5	121.92405	36.193638	17.577143	81.1251	-18.258327	2190000	-7.450581e-09	57.01771	-0.009512957	-11.257577	0.2136509	0.015069693	0.07540754	33.0	5175.560281991959
219	97.241974	4.108734	100.0	82.3	116.97531	35.64182	17.832727	79.76289	-6.5117326	2200000	-4.8428774e-08	46.71866	-0.007157082	-9.437734	0.20806016	0.015015061	0.05810581	21.0	5198.423879146576
220	96.82222	4.4750614	100.0	84.7	122.08642	35.25828	18.326414	79.90663	-12.226276	2210000	-1.5638458e-08	56.201077	-0.006849875	-9.410297	0.21552408	0.015038475	0.06110611	12.0	5223.113369703293
221	96.56795	4.347664	100.0	84.1	124.60256	35.41276	17.904478	78.83073	-6.3215084	2220000	1.9868216e-08	56.52402	-0.011953664	-10.960013	0.22121818	0.015127207	0.076907694	39.0	5247.328506708145
222	96.70375	4.8209286	100.0	82.6	123.4625	34.908222	17.396936	80.08906	-9.142593	2230000	-1.4901161e-08	58.86774	-0.0067900824	-10.769256	0.2123328	0.015155792	0.040004004	7.0	5271.609914302826
223	97.207504	3.9214716	100.0	85.0	121.3875	35.52594	17.611992	80.68165	-6.0274916	2240000	-3.1664968e-08	59.359802	-0.0074992087	-11.787076	0.21003926	0.015241499	0.059805978	12.0	5294.764016151428
224	97.217285	4.4669094	100.0	83.5	117.580246	35.920143	17.386309	79.617386	0.026533365	2250000	1.3659398e-08	51.311142	-0.00820706	-12.572953	0.21166034	0.015169253	0.06940694	17.0	5319.461221933365
225	97.1275	4.3416576	100.0	81.4	118.4	36.358856	18.206266	80.76056	-4.2739544	2260000	-1.8626451e-08	54.30418	-0.006258623	-9.042172	0.20969254	0.0152430115	0.060506046	12.0	5342.425575494766
226	97.28395	4.2723765	100.0	84.1	116.19753	35.990917	17.872812	80.34509	-6.611939	2270000	5.665546e-09	45.13709	-0.009702549	-7.811236	0.20994087	0.015074089	0.059305932	40.0	5367.133277654648
227	97.039505	4.118662	100.0	84.4	117.93827	36.03633	17.916561	80.671524	-4.8503704	2280000	-1.2417634e-08	47.944885	-0.0064271144	-8.3271265	0.21069176	0.015008318	0.05340534	13.0	5390.941293716431
228	97.15432	4.29496	100.0	83.2	117.641975	35.764183	17.651146	80.75727	-6.825757	2290000	0.0	47.29431	-0.0063930587	-7.081764	0.20976555	0.015279635	0.05380538	9.0	5414.402249097824
229	96.87376	4.4192686	100.0	82.6	121.475	36.13365	17.885822	83.76004	-2.094783	2300000	6.829699e-09	54.33608	-0.008242298	-11.034451	0.21577837	0.015411288	0.06440643	21.0	5437.756184101105
230	97.15	4.090904	100.0	86.2	119.45	35.661766	17.58171	79.401085	-3.6120903	2310000	-3.1044087e-10	53.46753	-0.005717732	-9.672287	0.21839215	0.015929671	0.05370537	9.0	5462.424302339554
231	96.75	4.7935376	100.0	80.5	120.3375	36.232475	17.254341	80.159515	-2.4358547	2320000	-6.208817e-09	55.296574	-0.006238094	-11.579902	0.21620555	0.0153554045	0.054005403	11.0	5485.7435982227325
232	97.02839	4.331715	100.0	82.6	119.0	35.406395	17.83135	79.47932	-25.230253	2330000	1.14863115e-08	50.892315	-0.00880492	-9.106948	0.20796798	0.015174746	0.06620661	30.0	5509.994723558426
233	96.69367	4.549484	100.0	80.8	124.177216	35.86383	17.513182	77.90191	-6.605938	2340000	3.290673e-08	58.58263	-0.009169249	-10.182929	0.21417	0.015206202	0.070707075	23.0	5533.067621946335
234	96.977776	4.827877	100.0	81.1	119.4321	34.81004	17.80504	79.71836	-7.8345375	2350000	1.4648928e-09	45.941517	-0.006844741	-8.831841	0.22150798	0.015551251	0.05680568	12.0	5557.429746866226
235	96.46375	4.926694	100.0	81.7	122.575	35.711243	17.62097	79.855934	-4.5349483	2360000	1.1796753e-08	57.767376	-0.006368626	-10.449328	0.22061555	0.015409333	0.06170617	8.0	5580.563944816589
236	97.159256	4.342832	100.0	82.9	118.14815	35.574295	17.304258	79.47946	-2.6256459	2370000	4.5790025e-09	54.47978	-0.010658577	-10.67989	0.2188202	0.015192456	0.075907595	39.0	5604.862280845642
237	96.90741	4.7414584	100.0	81.1	117.641975	35.681984	17.898056	79.477844	-13.623472	2380000	-1.1796753e-08	47.580307	-0.0070934747	-6.200377	0.21902335	0.015220488	0.06630663	12.0	5628.055619001389
238	96.39375	5.116281	100.0	80.8	121.725	35.478756	17.806969	79.92494	-10.356892	2390000	-1.4280279e-08	55.638443	-0.007573821	-9.791454	0.21841617	0.0150774615	0.06340634	17.0	5652.346931695938
239	96.670364	4.5924106	100.0	81.7	121.65432	34.862175	17.759514	79.58714	-7.297714	2400000	-1.21071935e-08	54.28159	-0.008567129	-8.077412	0.22431044	0.016129265	0.07270727	15.0	5676.709526538849
240	96.01282	5.349295	100.0	76.3	126.73077	35.668102	17.631214	78.15407	-10.566758	2410000	-2.2351742e-08	62.84503	-0.011526954	-12.762504	0.2329847	0.015023855	0.06950695	31.0	5701.438185453415
241	96.904945	4.3617845	100.0	83.8	120.75309	34.481018	17.613693	79.12277	-6.893092	2420000	-2.3593506e-08	62.20487	-0.0069753244	-13.528596	0.22179186	0.015194765	0.0610061	9.0	5726.489101886749
242	96.42279	4.8361235	100.0	81.4	122.44304	35.83332	17.529219	79.565216	-18.770775	2430000	-6.208817e-09	60.256542	-0.0077949795	-16.159178	0.23553695	0.01649719	0.06270627	9.0	5749.434087753296
243	96.15128	4.924318	100.0	82.3	125.01282	36.15014	17.141392	78.10063	-8.229761	2440000	6.0924017e-09	62.422344	-0.006301115	-13.105248	0.2320046	0.015351805	0.07570757	12.0	5774.690538883209
244	96.662025	4.3822227	100.0	84.7	122.101265	34.947903	17.370544	78.08094	-8.489232	2450000	2.7085965e-08	60.7973	-0.008421988	-12.650998	0.23823698	0.01503858	0.0650065	14.0	5798.324973344803
245	96.988754	4.274839	100.0	85.0	121.3625	36.00012	17.148878	75.89421	-4.8238583	2460000	-7.1401396e-09	60.708035	-0.009706222	-11.32306	0.23176886	0.015528266	0.06970698	19.0	5823.550122976303
246	96.14751	5.3911033	100.0	75.1	123.1375	35.196438	17.626703	78.9546	-27.408104	2470000	1.2456439e-08	69.466064	-0.009191017	-13.631434	0.23666668	0.01521223	0.073507346	21.0	5848.176921129227
247	96.774994	4.578687	100.0	79.0	120.05	35.50043	17.24272	77.84408	-4.8449802	2480000	-9.158005e-09	61.06802	-0.007481443	-12.51525	0.2210601	0.015165961	0.05560556	14.0	5871.145805597305
248	96.92963	4.9058404	100.0	76.6	117.77778	35.48956	17.710482	83.684204	-3.9874887	2490000	7.450581e-09	55.944683	-0.007619437	-9.0699415	0.23157771	0.016198216	0.063806385	17.0	5894.919595003128
249	96.68749	4.8480763	100.0	80.2	121.9875	35.526653	17.627548	79.25818	-5.6962576	2500000	1.6453365e-08	58.273483	-0.009083732	-10.455891	0.2263739	0.015131933	0.065706566	19.0	5919.451739549637
