Epoch	AverageEpRet	StdEpRet	MaxEpRet	MinEpRet	EpLen	AverageVVals	StdVVals	MaxVVals	MinVVals	TotalEnvInteracts	LossPi	LossV	DeltaLossPi	DeltaLossV	Entropy	KL	ClipFrac	StopIter	Time
0	99.433334	3.3880508	100.0	74.0	162.1	34.762096	15.549881	58.78644	-11.03986	10000	-9.934108e-09	5.520958	0.008673827	-0.58722186	0.29259768	0.04363333	0.090609066	1.0	23.225630521774292
1	97.591835	4.8145967	100.0	82.0	192.48979	29.37102	18.445837	58.878456	-16.427744	20000	8.692344e-09	51.31752	-0.00511419	-23.184067	0.31876576	0.015610084	0.09230924	14.0	47.42054867744446
2	95.88461	8.184539	100.0	70.0	188.59616	30.089634	14.139057	54.00278	-6.1918454	30000	-9.934108e-09	36.17927	-0.0074662813	-4.1087947	0.33742952	0.011472877	0.071607165	79.0	74.35378432273865
3	98.8421	3.493299	100.0	82.0	170.5614	32.195843	13.880481	52.960045	-2.8284085	40000	1.47459405e-08	20.002098	-0.007644894	-5.491053	0.33324507	0.009860118	0.05060506	79.0	99.04865503311157
4	98.84746	3.969432	100.0	76.0	164.8305	33.9872	14.670699	57.208164	-1.9275159	50000	-4.1909516e-09	12.009232	-0.0065859533	-2.8796303	0.32616723	0.0060336613	0.05270527	79.0	123.62281203269958
5	98.96429	4.5038247	100.0	70.0	172.07143	32.495808	16.584492	58.513515	-26.004568	60000	-1.2417635e-09	14.270619	-0.008928876	-2.177486	0.31717893	0.014447269	0.06040604	79.0	148.15996050834656
6	99.830505	0.76252353	100.0	96.0	167.59322	33.743835	15.202068	57.299618	-6.0682435	70000	6.2088173e-10	10.925778	-0.0065456224	-0.94082135	0.33330485	0.007440645	0.05490549	79.0	172.2859673500061
7	99.1579	4.25416	100.0	68.0	170.3158	33.6362	15.330621	57.784172	4.748777	80000	6.0535967e-09	13.751503	-0.006592922	-2.5826776	0.34748614	0.015265989	0.07320732	30.0	195.80061149597168
8	99.59322	1.757489	100.0	88.0	164.71187	34.02946	15.387292	58.218174	-2.239896	90000	-6.2088173e-10	9.284794	-0.0066869226	-0.9124877	0.35110685	0.0073555843	0.05970597	79.0	219.44896006584167
9	99.46667	2.4458582	100.0	82.0	162.76666	34.601482	15.158218	58.43909	4.1069903	100000	1.4901161e-08	8.232984	-0.00704305	-0.44597164	0.3525634	0.011807214	0.07310731	79.0	243.31886506080627
10	98.37931	5.0576935	100.0	76.0	167.13792	33.78465	15.950811	58.8154	-2.145493	110000	-4.346172e-09	15.744922	-0.006981786	-1.751111	0.37131763	0.005101628	0.061506152	79.0	267.61370182037354
11	98.37931	6.141514	100.0	66.0	167.82759	33.14572	15.990817	58.53685	-3.4739134	120000	2.483527e-09	17.329704	-0.0068039913	-0.6793852	0.36745286	0.008684914	0.05430543	79.0	292.7497093677521
12	99.7377	1.1721026	100.0	92.0	162.2295	34.134567	15.250867	58.27306	-2.2366433	130000	8.381903e-09	12.060031	-0.009195473	-1.9439672	0.36049923	0.009627481	0.07270727	79.0	317.04388523101807
13	99.96667	0.2560382	100.0	98.0	161.46666	34.96058	14.839677	59.201496	7.8582478	140000	-5.2774944e-09	4.958279	-0.0067693167	-0.5303707	0.3585961	0.013904451	0.07440744	79.0	340.224130153656
14	99.45763	1.8714813	100.0	88.0	165.18645	34.447155	15.646904	60.353302	0.644529	150000	-3.7252903e-09	9.800761	-0.0076073348	-0.74890155	0.37686142	0.0129816905	0.06660666	79.0	364.57790994644165
15	99.46667	3.0955162	100.0	76.0	161.31667	34.886524	14.888789	59.23977	5.132027	160000	-9.934108e-09	7.5978484	-0.008484206	-1.3688744	0.35966477	0.01089907	0.06270627	79.0	389.2763497829437
16	99.04918	3.559454	100.0	74.0	162.54099	34.51652	15.920691	60.282337	-3.9484637	170000	-6.208817e-09	11.721481	-0.007307563	-1.398585	0.35595727	0.010776437	0.060206015	79.0	413.32978534698486
17	98.75862	4.7681065	100.0	64.0	167.01724	33.6386	15.762902	59.909454	-0.94181913	180000	7.450581e-09	17.334435	-0.007815807	-3.8906376	0.36226356	0.0078126155	0.053005297	79.0	438.3199725151062
18	99.508194	1.0020136	100.0	96.0	159.78688	34.797684	14.802504	58.832745	-1.9651927	190000	3.1044085e-09	6.9161034	-0.00658595	-0.39387727	0.35728702	0.004878707	0.057305735	79.0	462.7678020000458
19	99.333336	1.534782	100.0	94.0	161.1	34.777885	15.249434	59.879803	-0.1088438	200000	8.692344e-09	6.6089425	-0.0072213802	-0.74689436	0.3467072	0.008702931	0.06430643	79.0	486.9709186553955
20	99.7377	0.8473999	100.0	96.0	159.11476	35.13936	15.108611	60.416027	-1.010261	210000	1.4280279e-08	3.1353614	-0.008316363	-0.3901612	0.33936712	0.0124653755	0.07560756	79.0	511.0310916900635
21	98.37288	5.213732	100.0	70.0	165.42372	34.2552	16.097185	61.3415	-6.0309563	220000	1.9868216e-08	14.823483	-0.008425248	-3.3183994	0.3538568	0.015147074	0.0820082	48.0	535.6307332515717
22	98.644066	4.6787024	100.0	76.0	166.18645	33.38408	16.247477	59.654453	-9.890563	230000	1.1175871e-08	12.771121	-0.007671057	-1.0548601	0.36153236	0.007220837	0.05280528	79.0	560.3637418746948
23	99.6	1.8547238	100.0	86.0	162.05	34.000317	15.666767	60.482334	-9.372689	240000	1.27280755e-08	5.099973	-0.006611658	-1.0031061	0.34991348	0.008850163	0.06660666	79.0	584.7915678024292
24	98.413795	4.5297275	100.0	82.0	166.6207	33.853268	16.167313	61.251465	-4.2065153	250000	9.934108e-09	10.980633	-0.008228427	-1.2480348	0.3519465	0.011676814	0.061506152	79.0	609.0729458332062
25	99.066666	3.8378234	100.0	76.0	163.25	33.932102	15.526288	61.140667	-4.766104	260000	-3.7252903e-09	9.745942	-0.006685279	-0.6705319	0.35680127	0.008129619	0.054805476	79.0	633.612907409668
26	99.566666	2.5843546	100.0	80.0	164.51666	34.179836	15.520303	60.995735	-3.5115802	270000	-1.2417635e-09	13.421023	-0.008003307	-1.4052101	0.3601224	0.012009501	0.07230723	79.0	657.7744522094727
27	99.83607	0.5486295	100.0	98.0	160.0	35.21182	14.497347	60.843727	-5.2029047	280000	5.8983765e-09	6.8553023	-0.00785852	-1.2253324	0.37389645	0.01084959	0.05990599	79.0	680.5855348110199
28	99.55932	1.4293673	100.0	92.0	164.62712	34.300865	15.7855	61.145294	-9.138347	290000	6.2088173e-10	12.548012	-0.008006689	-2.706855	0.373755	0.008035741	0.06790679	79.0	704.5914959907532
29	99.672134	0.9002971	100.0	96.0	160.60655	35.069332	14.70741	60.398804	6.3147035	300000	-5.2774944e-09	8.204684	-0.0066690515	-0.27646542	0.37555942	0.007069008	0.050505046	79.0	728.802746295929
30	99.89831	0.4393723	100.0	98.0	161.69492	35.013805	15.129246	61.251144	5.2808595	310000	1.0244548e-08	5.7522087	-0.0073519708	-0.34185418	0.36711589	0.011097067	0.06030603	79.0	752.624841928482
31	99.86667	0.49888763	100.0	98.0	162.01666	34.889797	15.243968	61.415226	5.3149147	320000	-5.8983765e-09	6.087049	-0.0068360255	-0.3209494	0.37666556	0.01298537	0.06990699	79.0	776.5970447063446
32	99.118645	5.2240796	100.0	60.0	166.23729	34.254627	15.618316	61.273876	-4.7296863	330000	1.4901161e-08	14.317124	-0.009881298	-2.3135102	0.38559154	0.009306039	0.06780678	79.0	800.4651491641998
33	99.5	1.6980381	100.0	88.0	160.38333	34.601612	15.49525	60.435993	-7.7421317	340000	1.6608587e-08	6.9541802	-0.006731207	-0.5292907	0.3745006	0.007057132	0.0520052	79.0	824.5592646598816
34	99.08197	2.7478461	100.0	82.0	161.96721	34.52505	15.534262	60.75052	-4.498708	350000	-2.4835268e-08	7.5630226	-0.007623311	-0.38915524	0.36421025	0.0056188316	0.06050605	79.0	848.9049136638641
35	99.73333	0.7717225	100.0	96.0	162.33333	34.46811	15.42976	60.738667	1.8610399	360000	-1.2417635e-09	6.356364	-0.0062965737	-0.5417221	0.35799316	0.0069076694	0.06190619	79.0	873.0140833854675
36	99.76667	0.6420454	100.0	98.0	160.73334	35.031696	15.013304	60.369427	8.142091	370000	-1.6608587e-08	3.2901404	-0.005620739	-0.5309427	0.35777903	0.016203793	0.067406744	58.0	896.2838702201843
37	98.169495	7.403967	100.0	62.0	165.64407	34.100807	16.031765	61.005398	0.28303045	380000	2.483527e-09	21.487463	-0.0094266785	-3.3630364	0.36520934	0.012949973	0.07020702	79.0	921.5524017810822
38	99.38983	2.8583326	100.0	82.0	164.35593	33.755913	15.889593	60.5179	-7.09032	390000	1.2417634e-08	8.805703	-0.008870288	-1.6442219	0.3701469	0.011147178	0.05470547	79.0	946.0610654354095
39	99.540985	2.3579218	100.0	82.0	159.11476	35.04866	15.249525	61.040417	-4.104963	400000	-1.6142925e-08	5.204323	-0.005372845	-0.41836676	0.36494803	0.0091148345	0.060006004	79.0	970.6490685939789
40	99.76667	1.5531331	100.0	88.0	162.36667	34.56477	15.847999	61.65585	-3.084977	410000	-1.8626451e-08	6.78721	-0.008020342	-0.6406892	0.3617541	0.015437543	0.082108214	44.0	993.7774074077606
41	99.36667	4.6114597	100.0	64.0	161.73334	34.778824	15.211294	60.433914	-2.240092	420000	9.934108e-09	10.657467	-0.007237129	-0.8268383	0.35669753	0.005655953	0.07540754	79.0	1017.6786892414093
42	100.0	0.0	100.0	100.0	160.01666	35.00491	15.20139	60.740192	-5.9441414	430000	8.925174e-09	3.7429993	-0.00663073	-0.34644565	0.3375661	0.00798004	0.06250625	79.0	1041.1554284095764
43	99.57377	1.0316153	100.0	96.0	159.44263	35.200665	15.548143	61.334435	-6.0667644	440000	1.6142925e-08	6.4401717	-0.006915182	-0.37178245	0.33682922	0.008818838	0.06370637	79.0	1064.1210901737213
44	99.63333	1.6121069	100.0	88.0	160.06667	35.03508	15.157272	60.64989	-8.766859	450000	-6.829699e-09	5.684902	-0.0066027306	-0.2558241	0.32954013	0.013251278	0.07040704	79.0	1087.4639661312103
45	99.90164	0.5640869	100.0	96.0	159.03279	35.30443	15.170816	60.431217	3.2322779	460000	1.0554989e-08	3.1295395	-0.0051165484	-0.32324448	0.34444705	0.015809862	0.06260627	45.0	1109.6013605594635
46	99.833336	1.2801911	100.0	90.0	161.96666	34.866673	15.864668	60.928112	-3.9422915	470000	-1.1175871e-08	5.597055	-0.0059648943	-0.24204119	0.3534176	0.006461315	0.06080608	79.0	1132.7892422676086
47	99.86667	0.61824125	100.0	96.0	161.18333	34.950375	15.522714	60.86125	0.8562351	480000	8.692344e-09	5.1778526	-0.0064227395	-0.34101987	0.35998735	0.009450553	0.0839084	79.0	1155.9596571922302
48	99.32258	4.791707	100.0	62.0	159.6129	35.206207	15.33906	60.852554	-2.4683826	490000	2.483527e-09	8.534191	-0.0076914877	-1.1406947	0.3602965	0.008044899	0.052805286	79.0	1180.1101393699646
49	99.53333	3.3339999	100.0	74.0	160.73334	34.628586	15.853569	60.688194	-5.6893897	500000	-1.1175871e-08	7.238741	-0.0089050485	-0.6596543	0.35426676	0.012085023	0.058805883	79.0	1203.6916961669922
50	98.77419	6.894176	100.0	48.0	159.29033	34.86688	15.689977	60.74345	-12.333731	510000	-9.934108e-09	13.676602	-0.0102793155	-2.660363	0.3503174	0.010001519	0.06680668	79.0	1228.6670150756836
51	99.5	1.9536291	100.0	86.0	160.08333	34.75065	15.894033	60.542667	-19.923426	520000	-2.3593506e-08	6.5339165	-0.008545898	4.157045	0.34723088	0.005904243	0.05250525	79.0	1251.3849940299988
52	99.80645	0.59130013	100.0	98.0	158.90323	34.268852	15.029772	56.294407	-4.6663322	530000	-9.778887e-09	12.055659	-0.004485372	-7.2726345	0.33976102	0.015215893	0.07310731	26.0	1274.2483925819397
53	99.86885	0.49507114	100.0	98.0	159.72131	35.14589	15.4389515	62.13781	-6.658382	540000	2.9181441e-08	5.8835797	-0.0069497363	-0.49072084	0.34450337	0.012764287	0.06530654	79.0	1298.0436952114105
54	99.833336	1.2801911	100.0	90.0	161.06667	35.095703	15.380213	61.27225	-1.5933869	550000	-1.6142925e-08	5.4491906	-0.006409894	-0.4607083	0.3469756	0.010828386	0.0580058	79.0	1322.0394923686981
55	99.645164	1.8499938	100.0	86.0	158.43549	35.441174	15.334632	61.07964	3.094593	560000	-1.3659398e-08	3.9339259	-0.006082418	-0.302224	0.3259451	0.009685594	0.06230623	79.0	1345.7391612529755
56	99.60656	3.0475934	100.0	76.0	159.2623	35.03666	15.6729765	61.303658	-3.7367842	570000	-2.4835268e-08	8.498628	-0.0073924935	-1.0260749	0.33272955	0.008337173	0.047104713	79.0	1369.4725892543793
57	99.934425	0.35615677	100.0	98.0	161.27869	34.893257	15.552349	60.90141	-7.8195252	580000	-9.313226e-09	8.866683	-0.00798525	-1.4277601	0.33944336	0.007423591	0.059305932	79.0	1393.2004208564758
58	99.26667	2.9204261	100.0	82.0	160.26666	35.21813	15.148698	60.57143	-4.9864492	590000	4.656613e-09	6.6811395	-0.0076899454	-0.87314886	0.34210888	0.011844698	0.063706376	79.0	1416.5226781368256
59	99.8	0.7916228	100.0	96.0	161.46666	34.7706	15.611657	60.96552	-1.6717516	600000	-1.6686196e-09	6.145382	-0.0074715703	-0.6806486	0.341475	0.0069052116	0.06360636	79.0	1439.583928823471
60	99.833336	0.5527708	100.0	98.0	162.03334	34.822296	15.399919	61.093212	1.7213902	610000	-1.3019114e-08	6.5780025	-0.0054598884	-0.27035475	0.34767333	0.0082504125	0.05720572	79.0	1461.6753163337708
61	99.8	0.70237696	100.0	96.0	162.08333	34.90133	15.26234	60.713287	0.88838196	620000	-1.1175871e-08	7.1149697	-0.006134325	-0.26157475	0.33956206	0.01370392	0.05170517	79.0	1484.0007162094116
62	99.8	0.7916229	100.0	96.0	161.28334	34.988697	15.1753235	61.02595	1.3671997	630000	1.4590721e-08	6.102904	-0.007450552	-0.36738697	0.34531054	0.011563526	0.08060806	79.0	1507.3793795108795
63	99.9	0.4358899	100.0	98.0	161.28334	34.914314	15.257015	61.044853	2.021824	640000	-8.071463e-09	5.855301	-0.0057596047	-0.24940062	0.3345283	0.010828988	0.06290629	79.0	1531.3631432056427
64	99.7377	0.921539	100.0	94.0	160.5246	35.144474	15.311323	61.10448	2.0574443	650000	1.8626451e-09	5.8535066	-0.0055651646	-0.22977567	0.31187403	0.007181858	0.05710571	79.0	1555.1333456039429
65	99.9	0.56862414	100.0	96.0	159.05	35.22312	15.330401	60.770912	6.2860303	660000	4.346172e-09	3.5411987	-0.0055553466	-0.22699952	0.31145418	0.007204864	0.05830583	79.0	1578.2601809501648
66	99.933334	0.359011	100.0	98.0	160.03334	35.153023	15.491788	61.148823	5.5100775	670000	-1.3620593e-08	2.3437066	-0.003917756	-0.14000197	0.3103337	0.007465949	0.04250425	79.0	1601.2444941997528
67	99.96667	0.2560382	100.0	98.0	160.96666	35.006973	15.82768	61.45847	1.0479184	680000	-2.2506962e-08	4.3276258	-0.0063501573	-0.27133322	0.30496716	0.012683593	0.07940794	79.0	1624.7348263263702
68	99.96667	0.2560382	100.0	98.0	160.08333	35.19589	15.465302	60.32659	6.4633994	690000	-1.9557774e-08	3.1833713	-0.004741742	-0.102974735	0.30875394	0.006544948	0.045704573	79.0	1647.5280675888062
69	99.96667	0.2560382	100.0	98.0	159.55	35.24681	15.357863	60.987717	5.762848	700000	1.6530976e-08	3.646877	-0.004773822	0.4184955	0.3104323	0.010642551	0.057905793	79.0	1670.5091252326965
70	99.933334	0.5120764	100.0	96.0	161.26666	35.049126	15.590557	60.428726	-1.3365798	710000	-1.9247333e-08	4.4045663	-0.0065645785	-0.7187273	0.31773582	0.00802191	0.057005703	79.0	1693.9554743766785
71	99.76667	1.5531331	100.0	88.0	161.5	34.934284	15.599927	60.68514	1.5985544	720000	1.2417635e-09	3.132808	-0.0054201907	-0.40719834	0.3192823	0.015549131	0.07190719	21.0	1716.0235033035278
72	99.8	0.87177986	100.0	96.0	162.71666	34.56068	15.964419	59.824314	-7.623871	730000	0.0	6.186538	-0.006738883	-0.79583645	0.3181884	0.00987672	0.06970698	79.0	1739.0506505966187
73	99.73333	2.0483053	100.0	84.0	160.26666	35.051155	15.319494	60.687534	-1.0497725	740000	7.450581e-09	4.124684	-0.0056575644	-0.4051926	0.31591383	0.013554375	0.06430643	79.0	1761.7774903774261
74	99.55932	2.180586	100.0	88.0	164.88136	34.29357	15.954203	59.9035	1.2653012	750000	-3.5700698e-09	5.2241936	-0.007544581	-0.37269378	0.3213118	0.010293776	0.06580659	79.0	1785.9111335277557
75	99.932205	0.36193487	100.0	98.0	165.38983	34.00553	16.070318	61.3923	2.9370606	760000	1.0554989e-08	5.8728905	-0.0075172186	-0.42681673	0.32552063	0.010190663	0.07420742	79.0	1809.4267349243164
76	99.433334	3.1003585	100.0	76.0	161.38333	34.643692	15.509153	61.213356	3.1948178	770000	-6.208817e-09	6.835621	-0.006174725	-0.99932486	0.32663703	0.011381153	0.05240524	79.0	1833.0917608737946
77	99.96667	0.2560382	100.0	98.0	161.96666	34.580902	15.899697	60.667213	-4.4727407	780000	-3.4148495e-09	2.611897	-0.0070396787	-0.7200487	0.33079466	0.010557824	0.064706475	79.0	1856.8599829673767
78	99.36667	2.7444897	100.0	80.0	161.88333	34.765415	15.954809	61.391685	2.6027753	790000	3.7252903e-09	6.606957	-0.0075323344	-0.50813407	0.33082563	0.008993953	0.077807784	79.0	1881.462498664856
79	99.9	0.43588993	100.0	98.0	160.75	34.652138	15.582587	60.497208	-0.93576974	800000	6.829699e-09	3.588667	-0.0065893647	-0.19271524	0.34257564	0.010382857	0.06770677	79.0	1904.3315999507904
80	99.37705	4.323644	100.0	66.0	161.70493	34.822315	15.621988	60.94675	-7.4930897	810000	7.450581e-09	11.078326	-0.008194931	-0.9160145	0.3397493	0.013968409	0.07940794	79.0	1927.855776309967
81	99.9	0.568624	100.0	96.0	160.23334	34.767715	15.612436	60.597157	-0.6963261	820000	4.598405e-09	4.263321	-0.006127207	-0.480448	0.33699036	0.0064022946	0.06780678	79.0	1951.097547531128
82	99.96667	0.2560382	100.0	98.0	160.35	35.04621	15.580443	60.724876	5.5215597	830000	2.173086e-09	3.1801596	-0.0062307157	-0.16713913	0.33732998	0.009432715	0.06450645	79.0	1974.3126657009125
83	99.934425	0.35615677	100.0	98.0	159.34427	35.262764	15.453356	60.826855	6.439065	840000	-4.346172e-09	2.940913	-0.0051716557	-0.20720296	0.355399	0.009396042	0.06430643	79.0	1997.2969138622284
84	99.96722	0.25396612	100.0	98.0	158.72131	35.388607	15.509483	61.16914	5.774572	850000	1.086543e-09	2.8857183	-0.0057162684	-0.13519736	0.36759993	0.015098862	0.071807176	73.0	2021.042845249176
85	99.90164	0.4324887	100.0	98.0	159.91803	35.160194	15.644874	61.37263	3.5387902	860000	-9.623666e-09	4.3040366	-0.007430827	-0.20861475	0.38067558	0.0139410645	0.0910091	79.0	2045.120545387268
86	99.96774	0.25194353	100.0	98.0	158.51613	35.37414	15.235869	60.921043	6.636009	870000	3.7252903e-09	3.5247166	-0.005779	-0.30507255	0.3888109	0.0154423	0.084608465	54.0	2068.2799155712128
87	99.5	3.0903075	100.0	76.0	163.08333	34.716908	15.843108	61.402264	3.3403478	880000	8.692344e-09	8.925534	-0.0070618964	-0.65885097	0.38663888	0.0067723	0.07380738	79.0	2092.1278088092804
88	99.540985	2.329946	100.0	82.0	159.36066	35.011612	15.373042	60.773235	0.9277626	890000	-2.7939677e-09	8.6215	-0.0077929497	-0.7098362	0.3921958	0.010400178	0.070607066	79.0	2115.0515015125275
89	99.4	3.852272	100.0	70.0	160.66667	34.966908	15.682928	60.83639	-0.8761285	900000	-4.967054e-09	10.046672	-0.0076973266	-1.2785097	0.3771607	0.00961741	0.06040604	79.0	2138.2925293445587
90	99.74603	0.9753836	100.0	94.0	156.98413	35.559612	15.3817835	61.12423	-1.7425499	910000	-8.692344e-09	4.0759006	-0.0066429586	-0.37553802	0.37649298	0.006774641	0.06450645	79.0	2161.891613960266
91	99.84127	0.82049835	100.0	94.0	156.61905	35.68774	15.323156	61.643127	1.1803808	920000	-1.3038516e-08	4.287419	-0.0064889803	-0.08060678	0.37347952	0.008066036	0.05780578	79.0	2185.1501071453094
92	99.90323	0.4291656	100.0	98.0	157.67741	35.64844	15.266068	60.855946	1.7021675	930000	2.0178657e-09	4.155029	-0.005467061	-0.3033398	0.38206255	0.008015063	0.06250625	79.0	2208.462816476822
93	99.51613	2.1155486	100.0	84.0	159.25807	35.355225	15.424989	60.593304	-5.0929403	940000	-1.8626451e-09	6.5045524	-0.0066818036	-0.465552	0.3837153	0.015450001	0.09010901	43.0	2231.855877637863
94	99.968254	0.2499685	100.0	98.0	157.46031	35.450214	15.333864	60.53692	5.9763484	950000	1.5987704e-08	5.012537	-0.0061019673	-0.4006463	0.37951306	0.013836339	0.07410741	79.0	2255.5037519931793
95	99.96774	0.25194353	100.0	98.0	158.51613	35.54371	15.210124	60.050396	0.80680645	960000	-2.3593506e-08	3.9786434	-0.006712552	-0.30135617	0.37894168	0.0069993823	0.062406242	79.0	2278.9190011024475
96	99.58064	1.0246698	100.0	96.0	157.93549	35.586777	15.345632	61.06816	1.5933672	970000	2.3593506e-08	5.302979	-0.007544494	-0.30927682	0.38958824	0.015150531	0.08010801	71.0	2301.5575902462006
97	99.508194	2.3652053	100.0	82.0	158.40984	35.198803	15.347337	61.01735	2.0478175	980000	2.2351742e-08	7.0199466	-0.0085016275	-0.4264834	0.3902564	0.008506925	0.071007095	79.0	2324.55100607872
98	99.86667	0.61824125	100.0	96.0	159.33333	35.178883	15.460339	60.70889	-1.2167591	990000	1.5522043e-10	6.137102	-0.00742843	-0.7501552	0.37684062	0.004494251	0.063906394	79.0	2346.052738904953
99	99.96722	0.25396612	100.0	98.0	157.93443	35.56291	15.116099	61.018265	5.415098	1000000	-4.346172e-09	5.281864	-0.00795246	-0.27211666	0.37030336	0.0077306777	0.056405645	79.0	2368.133805513382
100	99.93651	0.35064638	100.0	98.0	156.11111	35.940506	15.029556	61.14493	6.7302814	1010000	-6.829699e-09	3.1543415	-0.005846761	-0.21656013	0.3733841	0.01603818	0.068906896	19.0	2390.495391845703
101	100.0	0.0	100.0	100.0	160.68333	35.222824	15.710222	61.2152	0.2615875	1020000	-9.546056e-09	3.9080029	-0.00602426	-0.15902908	0.37676516	0.00736322	0.07230724	79.0	2413.3251535892487
102	99.96774	0.25194353	100.0	98.0	158.01613	35.50896	15.282141	60.650345	7.318655	1030000	4.967054e-09	3.0644166	-0.0056507033	2.0796645	0.37580863	0.0078686	0.06370637	79.0	2436.703786611557
103	99.41936	2.196393	100.0	84.0	158.19354	35.460144	15.493566	57.080196	4.1039453	1040000	-4.346172e-09	6.493255	-0.0053640637	-1.9548706	0.38014212	0.016133865	0.05770577	26.0	2460.1764800548553
104	100.0	0.0	100.0	100.0	161.29507	34.862293	15.790589	61.063877	-1.3267635	1050000	-1.0166938e-08	7.13156	-0.008554687	-0.6948333	0.3768318	0.012276716	0.08590859	79.0	2483.503800868988
105	100.0	0.0	100.0	100.0	157.90323	35.555546	15.147545	60.571087	4.102704	1060000	-8.2266824e-09	4.5203524	-0.006843438	-0.3541859	0.38082358	0.006691298	0.06480648	79.0	2507.315022468567
106	100.0	0.0	100.0	100.0	157.06349	35.743637	15.327778	61.04121	5.2292156	1070000	-1.4745941e-09	4.288423	-0.0035591733	-0.21283014	0.38679138	0.016011303	0.070907086	9.0	2529.599036216736
107	99.96722	0.25396612	100.0	98.0	159.2623	35.506413	15.336324	61.122574	5.690588	1080000	5.122274e-09	4.04464	-0.0061493763	-0.22658908	0.372195	0.015375082	0.06320632	31.0	2551.5536122322083
108	99.77419	0.81159645	100.0	96.0	157.82259	35.57102	15.219669	61.163853	2.833966	1090000	-1.3038516e-08	4.9375577	-0.008376176	0.2164836	0.38075218	0.010090322	0.07460746	79.0	2575.0776736736298
109	99.70492	0.7963907	100.0	96.0	159.14754	35.44073	15.35144	60.060524	5.0549383	1100000	-7.1401396e-09	4.848642	0.0016305578	-0.4617022	0.37745216	0.015844464	0.05670567	9.0	2597.485116481781
110	100.0	0.0	100.0	100.0	158.83871	35.291206	15.391841	58.86999	6.012596	1110000	6.237921e-09	4.281487	-0.0066750087	-0.28596988	0.3615938	0.008986658	0.07270727	79.0	2621.429730653763
111	99.90323	0.42916563	100.0	98.0	158.53226	35.520752	15.173771	60.294018	5.912331	1120000	1.1796753e-08	3.2398157	-0.006352337	-0.34010914	0.3651484	0.015788503	0.06960696	65.0	2644.7491343021393
112	99.96722	0.25396612	100.0	98.0	159.19672	35.37521	15.616745	60.34687	2.6583636	1130000	9.158005e-09	4.632499	-0.0058616693	-0.43392047	0.36370143	0.008582626	0.07070706	79.0	2667.6957099437714
113	99.9	0.568624	100.0	96.0	162.4	34.872272	15.632776	59.979576	5.2432933	1140000	-4.346172e-09	5.4360847	-0.006737204	-0.3876656	0.34362218	0.0087599065	0.0650065	79.0	2691.3988060951233
114	99.934425	0.35615677	100.0	98.0	159.85246	35.148125	15.2255335	58.20381	5.2332616	1150000	-1.3969839e-08	5.381848	-0.0070875157	-0.25164858	0.35011104	0.011952788	0.06380638	79.0	2713.057874441147
115	97.89655	11.013611	100.0	18.0	166.60345	34.100803	16.05799	59.524864	-19.997786	1160000	-4.967054e-09	32.74069	-0.011846731	-13.992912	0.34921017	0.011211825	0.06760676	79.0	2736.5404648780823
116	99.933334	0.359011	100.0	98.0	161.68333	33.936115	16.277756	59.445747	-16.024366	1170000	1.451311e-08	13.113373	-0.011114034	-8.233566	0.34799114	0.011449295	0.08080808	79.0	2760.351425409317
117	99.96667	0.2560382	100.0	98.0	161.25	34.940327	15.573225	59.2938	7.4917703	1180000	5.2774944e-09	4.193771	-0.004864706	-0.28594756	0.35114396	0.01507778	0.070007004	26.0	2782.692821741104
118	99.96667	0.2560382	100.0	98.0	160.3	35.087505	15.445473	59.53759	3.8782172	1190000	1.2417635e-09	5.4454746	-0.00459697	-0.2847632	0.3450791	0.015982958	0.081108116	44.0	2804.712812900543
119	98.54237	5.947003	100.0	64.0	165.77966	34.39547	15.811275	59.464035	0.8008576	1200000	9.934108e-09	17.090021	-0.008962517	-3.3363273	0.35462832	0.015353095	0.07850785	47.0	2828.002700328827
120	99.80645	0.8583312	100.0	94.0	159.54839	34.789177	15.391402	58.5153	-0.8860257	1210000	-9.313226e-09	8.343379	-0.0072374544	-0.92840916	0.35586354	0.015654244	0.070707075	55.0	2851.6227679252625
121	99.90164	0.43248874	100.0	98.0	159.03279	35.379917	15.076752	59.061077	1.007945	1220000	-7.761021e-09	7.2947707	-0.0058905184	-0.33298406	0.36459625	0.0078084986	0.0440044	79.0	2875.2495906352997
122	98.166664	10.540663	100.0	20.0	162.68333	34.891445	15.54657	58.422173	-8.210839	1230000	0.0	24.353485	-0.008996722	-3.109167	0.3764021	0.0092071425	0.06740674	79.0	2899.0476899147034
123	99.7377	1.7916166	100.0	86.0	160.18033	34.530544	15.345946	57.718807	-10.165431	1240000	9.002785e-09	7.406605	-0.008607167	-0.96909493	0.362751	0.011560871	0.06490649	79.0	2922.887889623642
124	100.0	0.0	100.0	100.0	159.36667	35.300816	15.279269	59.14954	-4.7131596	1250000	-8.692344e-09	4.992331	-0.0070374957	-0.3385427	0.3561689	0.013887507	0.07120712	79.0	2945.5724499225616
125	99.84127	0.5406155	100.0	98.0	157.42857	35.748566	15.153144	59.527596	3.7506263	1260000	1.6453365e-08	3.8744876	-0.0058494876	-0.16244523	0.3653791	0.010086414	0.06210621	79.0	2969.4546222686768
126	99.508194	1.869715	100.0	86.0	161.98361	35.004475	15.629313	59.62796	-11.623529	1270000	-3.3527613e-08	8.972957	-0.003538741	-0.593575	0.36940327	0.015299083	0.06920692	11.0	2991.5639922618866
127	99.67742	0.8939618	100.0	96.0	158.08064	35.49318	14.861624	58.523884	4.0346746	1280000	1.5522043e-09	5.9483457	-0.007718809	-1.6235787	0.3601717	0.015046466	0.07470747	73.0	3014.966557264328
128	99.166664	2.715184	100.0	80.0	161.4	34.831993	15.852388	58.682785	-8.235697	1290000	4.967054e-09	7.374846	-0.006486155	-0.47015563	0.36296842	0.015301752	0.09760976	19.0	3036.8870215415955
129	99.9	0.5686241	100.0	96.0	159.68333	34.941093	15.363848	59.414005	-2.8012488	1300000	8.692344e-09	5.7194405	-0.00590988	-0.52947754	0.36447075	0.008671288	0.0660066	79.0	3060.603287220001
130	99.23333	3.4271786	100.0	80.0	160.91667	35.23564	15.358799	59.226383	-12.059232	1310000	-8.692344e-09	7.496025	-0.0074278624	-0.54026836	0.37002316	0.00928216	0.06350635	79.0	3084.5016021728516
131	99.86885	0.49507114	100.0	98.0	159.11476	35.115788	15.351109	59.565395	-0.58539605	1320000	-6.2088173e-10	2.9339268	-0.006815177	-0.39921653	0.37439418	0.010731143	0.07310731	79.0	3108.1383287906647
132	99.77419	0.63294894	100.0	98.0	157.7742	35.508377	15.431247	60.299885	5.325201	1330000	1.8626451e-09	4.2207184	-0.0057389173	-0.2391603	0.38481423	0.008030301	0.074307434	79.0	3131.4990894794464
133	99.86885	0.49507108	100.0	98.0	158.5082	35.364883	15.48034	59.812527	6.233031	1340000	-1.1175871e-08	5.156183	-0.0066419286	-0.29203543	0.38250193	0.0154413665	0.08450845	74.0	3154.685052394867
134	99.63934	2.0647926	100.0	84.0	160.40984	35.072357	15.338255	59.204678	-1.3054633	1350000	-6.2088173e-10	6.8321953	-0.009153084	-0.6195325	0.41115728	0.011206884	0.073507346	79.0	3178.2231237888336
135	99.77049	0.73313695	100.0	96.0	159.0	35.272026	15.179395	59.958286	5.211866	1360000	4.967054e-09	4.5851254	-0.0059511675	-0.23243602	0.4129456	0.012108356	0.055205524	79.0	3201.661698102951
136	96.94915	15.971822	100.0	-20.0	165.23729	34.339962	15.879351	60.144234	-11.4987	1370000	1.2417634e-08	59.60242	-0.012596611	-10.876357	0.41042134	0.015016465	0.0790079	72.0	3225.2699110507965
137	99.934425	0.50793225	100.0	96.0	160.11476	33.9322	15.976709	58.70554	-20.397263	1380000	9.701277e-09	8.441284	-0.009085992	-4.08601	0.4025043	0.011921037	0.07540754	79.0	3248.4766499996185
138	99.22034	3.4546347	100.0	80.0	162.88136	34.499073	15.726017	59.93233	-12.983508	1390000	-1.9868216e-08	10.633816	-0.008300393	-2.0566156	0.41198874	0.015458118	0.08070807	45.0	3271.577888250351
139	99.70968	1.7905407	100.0	86.0	159.03226	35.048824	15.411305	58.37276	-12.765129	1400000	-1.2417635e-09	4.8390117	-0.0071684457	-0.5405083	0.3919232	0.0047860644	0.065506555	79.0	3295.2546665668488
140	99.933334	0.5120764	100.0	96.0	159.65	35.21298	15.634559	60.089897	-7.3593955	1410000	-2.7939677e-08	4.9537206	-0.008543755	-0.5683548	0.38947058	0.015215791	0.07550755	75.0	3318.0104892253876
141	99.9	0.43588993	100.0	98.0	160.3	35.239594	15.341948	59.276524	3.0738454	1420000	-1.9247333e-08	5.6795487	-0.0073181465	-0.06779357	0.40500513	0.006974364	0.0770077	79.0	3340.9566740989685
142	99.9	0.568624	100.0	96.0	159.56667	35.202366	15.333149	59.526733	3.594215	1430000	-7.5281905e-09	8.165074	-0.0064011724	-0.49800238	0.38466612	0.0051198564	0.061606158	79.0	3364.0742721557617
143	99.90323	0.55965656	100.0	96.0	158.66129	35.52549	15.118748	59.847275	2.3807924	1440000	0.0	3.9582093	-0.006519122	-0.3557323	0.38941357	0.007408341	0.06520652	79.0	3387.864798784256
144	99.409836	3.8724627	100.0	70.0	160.80328	35.09306	15.673556	60.434776	-3.060756	1450000	2.1109978e-08	8.041625	-0.0026107293	-0.6887656	0.38781115	0.01653658	0.06930693	4.0	3409.638437986374
145	99.52542	3.1318808	100.0	76.0	165.86441	34.080025	15.809259	59.942345	-6.064117	1460000	5.5879354e-09	16.708483	-0.009191298	-2.4106076	0.37558553	0.015094283	0.087508745	52.0	3432.439682006836
146	99.933334	0.359011	100.0	98.0	161.66667	35.06863	14.759979	58.998383	1.8551948	1470000	1.5522042e-08	5.164329	-0.008090579	-1.2182885	0.38705993	0.015840942	0.07350735	64.0	3455.219480037689
147	98.40678	5.2950845	100.0	76.0	164.08475	34.48379	15.7882805	60.490635	-1.9898171	1480000	1.8626451e-09	17.380919	-0.008888423	-2.0975285	0.40611514	0.009611604	0.08510851	79.0	3479.8013546466827
148	99.6129	0.9393691	100.0	96.0	158.66129	34.86909	15.336021	59.335117	-4.787755	1490000	-3.1044085e-09	3.5094006	-0.008514081	-0.59208894	0.4098383	0.0073224367	0.08530853	79.0	3502.9886713027954
149	99.57377	0.965962	100.0	96.0	158.81967	35.220257	15.540156	60.463646	-0.36042506	1500000	-2.483527e-09	5.1006346	-0.002687895	-0.3043739	0.41716352	0.015726006	0.08850885	5.0	3524.5708639621735
150	99.77049	1.3597666	100.0	90.0	161.14754	34.722668	15.651227	60.386356	-0.44291985	1510000	-3.7252903e-09	7.8021693	-0.010238327	-0.6242308	0.3980589	0.00948812	0.0879088	79.0	3548.4197630882263
151	100.0	0.0	100.0	100.0	159.2295	35.318	15.06465	59.65064	0.85163784	1520000	-1.44355e-08	7.772331	-0.0077253287	-0.43451557	0.40159646	0.013464834	0.0570057	79.0	3571.532994747162
152	99.934425	0.50793225	100.0	96.0	159.7377	35.396538	15.002863	60.1285	7.747527	1530000	8.8475645e-09	4.9991803	-0.008611849	-0.5113576	0.41258863	0.010987698	0.06340634	79.0	3594.9219930171967
153	99.90323	0.42916563	100.0	98.0	158.74193	35.369495	15.291807	60.708546	4.9083576	1540000	-1.2417635e-09	5.2788024	-0.006625178	0.0057209334	0.41466084	0.00655699	0.057505753	79.0	3618.254163980484
154	99.19355	4.2572093	100.0	74.0	159.08064	35.33846	15.300479	59.749897	0.1232631	1550000	1.6142925e-08	12.25958	-0.009765836	-1.6927141	0.41559717	0.009715919	0.06710672	79.0	3641.9847218990326
155	99.7	0.881287	100.0	96.0	160.85	34.78185	15.573926	59.86671	-4.3194222	1560000	-1.6763806e-08	7.732717	-0.006737524	-0.42933512	0.42953968	0.014294218	0.060906094	79.0	3665.1754190921783
156	99.6129	1.4295819	100.0	90.0	159.7258	35.1998	15.29303	60.234257	-1.097639	1570000	7.450581e-09	5.805166	-0.0076845796	-0.6030453	0.4207008	0.012029062	0.06430643	79.0	3688.7282857894897
157	100.0	0.0	100.0	100.0	159.3871	34.997677	15.5879755	60.45943	-0.6947366	1580000	-1.2805685e-08	6.3943768	-0.0077986387	-0.53930444	0.4153569	0.015102498	0.09320932	64.0	3712.1322016716003
158	99.36508	4.2735863	100.0	66.0	156.46031	35.86298	15.073068	60.57204	-6.471746	1590000	6.2088173e-10	10.094356	-0.009761711	-1.0789717	0.40720102	0.00793818	0.056905687	79.0	3735.425583600998
159	99.741936	1.3190353	100.0	90.0	158.29033	35.34811	15.3186655	59.926003	2.164056	1600000	-2.483527e-09	6.969271	-0.0070172376	-0.39592376	0.40353012	0.007240175	0.069806986	79.0	3758.8835632801056
160	99.3871	1.2744998	100.0	94.0	157.29033	35.5843	15.144367	59.86917	2.03826	1610000	-6.208817e-09	6.6683006	-0.0077454005	-0.5715043	0.42344713	0.013715672	0.055705566	79.0	3782.2639479637146
161	99.433334	1.1010097	100.0	96.0	161.5	34.72361	15.63026	60.067665	1.4702122	1620000	8.071463e-09	8.1902685	-0.007196335	-0.73794335	0.41928664	0.015169091	0.07580758	58.0	3805.202078104019
162	99.5	1.0723805	100.0	96.0	159.16667	35.02897	15.189665	60.588966	0.20087108	1630000	6.829699e-09	9.062581	-0.008721246	-0.49719143	0.43102697	0.011804818	0.0710071	79.0	3829.019354581833
163	98.96774	3.1262043	100.0	76.0	157.17741	35.41265	14.920826	59.808647	-3.9181116	1640000	-2.483527e-09	12.250754	-0.009502792	-0.5153673	0.43549252	0.013167576	0.06950695	79.0	3852.700934648514
164	99.20635	2.1833334	100.0	84.0	156.68254	35.62682	14.822425	58.54356	2.2678304	1650000	-1.9868216e-08	8.064214	-0.009346893	-0.65400887	0.43614277	0.0105855055	0.07850785	79.0	3876.2871181964874
165	99.74603	0.8351077	100.0	96.0	155.55556	35.8177	14.988257	60.549255	4.759166	1660000	1.1175871e-08	5.8952155	-0.007817611	-0.2855743	0.44913176	0.008364164	0.07240724	79.0	3899.9464251995087
166	99.548386	2.0765777	100.0	84.0	158.56451	35.537033	15.400203	61.09222	0.46279868	1670000	-6.208817e-09	5.0762143	-0.006257169	-0.56095463	0.4322481	0.015557668	0.07670767	33.0	3922.789160013199
167	99.90323	0.4291656	100.0	98.0	158.04839	35.25213	15.577222	60.922394	-13.10764	1680000	3.5700698e-09	7.458052	-0.0072900816	-0.7238941	0.43504497	0.009453326	0.07350735	79.0	3947.2419140338898
168	99.870964	0.4913402	100.0	98.0	157.45161	35.77118	14.975176	59.47895	2.184052	1690000	2.6387472e-09	6.136378	-0.0071322233	-0.25665966	0.43775508	0.007384037	0.06960696	79.0	3970.901373386383
169	99.258064	3.1363401	100.0	76.0	158.7258	35.51071	15.196152	60.69923	4.1160026	1700000	1.8626451e-09	8.442435	-0.008001464	-0.99254227	0.43458727	0.015480355	0.07850785	50.0	3994.5147111415863
170	99.31148	1.2484875	100.0	96.0	161.44263	34.677025	15.7235565	59.87652	3.3238275	1710000	1.1175871e-08	6.619526	-0.010298304	-0.4667802	0.42911896	0.013809471	0.099509954	79.0	4017.455894470215
171	99.67742	0.81861794	100.0	96.0	157.35484	35.307343	15.155372	59.711407	-10.156406	1720000	-1.4590721e-08	6.4615555	-0.008342655	-0.4935902	0.42870966	0.011827392	0.078007795	79.0	4040.765477180481
172	99.70968	0.868575	100.0	96.0	157.82259	35.33609	15.200712	60.994728	2.5239573	1730000	1.2417635e-09	7.5392556	-0.006563762	-0.34567213	0.41595492	0.00971783	0.064906485	79.0	4064.749139547348
173	99.07937	2.756243	100.0	84.0	156.34921	35.864548	14.947107	61.368317	-1.091807	1740000	1.6142925e-08	6.7639275	-0.0076011927	-0.26731586	0.42009267	0.009788548	0.07290729	79.0	4088.85493016243
174	99.064514	2.176643	100.0	88.0	160.06451	35.066406	15.392162	61.54908	1.2942861	1750000	0.0	9.877086	-0.008574769	-0.47390285	0.41926098	0.012569118	0.0721072	79.0	4113.047343969345
175	98.81967	3.9897747	100.0	78.0	159.98361	35.022297	15.194731	60.812798	-0.5371526	1760000	0.0	11.974209	-0.006170221	-0.47750458	0.42354086	0.015345353	0.0710071	21.0	4135.240345954895
176	99.548386	1.700829	100.0	88.0	157.24193	35.194386	15.012731	60.850857	-0.3024714	1770000	1.6142925e-08	6.1703014	-0.0073744357	-0.86320734	0.41231212	0.015167601	0.06930693	58.0	4158.30250620842
177	99.90164	0.4324887	100.0	98.0	158.55737	35.293568	15.577915	59.23175	-1.1816754	1780000	0.0	5.129667	-0.0068803676	-0.46099845	0.4100728	0.00842916	0.05870587	79.0	4181.497267961502
178	99.03226	6.562277	100.0	48.0	156.41936	35.72998	15.437195	61.63608	-20.413715	1790000	-9.934108e-09	14.229927	-0.007735245	-0.9456863	0.4134108	0.008362517	0.056605656	79.0	4204.489776134491
179	99.71429	0.7853535	100.0	96.0	153.74603	35.892853	15.094484	61.29551	-1.8439139	1800000	-1.7796992e-08	6.601813	-0.008608077	-0.7136299	0.42707953	0.009289131	0.06980697	79.0	4227.595175504684
180	99.61905	0.93313885	100.0	96.0	154.74603	36.29913	14.867508	60.74639	2.6643212	1810000	1.2417635e-09	3.587614	-0.006699775	-0.5559924	0.41370657	0.015063505	0.06860685	60.0	4250.6840653419495
181	99.0	3.8209946	100.0	76.0	163.1	34.607143	16.088684	59.230232	-5.689085	1820000	1.44355e-08	11.832664	-0.0091668395	-1.2664814	0.4028997	0.0131692365	0.0910091	79.0	4274.549331903458
182	99.803276	0.59560335	100.0	98.0	160.31148	34.495796	15.948538	60.96448	2.4859245	1830000	-5.5879354e-09	4.837973	-0.006477336	-0.81409246	0.41408038	0.00584144	0.058405843	79.0	4298.407327890396
183	99.566666	1.676968	100.0	88.0	160.36667	34.990456	15.675063	61.18189	-3.5546935	1840000	4.346172e-09	6.2108192	-0.0049066823	-0.55056447	0.41285273	0.015516869	0.0650065	16.0	4320.244603872299
184	98.9	7.936624	100.0	38.0	166.16667	33.893852	16.481693	60.05539	-18.058107	1850000	0.0	22.170912	-0.008758162	-5.568451	0.40104762	0.005974448	0.06030603	79.0	4344.367984056473
185	99.934425	0.35615677	100.0	98.0	159.34427	35.01009	15.43406	58.209557	-18.059385	1860000	-1.6142925e-08	5.970459	-0.005117878	-1.4715475	0.39193645	0.01611868	0.05430543	16.0	4366.199095726013
186	99.269844	4.758305	100.0	62.0	157.1746	35.695778	15.304494	60.2774	-9.15851	1870000	1.800557e-08	15.152364	-0.004708614	-1.7333441	0.40011653	0.015656086	0.08670867	7.0	4388.633236408234
187	99.80645	0.59130013	100.0	98.0	156.93549	35.667652	15.205272	59.73473	-2.8106563	1880000	1.7384687e-08	6.437712	-0.008477487	-0.6569109	0.40753612	0.0110898195	0.07670767	79.0	4411.569472074509
188	99.36508	1.1724563	100.0	94.0	155.49207	36.08204	14.990936	59.83176	2.6243732	1890000	7.450581e-09	8.058177	-0.007624583	-0.41559467	0.4290588	0.005785311	0.06570657	79.0	4434.856244802475
189	98.935486	3.4401376	100.0	74.0	156.2742	35.882923	14.70812	59.7155	2.8188314	1900000	0.0	10.672676	-0.008880261	-0.9937072	0.42486116	0.015090354	0.06440645	44.0	4457.5421006679535
190	99.22581	3.0974462	100.0	76.0	155.04839	35.70871	15.005283	59.536102	-2.825128	1910000	1.9868216e-08	11.525836	-0.008092111	-0.8916238	0.4066228	0.005465681	0.058805883	79.0	4481.048822879791
191	99.61905	0.86241764	100.0	96.0	154.26984	36.04261	14.787905	58.823383	1.1291037	1920000	-3.1044085e-09	6.4862323	-0.007980383	-0.45603848	0.40299335	0.0058335257	0.062306225	79.0	4504.7037189006805
192	99.625	0.78062475	100.0	98.0	153.84375	36.339806	14.83538	59.077877	-2.139427	1930000	-2.7939677e-09	6.1531425	-0.007119863	-0.26815987	0.4024006	0.010725143	0.06440645	79.0	4528.578709363937
193	99.58064	0.8898784	100.0	96.0	156.80646	35.879906	15.056462	60.391922	-2.3384492	1940000	1.8626451e-09	3.93903	-0.007614846	-0.5324104	0.393442	0.014240456	0.07950795	79.0	4552.834646940231
194	99.52381	1.4126092	100.0	90.0	156.04762	35.73451	15.356964	59.65393	2.7192447	1950000	2.0489097e-08	4.1301317	-0.0077345273	-0.17394789	0.41527677	0.010217869	0.0720072	79.0	4576.297747373581
195	99.70968	0.93992275	100.0	96.0	157.46774	35.399647	15.493778	59.039356	-0.19697824	1960000	-4.967054e-09	6.4124255	-0.009276613	-0.65377873	0.4200469	0.012504555	0.07920792	79.0	4599.460161924362
196	99.5873	1.1903703	100.0	94.0	156.07936	35.8765	15.00353	59.675964	4.8363123	1970000	-1.2417635e-09	8.288358	-0.008204834	-0.31383562	0.4285935	0.008819071	0.06960696	79.0	4623.833883047104
197	98.983604	3.428386	100.0	76.0	160.2295	35.189495	15.206277	59.21086	2.6419508	1980000	0.0	14.467778	-0.008540883	-1.703002	0.42401382	0.013849005	0.06650665	79.0	4647.810229539871
198	99.064514	2.911994	100.0	82.0	158.93549	35.132355	15.104508	59.29586	-3.6752229	1990000	2.483527e-09	13.044685	-0.009295158	-1.0176193	0.4228259	0.011812955	0.06930693	79.0	4672.481036186218
199	98.67796	4.412773	100.0	74.0	165.18645	34.21439	15.605243	59.50388	-10.321921	2000000	0.0	14.337597	-0.008340876	-2.3625867	0.42001867	0.0076986714	0.06530654	79.0	4696.326465845108
200	99.7377	0.7661194	100.0	96.0	159.14754	34.92144	15.146128	59.508568	-4.356037	2010000	-4.346172e-09	6.394776	-0.00879546	-1.1052359	0.42314744	0.015674705	0.06950695	56.0	4718.984180450439
201	99.409836	1.0461019	100.0	96.0	159.91803	35.249012	15.341886	59.024147	0.1675185	2020000	1.086543e-09	8.786694	-0.00782366	-0.37526354	0.42907664	0.0064429934	0.07560756	79.0	4742.714828968048
202	99.46667	1.0873005	100.0	96.0	161.86667	34.85723	15.246408	59.996548	0.67415047	2030000	9.235616e-09	8.557336	-0.009195904	-0.66629076	0.42289034	0.010848094	0.07450745	79.0	4766.082961320877
203	99.32258	1.2414118	100.0	94.0	158.64516	35.394154	14.860132	58.32599	5.5387907	2040000	2.0489097e-08	6.5499864	-0.0079576755	-0.43856955	0.42380843	0.010268881	0.08860886	79.0	4789.2481808662415
204	98.95082	3.40889	100.0	80.0	161.80328	34.717575	15.488746	59.65185	-15.517549	2050000	7.450581e-09	10.455937	-0.0097938115	-1.1626331	0.41496602	0.0076539963	0.06990699	79.0	4810.589921712875
205	99.63934	1.599516	100.0	88.0	161.08197	34.594837	15.355524	59.121185	-3.6305952	2060000	1.3659398e-08	8.64091	-0.008601116	-0.57350874	0.40918496	0.009267225	0.05890589	79.0	4834.114559412003
206	99.803276	0.86497736	100.0	94.0	158.36066	35.43577	14.813801	59.17411	6.097456	2070000	1.9557774e-08	5.784228	-0.008023054	-0.5150508	0.41129613	0.015023065	0.07180718	60.0	4857.210966587067
207	99.934425	0.35615677	100.0	98.0	159.13115	35.36344	15.314768	60.158512	-2.5145302	2080000	-6.2088173e-10	3.7586138	-0.007145796	-0.27134255	0.40595675	0.006904545	0.067606755	79.0	4880.326758146286
208	99.63934	2.5481126	100.0	80.0	160.62296	35.11163	15.719704	60.7513	2.2380908	2090000	-2.1109978e-08	7.44721	-0.0060056164	-0.5276744	0.3950611	0.015338053	0.08070807	26.0	4902.510972738266
209	99.93651	0.35064638	100.0	98.0	156.46031	35.540783	15.329669	59.343967	6.371522	2100000	-6.829699e-09	3.2649662	-0.007191589	-0.35812202	0.4038794	0.007129444	0.06730673	79.0	4926.3874542713165
210	99.83871	0.8268391	100.0	94.0	157.25807	35.702343	15.496713	60.863674	3.2741828	2110000	-2.1109978e-08	3.6477692	-0.007509511	-0.057019632	0.38914928	0.010781876	0.07410741	79.0	4949.8538274765015
211	99.96722	0.25396612	100.0	98.0	158.59016	35.410606	15.510011	60.91999	7.241818	2120000	-9.002785e-09	6.552506	-0.009358107	-0.58602554	0.39388874	0.00946081	0.08190819	79.0	4972.857982635498
212	99.93651	0.499937	100.0	96.0	156.39682	35.89165	14.862925	59.232655	7.945162	2130000	-9.313226e-10	4.2874026	-0.008548715	-0.51360196	0.4020565	0.013467464	0.06210621	79.0	4996.278861284256
213	99.968254	0.2499685	100.0	98.0	157.68254	35.593464	15.375519	61.1704	0.44781807	2140000	1.3271347e-08	5.1665215	-0.007627038	0.032706898	0.40590104	0.010920457	0.082208216	79.0	5019.8803198337555
214	99.96774	0.25194353	100.0	98.0	156.93549	35.693306	15.210649	59.320244	7.912225	2150000	1.9247333e-08	3.652337	-0.008145894	-0.65968513	0.40995827	0.010193391	0.06250625	79.0	5043.49446105957
215	100.0	0.0	100.0	100.0	157.56451	35.636658	15.535704	61.23874	5.0843687	2160000	6.2088173e-10	3.668394	-0.007148875	-0.15689342	0.39541224	0.008132807	0.05890589	79.0	5066.89484000206
216	100.0	0.0	100.0	100.0	156.32259	35.793556	15.270896	60.822014	3.0934923	2170000	-6.2088173e-10	5.94214	-0.007937509	-0.34365463	0.3986616	0.009805654	0.06670667	79.0	5090.001503229141
217	99.93651	0.49993703	100.0	96.0	155.88889	36.049248	15.080445	60.29988	2.332618	2180000	-1.3038516e-08	9.040996	-0.0075832116	-0.31340194	0.39263678	0.009336223	0.08320832	79.0	5113.784594297409
218	100.0	0.0	100.0	100.0	153.5625	36.378952	14.633158	58.921127	8.32147	2190000	-3.1044085e-09	4.694847	-0.007733494	-0.08681194	0.39016333	0.010538816	0.07420742	79.0	5137.163454532623
219	99.71429	0.7853535	100.0	96.0	155.84126	36.20608	15.350096	58.125717	1.0235438	2200000	-4.346172e-09	7.1696906	-0.0076950323	-0.49721146	0.37907377	0.004857098	0.05370537	79.0	5160.89278960228
220	99.90625	0.42274216	100.0	98.0	152.45312	36.462826	14.666732	57.62345	7.546176	2210000	-4.346172e-09	3.8342884	-0.006287889	-0.45013294	0.39138755	0.0045420993	0.063106306	79.0	5184.401050329208
221	99.645164	1.5872148	100.0	88.0	157.17741	35.569656	15.629066	58.451057	1.4802271	2220000	8.692344e-09	7.67681	-0.0067851134	-0.6529396	0.38732812	0.009686835	0.0690069	79.0	5208.414473056793
222	100.0	0.0	100.0	100.0	154.34921	36.065163	14.854909	57.622177	5.5942984	2230000	1.2417635e-09	4.0202317	-0.0073463344	-0.5079215	0.38594258	0.011909127	0.07690769	79.0	5232.327783584595
223	99.71875	0.779999	100.0	96.0	152.67188	36.55172	15.181127	58.12323	0.5290641	2240000	-1.9868216e-08	4.086863	-0.008017626	-0.15713716	0.389475	0.01502496	0.07530753	60.0	5257.112890958786
224	100.0	0.0	100.0	100.0	156.69354	35.897503	15.461809	58.198	6.6994057	2250000	-1.9247333e-08	4.2894263	-0.0063201594	-0.20001777	0.38943005	0.0053151776	0.05540554	79.0	5281.957713842392
225	99.96875	0.24803919	100.0	98.0	151.625	36.596867	14.870731	58.582035	7.5067396	2260000	1.2417634e-08	3.7267034	-0.0059749936	-0.16550954	0.3766693	0.0070808544	0.05240524	79.0	5305.701596736908
226	99.96923	0.24615385	100.0	98.0	151.46153	36.833256	14.974356	58.310635	4.215831	2270000	1.1331092e-08	5.411385	-0.0068055913	-0.21747024	0.37132356	0.010692564	0.07330733	79.0	5329.027587413788
227	99.93651	0.35064638	100.0	98.0	153.92064	36.451347	15.03034	58.039738	7.6761293	2280000	-1.2417635e-09	4.8709946	-0.0067213792	-0.20703991	0.3886964	0.014166545	0.06830683	79.0	5353.67249250412
228	99.935486	0.3533694	100.0	98.0	158.70967	35.575005	15.533716	57.9543	4.410426	2290000	-1.1719142e-08	4.835686	-0.008404112	-0.15595722	0.38066974	0.009061641	0.08720872	79.0	5376.977140426636
229	99.93651	0.35064638	100.0	98.0	156.36508	35.670948	15.1893215	57.655685	2.8383	2300000	-1.2417634e-08	4.749335	-0.004390668	-0.41324696	0.37213242	0.015243688	0.0710071	61.0	5399.446410417557
230	99.90164	0.5640869	100.0	96.0	159.18033	35.275494	15.6426115	57.84674	-1.0206616	2310000	1.4901161e-08	5.3217545	-0.005754947	-0.20360763	0.37349036	0.0075753	0.050805077	79.0	5422.2313866615295
231	100.0	0.0	100.0	100.0	151.92188	36.41221	14.738021	58.025776	6.6123843	2320000	-1.1835557e-08	4.443211	-0.006481864	-0.371776	0.37407684	0.009972822	0.064206414	79.0	5445.1557059288025
232	99.74603	1.7635485	100.0	86.0	156.06349	35.808937	15.502908	58.422333	-0.286825	2330000	3.7252903e-09	8.805727	-0.008748195	-0.5963003	0.36396098	0.013292256	0.080208026	79.0	5468.509929418564
233	99.74603	1.999748	100.0	84.0	157.04762	35.798542	15.023093	58.49493	-1.7160735	2340000	-2.4214387e-08	5.6878276	-0.009493002	-1.631215	0.36674452	0.015097015	0.06790679	58.0	5492.089759349823
234	99.84127	0.6474945	100.0	96.0	153.33333	36.13416	15.406385	58.410168	-8.937567	2350000	1.3348957e-08	4.6579022	-0.009503887	-1.0967594	0.35941783	0.008325461	0.06880689	79.0	5514.653571128845
235	99.90769	0.41963637	100.0	98.0	151.24615	36.8031	14.847848	58.504486	1.9548063	2360000	-1.5987704e-08	4.3248506	-0.007967752	-0.19700186	0.37620017	0.010180083	0.086508654	79.0	5535.521076440811
236	99.93939	0.34283966	100.0	98.0	150.24243	37.13469	14.707015	58.44935	4.933694	2370000	9.313226e-10	3.712737	-0.006783595	-0.1520617	0.3577619	0.010347174	0.05720572	79.0	5557.601528167725
237	98.55738	10.919263	100.0	14.0	158.7705	35.664886	15.643949	59.71191	-17.640886	2380000	-9.934108e-09	36.741917	-0.008068572	-3.5761273	0.35963142	0.008463812	0.07040704	79.0	5580.360926151276
238	99.968254	0.24996851	100.0	98.0	155.5873	35.598763	14.853245	57.286213	4.3524084	2390000	7.761021e-09	8.118483	-0.0067589977	-0.71667975	0.3608224	0.008340291	0.062006194	79.0	5603.046941518784
239	100.0	0.0	100.0	100.0	157.77777	35.77993	15.106306	58.48423	-3.6390316	2400000	-1.9402553e-09	5.487993	-0.007774305	-0.5171936	0.36858162	0.011701758	0.05580558	79.0	5626.459301948547
240	99.48387	3.1095173	100.0	76.0	155.64516	35.988865	15.180996	58.256863	0.054116935	2410000	4.967054e-09	9.471232	-0.007777291	-1.1999758	0.36978748	0.015013213	0.08320832	39.0	5648.55783700943
241	100.0	0.0	100.0	100.0	157.59677	35.473953	15.771668	58.585304	-2.844455	2420000	-6.208817e-09	6.3779006	-0.00889229	-1.0090946	0.38471866	0.011690333	0.08220822	79.0	5669.987487792969
242	99.29032	3.7519333	100.0	76.0	158.91936	35.455692	15.352176	58.544594	0.728065	2430000	6.208817e-09	11.474864	-0.00881831	-1.3019127	0.38505474	0.008250497	0.057305727	79.0	5692.3084280490875
243	99.87302	0.7866357	100.0	94.0	156.61905	35.515125	15.307673	57.355793	-3.2875478	2440000	8.071463e-09	5.9056396	-0.00941586	-1.1585377	0.38759455	0.008578363	0.064706475	79.0	5715.343862771988
244	100.0	0.0	100.0	100.0	154.88889	35.990566	15.191461	58.633152	7.245154	2450000	-4.967054e-09	4.5960016	-0.008080538	-0.16924424	0.38175237	0.01204471	0.074307434	79.0	5738.2776799201965
245	99.84127	1.0267277	100.0	92.0	155.50793	36.159176	15.142348	58.828884	-0.35702643	2460000	-1.44355e-08	4.4306684	-0.0064025535	-0.15602167	0.3959594	0.0092158625	0.06260626	79.0	5761.2431836128235
246	99.935486	0.35336939	100.0	98.0	157.59677	35.729176	15.418204	58.81001	5.0849442	2470000	-3.7252903e-09	7.8851852	-0.007386087	-0.44603238	0.38721934	0.009206323	0.0720072	79.0	5783.773703575134
247	100.0	0.0	100.0	100.0	156.65079	35.9078	15.004558	58.51147	7.977504	2480000	1.1796753e-08	4.704167	-0.0071291444	-0.28913698	0.38681713	0.0072122826	0.06920692	79.0	5804.46457195282
248	99.93651	0.35064638	100.0	98.0	155.38095	36.07284	15.101675	58.23831	6.4824038	2490000	1.8238401e-09	4.543031	-0.0066841706	-0.40825447	0.3871485	0.006023006	0.06260625	79.0	5826.783566236496
249	99.90476	0.42591769	100.0	98.0	154.06349	36.364098	15.075811	58.591713	4.412664	2500000	-1.1641532e-09	4.830429	-0.006465337	-0.25381413	0.37491754	0.007963807	0.06320632	79.0	5849.147580623627
