Epoch	AverageEpRet	StdEpRet	MaxEpRet	MinEpRet	EpLen	AverageVVals	StdVVals	MaxVVals	MinVVals	TotalEnvInteracts	LossPi	LossV	DeltaLossPi	DeltaLossV	Entropy	KL	ClipFrac	StopIter	Time
0	81.812904	14.047012	97.6	40.6	311.41934	14.705874	11.317319	45.004456	-35.083267	10000	1.800557e-08	81.45169	-0.01746876	-29.149017	0.5182771	0.01586003	0.10161016	16.0	27.263898611068726
1	80.14	15.124563	98.0	28.0	313.43332	16.80676	10.502525	48.874355	-18.961636	20000	4.967054e-09	75.18805	-0.0134840505	-17.652647	0.5103242	0.01635205	0.08250825	11.0	51.86651825904846
2	81.2	14.582447	100.0	44.8	304.0645	16.73245	10.346175	46.04383	-22.959843	30000	-1.6763806e-08	71.855034	-0.016225258	-17.364931	0.50698996	0.015371464	0.097809784	25.0	76.53328514099121
3	81.89033	14.214018	100.0	43.6	301.74194	17.449142	10.511704	51.022358	-20.558878	40000	2.1575639e-08	66.9641	-0.016104562	-15.181427	0.511102	0.015072376	0.11151115	24.0	103.0406084060669
4	83.03871	12.255497	100.0	46.0	297.41934	17.209381	10.269595	50.584473	-23.717644	50000	-6.829699e-09	68.707245	-0.015325311	-16.285103	0.51896906	0.015064273	0.09130913	22.0	128.72441840171814
5	80.16	16.771914	100.0	21.4	313.2	18.255323	10.17987	50.50805	-15.318107	60000	3.1044085e-08	68.12925	-0.012120382	-19.102453	0.52108955	0.01601227	0.08080808	11.0	151.26684141159058
6	73.86875	33.238777	100.0	-60.0	300.21875	16.251162	10.265276	45.393276	-15.700357	70000	8.8475645e-09	154.54797	-0.010276234	-52.066334	0.5347319	0.016794778	0.08920892	9.0	177.2809021472931
7	82.32258	14.208465	100.0	37.6	297.5484	15.426226	11.135901	46.19758	-36.224026	80000	1.2417635e-09	76.69892	-0.0096033495	-28.573738	0.5103896	0.018080493	0.09940994	10.0	202.22691702842712
8	79.15484	24.867945	100.0	-20.0	297.2903	16.75859	10.77209	51.76076	-18.06936	90000	-8.692344e-09	114.915855	-0.0136422245	-46.31299	0.5125084	0.015131484	0.10041004	16.0	230.69483160972595
9	80.753334	13.727314	100.0	30.4	308.23334	17.370108	10.616572	45.788616	-27.944763	100000	9.313226e-09	80.28149	-0.010564081	-28.653168	0.51770383	0.015845386	0.06950695	10.0	253.5713710784912
10	80.81333	15.804719	100.0	23.2	310.76666	16.894674	10.129493	48.016224	-26.012451	110000	1.0554989e-08	61.322876	-0.009031073	-12.391289	0.5156031	0.015820317	0.07820782	9.0	277.66647243499756
11	83.3871	12.298432	100.0	43.6	305.58066	16.446133	9.958442	50.06048	-11.678381	120000	7.450581e-09	63.383057	-0.014083522	-15.557744	0.5084234	0.015773026	0.10611061	16.0	306.59876132011414
12	82.81875	20.08839	100.0	-10.0	295.5625	17.276152	10.083259	49.66101	-27.012663	130000	0.0	95.71088	-0.011302348	-23.713263	0.5177844	0.015667496	0.0869087	11.0	332.5067961215973
13	81.84828	11.02807	95.2	55.0	320.9655	17.688156	9.812282	50.359795	-17.327017	140000	-7.450581e-09	68.08676	-0.013310525	-20.662806	0.5192921	0.015011608	0.08250824	20.0	358.30651211738586
14	79.41333	17.284285	100.0	36.4	311.4	17.545195	10.181624	52.483677	-24.951014	150000	1.3038516e-08	69.51788	-0.012224021	-17.160627	0.5233224	0.015344729	0.08970898	12.0	383.7287790775299
15	81.7	15.244671	100.0	46.0	298.375	16.321218	9.981925	50.5556	-17.632042	160000	-1.4280279e-08	74.473274	-0.0096245	-17.452993	0.516601	0.016802324	0.078507856	8.0	407.95654916763306
16	78.77334	14.775451	100.0	52.0	311.26666	17.76062	10.146327	48.587437	-19.302479	170000	-1.3659398e-08	66.00878	-0.00938873	-15.544235	0.53709644	0.01734686	0.084708475	9.0	432.79937958717346
17	82.258064	13.416234	100.0	44.8	304.58066	16.438713	10.185125	48.913094	-25.525526	180000	-4.967054e-09	54.927612	-0.009302467	-10.80923	0.52323675	0.015206401	0.06870687	9.0	456.9627013206482
18	85.09375	10.637197	100.0	53.2	289.5	16.648903	10.864625	52.723408	-14.198703	190000	7.450581e-09	64.38845	-0.010849994	-17.415014	0.54193825	0.015636245	0.0810081	12.0	483.2659103870392
19	80.333336	21.901634	98.0	-30.0	299.0909	17.133806	9.685995	51.640873	-9.7047615	200000	1.20295836e-08	96.83474	-0.009922049	-32.830082	0.54049677	0.015766172	0.089408934	10.0	510.9074025154114
20	82.258064	12.08232	96.0	49.0	307.19354	17.167606	9.32026	45.341736	-27.068714	210000	-1.7074248e-09	69.04586	-0.008935706	-23.610815	0.54299325	0.016378276	0.063306324	8.0	534.9589056968689
21	79.055176	15.4233055	96.0	38.8	332.48276	16.808275	10.726347	52.486916	-22.574867	220000	-3.7252903e-09	73.388	-0.008152929	-22.380957	0.5356079	0.016252575	0.07420742	8.0	559.8223102092743
22	83.81333	11.610103	98.0	46.6	298.66666	16.55117	10.445477	44.368355	-14.917539	230000	1.4590721e-08	71.167076	-0.013440122	-18.626451	0.5465087	0.015006405	0.09270927	16.0	582.6688153743744
23	83.71875	10.336689	98.0	50.2	296.21875	17.403593	9.565406	51.627148	-10.059436	240000	1.1175871e-08	62.59959	-0.0092238635	-15.460343	0.54671	0.0171179	0.075207524	8.0	608.7773160934448
24	82.0129	14.144502	100.0	41.2	300.35483	17.98078	9.9175205	51.557186	-12.023845	250000	-1.3659398e-08	65.4846	-0.011607864	-16.536741	0.51444525	0.015100777	0.08230823	13.0	633.9193959236145
25	80.6	13.765464	100.0	38.8	318.86667	17.764744	10.134739	51.309734	-11.962035	260000	-2.4835268e-08	71.14441	-0.011747274	-17.12823	0.51617676	0.015364901	0.092609264	12.0	657.7473592758179
26	79.31035	15.161165	100.0	40.6	326.17242	17.261019	9.40254	47.95199	-10.746935	270000	2.483527e-09	59.498127	-0.008639158	-15.634234	0.5128308	0.015372418	0.08730873	8.0	681.1465511322021
27	83.14666	9.560465	96.0	58.6	315.1	17.132296	10.383363	49.801388	-23.091948	280000	2.576659e-08	55.2733	-0.014380795	-14.950761	0.51343757	0.015094536	0.09550955	17.0	704.3410367965698
28	82.52903	10.589898	100.0	56.8	305.67743	17.064173	10.018383	51.777676	-20.044413	290000	-7.450581e-09	65.716286	-0.009812239	-17.160204	0.50951606	0.015089724	0.08060806	9.0	731.9865691661835
29	78.13333	20.799318	100.0	-10.0	321.26666	17.754757	9.96464	46.58448	-13.72962	300000	-2.2351742e-08	85.49368	-0.011795609	-28.184357	0.5002151	0.015043616	0.10021002	11.0	757.2628927230835
30	78.77931	13.75714	100.0	50.8	326.0345	16.77193	10.606126	52.320824	-17.246859	310000	-2.483527e-09	62.931705	-0.011877842	-16.240725	0.52401525	0.015213162	0.084008396	11.0	780.1697289943695
31	78.82581	19.922089	100.0	22.6	301.4516	16.453705	10.064238	48.10654	-34.388012	320000	-4.967054e-09	93.33801	-0.009738783	-28.304428	0.5199165	0.015710393	0.078607865	9.0	802.6092567443848
32	79.61333	22.794615	100.0	-10.0	316.13333	16.843143	10.7789345	50.74883	-22.305784	330000	-3.228585e-08	83.274124	-0.014127665	-26.383673	0.4935604	0.015320833	0.09660966	17.0	826.7627148628235
33	82.85161	16.04429	100.0	35.2	300.32257	16.946081	10.760507	45.359158	-9.257384	340000	6.829699e-09	64.796455	-0.010673061	-21.10768	0.49528992	0.015435952	0.08460846	10.0	851.1896803379059
34	83.40666	12.676538	100.0	43.6	307.43332	18.521427	10.474758	55.280685	-16.179907	350000	9.313226e-10	54.679195	-0.013049081	-13.550521	0.48395824	0.015649537	0.08750876	15.0	874.5387349128723
35	84.29032	12.052235	100.0	56.2	300.80646	17.808083	10.132171	52.66666	-11.159353	360000	-9.934108e-09	61.121395	-0.011302938	-13.504944	0.48308435	0.015544251	0.07740774	15.0	900.5994119644165
36	81.82	13.814326	98.0	35.8	312.46667	18.957378	10.363161	55.216774	-13.142972	370000	-1.1796753e-08	69.17568	-0.0074852607	-16.208883	0.48907027	0.01646851	0.06780678	7.0	923.7757625579834
37	80.25625	21.268946	100.0	-10.0	299.65625	16.84393	10.453976	54.133595	-14.31611	380000	1.5522042e-08	92.42989	-0.01203696	-24.99346	0.49394417	0.015090634	0.09170917	14.0	949.6514852046967
38	83.886665	15.670667	100.0	45.4	306.06668	17.64699	11.452978	53.76394	-30.599895	390000	1.8626451e-09	67.9617	-0.012141533	-17.935871	0.5078674	0.015556785	0.09210921	15.0	973.9870698451996
39	86.02425	9.878996	100.0	57.4	295.12122	17.348307	9.895456	51.557934	-17.13093	400000	-1.800557e-08	61.003002	-0.010384648	-13.775868	0.50312227	0.015048176	0.078907885	17.0	1000.416045665741
40	72.73103	30.913507	100.0	-30.0	319.48276	18.211264	10.246012	53.241787	-17.833183	410000	-1.7384687e-08	138.35136	-0.011828937	-44.789402	0.47729382	0.015531098	0.08020802	13.0	1023.3632936477661
41	81.81291	14.656843	100.0	40.6	302.2258	14.807223	11.026274	47.299038	-33.601658	420000	1.3659398e-08	91.813354	-0.009083001	-36.570522	0.48433065	0.015414748	0.06710672	10.0	1048.3426175117493
42	83.12	13.296476	96.0	49.0	306.3	17.677458	9.889049	55.197384	-16.0478	430000	-3.4148495e-09	65.07275	-0.009884298	-13.370406	0.4914364	0.01565424	0.104810484	9.0	1070.1896903514862
43	83.52903	13.424152	100.0	39.4	310.03226	17.690153	10.1411915	54.98679	-10.994908	440000	-2.483527e-09	63.58896	-0.011865042	-14.88831	0.4941096	0.015391414	0.08700869	16.0	1095.4141278266907
44	81.36667	13.967017	100.0	36.4	310.63333	18.36294	10.377447	55.840492	-22.39869	450000	3.7252903e-09	68.697334	-0.010764611	-23.169197	0.49686208	0.016099447	0.06450645	10.0	1119.0597758293152
45	82.579994	14.862332	100.0	28.0	303.53333	17.935328	10.021753	52.926624	-16.081045	460000	-2.7629236e-08	58.578094	-0.011535381	-14.191342	0.4878212	0.015301685	0.093309335	14.0	1141.6967735290527
46	80.973335	14.669127	100.0	50.2	318.53333	17.531067	9.989365	51.96256	-19.825548	470000	2.4524828e-08	69.5801	-0.008112346	-16.284628	0.4859674	0.015650008	0.06410641	7.0	1164.9455933570862
47	82.32904	12.580429	100.0	52.0	305.2258	16.323338	10.627201	48.6572	-20.118053	480000	-1.8626451e-09	68.43969	-0.009765342	-16.464762	0.49760547	0.01623647	0.0861086	11.0	1190.2649204730988
48	82.593544	13.897736	98.0	39.4	301.8387	17.059044	10.066828	50.629395	-13.674426	490000	8.692344e-09	59.3293	-0.012714748	-14.648617	0.5064818	0.015164738	0.09090909	20.0	1214.8692405223846
49	83.939995	10.997837	98.0	58.6	310.6	17.426907	10.6054325	51.12316	-9.212496	500000	1.8936893e-08	71.01188	-0.009594425	-17.788952	0.50000244	0.015398289	0.08210821	13.0	1238.1310455799103
50	82.187096	12.859834	96.0	41.2	310.0645	17.834332	9.860222	48.57194	-17.161812	510000	3.4769375e-08	67.619286	-0.008527643	-16.017614	0.4979935	0.0161892	0.066506654	8.0	1262.2649564743042
51	81.88	12.424341	96.0	39.4	305.86667	17.738148	10.101303	50.53309	-20.63459	520000	1.2417635e-09	69.79635	-0.01101958	-16.527294	0.48601374	0.015564884	0.09360936	12.0	1285.0369670391083
52	84.36129	11.27766	98.0	58.0	301.5484	17.02728	10.028131	52.022182	-7.911261	530000	-4.967054e-09	61.721737	-0.010821238	-12.649609	0.48442116	0.015373829	0.08370837	14.0	1309.1807897090912
53	83.65	11.892225	100.0	46.0	294.4375	17.147697	10.371524	54.857376	-10.287692	540000	1.9868216e-08	58.44923	-0.012069479	-11.139955	0.4914378	0.015225913	0.07390739	17.0	1334.926427602768
54	78.793335	17.083206	96.0	18.0	321.66666	17.305367	10.105858	50.468822	-15.609755	550000	2.7318796e-08	88.26531	-0.0132058775	-26.061005	0.47637725	0.01577673	0.084608465	16.0	1361.2074089050293
55	82.92667	12.702493	100.0	46.0	308.8	16.615223	10.793869	50.45138	-25.707697	560000	-9.934108e-09	64.041115	-0.015929928	-15.599061	0.4818357	0.015363815	0.09570957	21.0	1384.72434592247
56	74.72667	24.790077	100.0	-10.0	310.33334	16.745205	10.047524	51.82242	-19.00513	570000	2.4835268e-08	101.554665	-0.011541682	-29.49669	0.49505758	0.015135188	0.07390739	11.0	1409.0061926841736
57	78.66206	13.296523	94.0	48.4	321.10345	15.716812	10.483944	43.002033	-37.111706	580000	3.1044085e-08	63.33984	-0.0076399525	-17.818136	0.48123226	0.015008763	0.06780678	9.0	1432.1965928077698
58	81.34194	22.977139	100.0	-30.0	309.3871	16.010763	10.291257	49.547573	-27.764006	590000	1.2417634e-08	81.27048	-0.01217167	-21.36763	0.4785614	0.015124082	0.08170817	16.0	1456.4578957557678
59	82.86452	16.51997	100.0	27.4	302.09677	17.146162	10.032379	47.544224	-15.955907	600000	2.483527e-09	57.117657	-0.019082844	-15.921208	0.47377756	0.015000907	0.097109705	45.0	1482.4270963668823
60	83.96129	12.291662	100.0	58.0	289.80646	16.948507	11.852548	52.897327	-24.610136	610000	1.6142925e-08	67.72541	-0.014142462	-16.608648	0.487034	0.015207317	0.08830883	25.0	1506.933341741562
61	81.64666	14.553963	100.0	37.0	293.9	17.970654	10.778144	53.96689	-21.208982	620000	2.483527e-09	61.786407	-0.010923534	-15.363903	0.4798987	0.015082277	0.08830883	9.0	1530.8323624134064
62	84.42667	10.820441	100.0	58.6	300.13333	17.521023	11.167784	52.357265	-18.996885	630000	1.7074248e-08	61.394688	-0.009482243	-14.564748	0.47831595	0.015092034	0.07580758	12.0	1551.908094882965
63	77.56551	21.157085	100.0	-10.0	330.72415	16.399769	10.890904	52.510517	-23.086388	640000	-4.967054e-09	94.56521	-0.011162349	-28.656197	0.46887302	0.015488238	0.08460846	11.0	1577.491164445877
64	84.50323	11.317799	98.0	38.2	298.87097	15.832848	10.601481	49.673023	-25.595778	650000	-1.2417634e-08	66.029755	-0.014029459	-18.431942	0.47538602	0.015445918	0.089908995	28.0	1602.512452840805
65	82.439995	10.077354	98.0	58.6	315.8	18.112047	10.573728	53.313126	-19.429104	660000	6.208817e-09	53.996872	-0.012846996	-14.554581	0.4615856	0.015278969	0.08210821	12.0	1624.5314424037933
66	83.10967	13.885136	100.0	47.2	299.9355	17.10552	10.408916	50.57706	-18.852709	670000	-2.2351742e-08	63.566875	-0.013440236	-14.399849	0.4592371	0.0152311055	0.09190919	23.0	1651.8497614860535
67	82.365524	12.284789	98.0	41.8	326.06897	17.549383	10.623705	48.1586	-12.6788435	680000	-1.2262414e-08	63.74893	-0.011715158	-17.532167	0.46513638	0.015650388	0.083708376	13.0	1675.5657606124878
68	81.06875	11.270937	94.0	46.0	299.25	16.085497	10.232395	52.486633	-17.98256	690000	-2.347709e-08	69.30367	-0.009892964	-17.314976	0.46125555	0.016281905	0.0620062	11.0	1701.375988960266
69	83.23125	10.963931	100.0	57.4	300.8125	16.397602	9.883863	48.575127	-21.516516	700000	-3.0112762e-08	60.56187	-0.014314706	-15.995442	0.4680411	0.015153044	0.09190919	20.0	1728.1094527244568
70	85.0625	12.453357	100.0	45.4	300.28125	16.975737	10.198546	50.82651	-10.406568	710000	2.4835268e-08	68.62799	-0.010468672	-17.71359	0.47440398	0.015976237	0.07390739	9.0	1754.861406326294
71	79.703224	15.7147045	98.2	31.6	311.03226	17.843855	9.590278	48.433426	-14.356546	720000	6.208817e-09	69.25149	-0.012501462	-18.791594	0.45691046	0.015311226	0.08580858	16.0	1781.2229340076447
72	83.9875	11.106072	100.0	52.6	308.03125	15.962109	9.830835	45.195076	-15.470861	730000	6.208817e-09	66.06752	-0.011532761	-18.086351	0.46719447	0.01606564	0.07910791	15.0	1807.2904689311981
73	81.45806	20.061789	99.4	-10.0	294.9355	17.592201	10.245647	52.891724	-19.212193	740000	2.7318796e-08	106.30367	-0.013726392	-34.02389	0.45704985	0.015122571	0.09810981	20.0	1833.5891382694244
74	84.19375	13.396032	100.0	50.2	296.1875	16.963413	10.233126	47.36139	-16.085093	750000	-1.7384687e-08	66.10015	-0.014091976	-17.885084	0.46138045	0.01564723	0.094109416	19.0	1859.7561712265015
75	73.38	30.818365	100.0	-30.0	315.53333	17.966925	10.980124	47.49139	-29.104858	760000	-9.934108e-09	142.88362	-0.013134045	-54.167377	0.4616195	0.015264074	0.084608465	14.0	1883.1075222492218
76	82.645164	12.472288	100.0	55.0	312.0	14.753345	9.886543	43.639923	-22.544882	770000	1.3659398e-08	84.24546	-0.0146538345	-37.20074	0.445505	0.015520852	0.09090909	20.0	1911.5836870670319
77	83.34	14.63422	100.0	37.6	310.53333	17.744244	9.596414	46.016014	-5.458257	780000	-8.071463e-09	63.117477	-0.009002793	-12.308053	0.4477993	0.015072562	0.084908485	10.0	1935.3836479187012
78	85.56774	12.918813	100.0	44.2	300.64517	17.42218	9.607562	47.752167	-14.467188	790000	7.8774365e-09	67.661736	-0.010493209	-15.532764	0.4539994	0.015514702	0.08190819	12.0	1960.034413099289
79	84.3871	11.199532	100.0	55.6	301.6129	17.859034	9.572477	48.62946	-8.553237	800000	2.7318796e-08	57.261387	-0.010000027	-11.666837	0.44323328	0.015177023	0.0850085	12.0	1984.6727755069733
80	84.116135	11.572467	100.0	46.0	304.8387	17.928778	9.105338	45.81076	-10.720062	810000	-1.8626451e-09	55.615513	-0.0079109715	-12.491279	0.45039073	0.0151885925	0.087308735	9.0	2010.8120765686035
81	76.979996	20.06917	100.0	3.4	320.63333	17.824621	10.100318	48.63381	-24.988947	820000	-4.346172e-09	75.67493	-0.020323796	-24.475744	0.43404904	0.0151854595	0.09990999	44.0	2035.8105969429016
82	85.61333	9.525115	100.0	59.2	307.46667	16.699337	10.65018	45.98715	-17.810572	830000	-5.8983765e-09	76.84744	-0.01235075	-25.615334	0.4398555	0.015105702	0.058805883	15.0	2060.460490465164
83	79.86451	21.507532	100.0	-10.0	303.48386	17.997374	10.3052635	46.512856	-27.061474	840000	6.829699e-09	95.99293	-0.012257668	-33.9268	0.46378636	0.015940197	0.07540754	15.0	2086.3444743156433
84	81.12258	13.715325	100.0	31.0	308.32257	17.047169	10.129924	46.574436	-15.554104	850000	-4.346172e-09	58.12472	-0.008842508	-17.379255	0.46087208	0.016167648	0.06360636	8.0	2109.3993508815765
85	82.56875	10.659398	96.0	55.0	299.84375	16.21052	9.337592	46.927555	-19.066935	860000	-1.9868216e-08	72.19478	-0.011089231	-19.75773	0.46284518	0.015169452	0.08210821	14.0	2136.490511417389
86	80.73548	13.026067	100.0	49.6	297.6129	17.943369	9.585173	46.26005	-13.130983	870000	2.6077032e-08	65.356026	-0.011434532	-16.332914	0.4628683	0.015550685	0.07550755	11.0	2161.7345495224
87	80.703445	14.65075	100.0	50.8	324.10345	17.606585	10.16997	47.43545	-21.23972	880000	4.967054e-09	76.925804	-0.009839824	-21.475672	0.44137266	0.016125564	0.068206824	9.0	2187.0570402145386
88	83.8125	12.656712	100.0	52.0	290.5	16.035044	9.456967	48.37295	-14.268515	890000	0.0	79.90879	-0.01170705	-24.752037	0.47024035	0.015112533	0.09190919	16.0	2213.0078494548798
89	83.56129	12.83045	100.0	59.2	299.67743	17.65902	10.484328	47.147133	-20.966957	900000	7.450581e-09	55.90151	-0.013220762	-12.286846	0.4696404	0.015123852	0.094509445	17.0	2238.1093192100525
90	81.15625	15.025873	100.0	40.0	298.15625	17.213743	10.18152	48.80049	-13.545859	910000	1.3969839e-09	65.97107	-0.02049406	-14.774162	0.45937908	0.015052978	0.10771078	48.0	2264.5450432300568
91	79.91852	22.554314	100.0	-10.0	351.18518	16.489977	10.503188	46.28481	-15.441355	920000	-1.4901161e-08	66.02302	-0.008966686	-19.898184	0.452556	0.0160326	0.063706376	9.0	2287.346168279648
92	83.89677	13.282623	100.0	52.0	302.67743	16.532045	10.119555	45.204098	-19.228344	930000	9.934108e-09	69.8368	-0.007933609	-16.710302	0.46043316	0.017165532	0.080708064	7.0	2313.133323907852
93	83.525	15.265873	100.0	29.8	292.1875	17.783775	9.407765	43.11325	-10.170202	940000	4.967054e-09	64.11805	-0.0097061675	-16.443449	0.44607624	0.015552777	0.080708064	10.0	2338.979561328888
94	83.83226	13.927841	100.0	51.4	297.8387	17.789268	10.230598	50.10449	-7.3831973	950000	-2.9802322e-08	58.922424	-0.010204576	-12.978713	0.45266628	0.015431952	0.076207615	12.0	2365.2292482852936
95	82.42667	16.58077	100.0	36.4	309.33334	18.424774	10.316916	50.08876	-20.766	960000	1.2417634e-08	62.74583	-0.01064987	-12.714112	0.44718447	0.016190914	0.0869087	13.0	2387.7819743156433
96	86.767746	9.862028	100.0	55.6	294.4516	17.184505	10.782334	53.331356	-27.03753	970000	-1.3659398e-08	66.227776	-0.009383841	-14.030816	0.4406797	0.015258978	0.07790779	12.0	2415.6148793697357
97	81.43226	14.324632	100.0	30.4	312.6129	17.458838	10.662258	51.447006	-11.971046	980000	1.5522042e-08	71.00193	-0.008533544	-22.514318	0.45412287	0.015139678	0.062006194	7.0	2440.913365840912
98	80.54193	18.416065	100.0	11.8	295.58066	17.22857	9.70593	45.68547	-14.694929	990000	4.656613e-09	77.18731	-0.010440782	-18.761044	0.4523416	0.015020984	0.07860786	14.0	2467.7464570999146
99	85.64375	11.425929	100.0	44.8	302.65625	16.090536	9.801357	45.75359	-12.331873	1000000	8.537124e-09	70.040085	-0.014743167	-18.459562	0.45608464	0.01515913	0.08450846	18.0	2495.016288757324
100	78.30322	24.749786	100.0	-10.0	305.64517	17.811365	10.955673	47.824306	-15.531568	1010000	-2.7318796e-08	112.23367	-0.012336007	-34.44813	0.45775232	0.015260726	0.09190919	18.0	2521.609904527664
101	84.475	12.552664	100.0	48.4	306.34375	15.842835	10.796907	50.835796	-16.040318	1020000	-2.483527e-09	65.32978	-0.013091084	-19.613726	0.44581413	0.015347051	0.0840084	18.0	2547.018133878708
102	82.74375	16.680246	100.0	17.8	302.375	16.60587	10.543789	55.241932	-13.728028	1030000	-2.2351742e-08	68.04233	-0.010495387	-13.995515	0.44118908	0.015053297	0.07120711	12.0	2574.5577051639557
103	82.703224	15.583273	100.0	37.0	312.9355	17.06539	10.987762	49.829548	-15.270003	1040000	-1.0554989e-08	61.90796	-0.0089418115	-15.247054	0.41526034	0.015282334	0.07300729	10.0	2600.6855018138885
104	82.72258	14.96798	100.0	49.0	303.51614	16.794697	10.511818	47.307537	-16.343437	1050000	-1.8626451e-09	65.374054	-0.013336954	-16.922155	0.42798185	0.015603055	0.10351035	16.0	2626.4813137054443
105	83.0	14.016751	100.0	47.2	310.86667	17.622343	10.699457	49.16944	-14.130921	1060000	4.346172e-09	70.608025	-0.010612342	-19.13023	0.42646977	0.015213014	0.08230823	12.0	2649.82111120224
106	84.79354	11.590817	100.0	48.4	296.1613	17.203472	9.891549	49.230045	-13.185224	1070000	1.8626451e-08	67.71201	-0.007301452	-15.745189	0.43984005	0.016711995	0.06320632	7.0	2673.3831148147583
107	83.41936	20.478619	100.0	-10.0	308.7742	18.268684	10.119692	50.873272	-17.213459	1080000	1.6142925e-08	88.769745	-0.0051862057	-24.509277	0.42650318	0.015710576	0.0450045	6.0	2699.3932707309723
108	81.33548	20.834425	100.0	-10.0	306.25806	16.445524	10.705649	53.154827	-13.827835	1090000	-1.7384687e-08	77.02109	-0.012421924	-22.700012	0.44040164	0.015717	0.09640964	14.0	2726.250019311905
109	83.925	12.714239	100.0	53.2	294.40625	16.417593	10.7803335	45.684544	-22.87921	1100000	6.829699e-09	69.027435	-0.013404687	-19.23255	0.44259086	0.015042562	0.09360936	21.0	2753.034456729889
110	81.85806	15.341295	100.0	46.6	292.51614	18.058138	10.436804	51.20693	-13.95982	1110000	1.9868216e-08	73.716484	-0.010949966	-19.297867	0.43978754	0.016054178	0.07930793	13.0	2778.1621549129486
111	82.4	15.233997	100.0	35.2	308.3	17.662119	10.780442	52.035744	-17.587921	1120000	8.071463e-09	67.205956	-0.009549569	-14.777306	0.44530353	0.015820205	0.07060706	11.0	2802.1058270931244
112	83.3875	12.48919	100.0	53.8	300.875	16.565298	9.783125	46.992943	-9.321342	1130000	8.692344e-09	68.27709	-0.009331487	-12.611524	0.4463612	0.015593444	0.07650765	10.0	2829.045133829117
113	85.100006	9.893684	96.0	60.4	294.65625	17.708384	9.465351	48.488922	-7.235528	1140000	8.381903e-09	62.679005	-0.009859775	-12.501731	0.44887534	0.015709734	0.09470946	14.0	2855.2587292194366
114	84.26875	12.548567	100.0	40.0	298.90625	17.261202	10.018476	51.0053	-11.3861685	1150000	-1.4901161e-08	60.135174	-0.011478517	-13.505173	0.44519365	0.015943475	0.08670867	14.0	2880.173448085785
115	83.10967	14.327671	100.0	29.2	302.2258	17.953598	10.82684	50.13542	-14.495424	1160000	-9.934108e-09	64.37458	-0.007745931	-12.765412	0.43835184	0.015222163	0.07080708	8.0	2906.580999135971
116	83.090324	14.130164	100.0	46.6	298.2903	17.933321	10.267823	52.50513	-9.09591	1170000	-1.4901161e-08	62.807888	-0.0072527383	-14.385125	0.45138302	0.015477165	0.060606062	7.0	2933.8837943077087
117	83.90968	14.597113	100.0	39.4	306.2258	17.268312	10.309219	54.144836	-15.87243	1180000	1.2417634e-08	66.69568	-0.008101688	-17.042128	0.44329676	0.015280965	0.073507346	11.0	2959.119617462158
118	84.870964	9.80264	100.0	61.6	313.0645	17.62262	9.740918	45.299675	-8.926533	1190000	-4.967054e-09	57.496506	-0.009867288	-12.932559	0.4464945	0.015499997	0.089108914	10.0	2986.0662517547607
119	85.69375	11.182797	100.0	64.0	292.6875	17.308968	9.873249	48.436	-21.80011	1200000	1.5522043e-09	65.37499	-0.00866158	-14.986745	0.4552379	0.015364925	0.063906394	8.0	3012.939157485962
120	84.65806	14.786933	100.0	26.8	300.74194	18.06345	10.2183275	50.874607	-13.328475	1210000	6.208817e-09	70.37995	-0.0103788255	-19.363562	0.44338524	0.015956266	0.07640764	12.0	3038.6713922023773
121	84.69032	12.735304	100.0	56.2	294.74194	18.126848	10.017825	47.38881	-14.272162	1220000	-1.7384687e-08	62.694183	-0.01179943	-12.563739	0.44605684	0.015179108	0.07990799	16.0	3062.520817041397
122	84.36774	12.268723	100.0	44.8	308.35483	18.157387	10.778481	50.60664	-11.808207	1230000	-6.829699e-09	65.68917	-0.009919374	-16.439257	0.4284625	0.015070598	0.061506152	11.0	3087.4942269325256
123	80.93104	15.933852	100.0	35.2	325.93103	17.38558	10.097255	47.1443	-16.403608	1240000	-1.2417635e-09	74.0925	-0.008811985	-18.341425	0.45273468	0.015358192	0.07620763	8.0	3110.497115135193
124	84.85161	11.0222025	100.0	59.8	305.41934	16.97736	9.858015	46.639347	-13.619825	1250000	-1.2417634e-08	62.20644	-0.0080487495	-16.073997	0.44359246	0.015177053	0.079307936	8.0	3137.0076768398285
125	80.68667	14.648657	100.0	46.0	311.2	18.324703	10.275284	52.61449	-12.902765	1260000	2.0333877e-08	73.78296	-0.008430504	-18.922913	0.4445649	0.015446509	0.06840684	10.0	3160.436681509018
126	84.44375	11.732192	100.0	61.0	299.5625	16.35103	9.890908	46.4581	-14.728453	1270000	9.934108e-09	59.76288	-0.0068990043	-12.688529	0.43390903	0.01685101	0.049604964	6.0	3188.609311103821
127	83.0125	12.629027	100.0	47.8	302.375	17.413788	9.877288	48.04226	-5.5980177	1280000	2.9802322e-08	64.50211	-0.011651922	-13.989029	0.44012347	0.015194204	0.08170817	20.0	3214.4930703639984
128	85.83871	12.294705	100.0	41.2	302.87097	17.787695	9.158523	50.059643	-10.019118	1290000	1.3038516e-08	65.66056	-0.009898337	-14.39187	0.43949595	0.01604893	0.07910791	12.0	3239.9376788139343
129	84.45806	12.627588	100.0	42.4	298.5484	18.87807	9.888623	49.335003	-9.013232	1300000	6.2088173e-10	62.837833	-0.0070593506	-17.182413	0.45136508	0.016840102	0.07490749	6.0	3266.6157896518707
130	83.16129	15.079866	100.0	34.0	299.7097	17.711065	10.300004	51.190075	-14.597134	1310000	-4.967054e-09	67.187675	-0.017657565	-15.812457	0.42406234	0.015139001	0.097809784	45.0	3291.2674865722656
131	83.16129	12.877129	98.0	49.6	304.96774	17.550138	10.062553	53.481506	-8.863801	1320000	-7.450581e-09	61.219006	-0.013676452	-14.778072	0.43362486	0.015090383	0.08700871	22.0	3316.550556898117
132	81.37333	18.710978	100.0	8.2	318.3	17.610893	9.865966	55.714367	-21.522154	1330000	9.934108e-09	68.465706	-0.012966615	-20.679388	0.42577955	0.016027763	0.08090809	13.0	3341.5144515037537
133	83.4	13.047503	100.0	40.6	307.0	17.336903	9.765894	43.75943	-9.667856	1340000	-3.1044085e-08	60.335537	-0.0075109326	-16.050392	0.41104725	0.0156199215	0.070007004	8.0	3365.052270889282
134	84.116135	18.062386	100.0	-1.7763568e-15	306.7742	17.387405	10.313485	49.388428	-19.462427	1350000	-4.967054e-09	63.51706	-0.009634405	-15.871488	0.42185238	0.015844187	0.08190819	12.0	3393.719751596451
135	85.75152	11.907423	100.0	42.4	295.69696	17.165625	10.063711	46.301003	-5.342484	1360000	-1.6142925e-08	63.47255	-0.009643003	-14.125594	0.42641747	0.0152609	0.08690869	12.0	3421.0583136081696
136	83.980644	14.556706	100.0	46.0	302.7097	17.789248	10.418523	55.432774	-23.796635	1370000	1.3659398e-08	65.61814	-0.017742256	-15.256039	0.44119975	0.015214366	0.10291029	36.0	3446.9430315494537
137	82.52904	13.749327	100.0	47.2	302.0	17.687132	9.634999	48.398586	-13.8499365	1380000	-8.692344e-09	68.52304	-0.01030709	-15.141674	0.44385973	0.015765937	0.086308636	11.0	3474.438798904419
138	80.92	15.648608	100.0	42.4	310.6	18.000256	9.608787	49.75259	-15.618333	1390000	-1.6142925e-08	69.23565	-0.012732346	-19.900621	0.45575225	0.015441895	0.083808385	14.0	3495.9373755455017
139	84.600006	11.861024	100.0	57.4	301.7742	17.245632	10.570585	49.08744	-14.737248	1400000	-6.208817e-09	58.33289	-0.010780093	-17.213099	0.4465586	0.015937999	0.06770677	11.0	3522.46919798851
140	83.21333	13.416203	100.0	31.6	308.46667	18.614431	9.871428	44.82748	-7.559657	1410000	3.3527613e-08	68.25735	-0.010314634	-15.892468	0.4461032	0.015125164	0.093609355	12.0	3546.065331697464
141	81.72258	25.56382	100.0	-40.0	297.03226	17.470142	10.044697	46.09582	-11.197126	1420000	-1.2417634e-08	100.23899	-0.011017737	-30.789812	0.47193202	0.015751967	0.08230823	15.0	3572.722023010254
142	85.600006	12.208195	100.0	52.6	305.19354	17.466272	10.869936	48.775314	-12.053473	1430000	2.4835268e-08	69.31317	-0.00636894	-20.129736	0.4484718	0.018725028	0.07820782	6.0	3596.6815009117126
143	85.318756	13.619091	100.0	46.0	300.09375	17.389162	9.490375	48.019	-13.449912	1440000	5.5879354e-09	71.36999	-0.010465838	-21.97612	0.44951928	0.015173908	0.08430842	15.0	3623.3244540691376
144	86.1375	16.12579	100.0	24.4	292.8125	17.340616	10.706541	51.50015	-17.986427	1450000	-1.1796753e-08	71.84499	-0.011405547	-15.576931	0.45328656	0.015175889	0.085508555	13.0	3651.163378715515
145	84.73125	11.550715	100.0	56.0	297.1875	17.434439	11.142876	49.554382	-12.265872	1460000	-2.2662183e-08	60.625744	-0.008920472	-12.613812	0.44725886	0.015619841	0.07410741	11.0	3675.7305343151093
146	84.03871	11.357012	100.0	60.4	292.2258	18.406563	10.01455	48.919582	-17.026377	1470000	2.483527e-09	70.03775	-0.012066416	-14.789472	0.468796	0.01554048	0.07850785	15.0	3699.425620317459
147	82.5	13.4014	100.0	41.8	299.125	17.605251	10.089556	49.447495	-13.058385	1480000	-2.6077032e-08	62.680264	-0.008231075	-19.630196	0.44893658	0.015175167	0.06520652	8.0	3724.9431104660034
148	83.98125	15.266496	100.0	34.0	292.75	17.652338	10.508871	47.7941	-9.40486	1490000	-1.2417634e-08	74.3362	-0.009239622	-16.214643	0.45330215	0.01657683	0.08220822	8.0	3749.4272305965424
149	83.0625	12.287131	100.0	55.0	299.71875	17.797485	10.731024	47.760815	-7.752511	1500000	1.1175871e-08	59.936077	-0.010102968	-14.928749	0.43436226	0.0154182045	0.079307936	14.0	3776.6161000728607
150	81.80625	14.386408	100.0	32.0	301.53125	17.00683	10.236956	53.633278	-8.322197	1510000	-2.483527e-09	79.48632	-0.009113888	-20.771025	0.44661716	0.015751371	0.063806385	9.0	3803.7225317955017
151	78.64	19.389235	100.0	20.2	299.46667	18.384647	10.161994	49.948284	-14.770606	1520000	-1.7695129e-08	81.44047	-0.014116954	-24.436674	0.4514722	0.015078597	0.085708566	22.0	3827.705626964569
152	86.95625	12.030351	100.0	47.2	294.59375	15.571278	10.621313	53.77621	-12.113511	1530000	-1.3116126e-08	65.628265	-0.009438134	-22.010637	0.43693447	0.015864214	0.09840984	9.0	3855.1840348243713
153	84.79355	12.256241	100.0	52.6	311.03226	18.205128	10.656479	51.52551	-13.838197	1540000	0.0	61.87769	-0.011478803	-14.880939	0.45355627	0.015000793	0.08810881	15.0	3879.9910032749176
154	83.54194	11.200599	100.0	56.8	307.67743	18.063019	10.106156	51.578457	-10.4765625	1550000	-2.483527e-09	59.749096	-0.009476162	-13.95181	0.4448508	0.015314964	0.07380738	11.0	3905.747214317322
155	83.0625	15.882021	100.0	34.0	297.625	17.002224	10.024281	51.45409	-8.819348	1560000	3.1664968e-08	64.00074	-0.009068499	-13.557601	0.46100697	0.015020803	0.07930793	8.0	3931.8652510643005
156	81.95334	12.550876	100.0	52.0	307.63333	18.107515	10.683209	54.626507	-8.43254	1570000	7.450581e-09	74.37018	-0.007254833	-18.860737	0.4513234	0.0151474895	0.08330833	7.0	3954.6106464862823
157	79.26207	18.010733	100.0	37.0	326.7586	17.417648	10.567859	56.004078	-11.97389	1580000	7.450581e-09	78.820244	-0.012394786	-26.204285	0.44780454	0.015085991	0.08680868	14.0	3977.7145800590515
158	85.1875	16.992052	100.0	32.8	295.71875	15.994653	10.313497	48.46697	-17.862177	1590000	2.4214387e-08	77.53062	-0.012103471	-22.639923	0.4363493	0.01523811	0.08350835	16.0	4003.6823585033417
159	83.600006	14.954728	100.0	41.8	292.1613	17.590225	11.534725	49.4619	-12.712719	1600000	-1.8626451e-08	67.61849	-0.0133542605	-13.281848	0.45385	0.015202482	0.08260826	24.0	4028.4168813228607
160	83.97419	12.014586	100.0	53.8	292.8387	17.151737	10.370232	49.490715	-15.072225	1610000	1.8471232e-08	63.826553	-0.010857022	-14.374214	0.45966312	0.015351668	0.07810781	12.0	4052.101845741272
161	83.86451	13.744713	100.0	44.8	298.0	17.935629	10.151877	50.660374	-13.248509	1620000	-3.1044085e-09	63.95444	-0.008469875	-15.709863	0.460773	0.015117143	0.07940794	8.0	4076.817708969116
162	85.524994	12.253546	100.0	59.8	299.375	17.117676	10.374044	56.23763	-8.683281	1630000	1.2417635e-09	64.9385	-0.007744584	-14.056214	0.4280769	0.0150934905	0.072407246	11.0	4103.145075082779
163	83.56129	14.273948	100.0	38.8	301.67743	18.486391	10.95563	56.530613	-14.881005	1640000	-1.816079e-08	66.71724	-0.012939488	-16.958273	0.44928584	0.015131563	0.076107614	22.0	4130.996586084366
164	83.08125	15.839654	100.0	22.6	292.71875	16.932043	10.79464	57.003586	-10.623642	1650000	-2.483527e-09	68.25176	-0.009057642	-15.241841	0.44131756	0.015138608	0.07260726	12.0	4158.75649189949
165	86.129036	10.734755	100.0	49.6	303.8387	17.801477	10.071388	52.813736	-11.932361	1660000	-1.2417635e-09	63.86736	-0.011605006	-16.323149	0.44837812	0.015513568	0.07820782	18.0	4185.429139614105
166	81.703224	17.391941	100.0	31.6	308.25806	17.527191	10.892973	52.829388	-12.484799	1670000	2.173086e-08	72.88207	-0.0137806935	-20.14734	0.4530964	0.015468486	0.08040804	19.0	4212.791219949722
167	82.425804	13.690754	100.0	54.4	304.67743	17.11203	10.774442	49.83908	-10.906532	1680000	-1.2338205e-08	60.460995	-0.0087110475	-13.949856	0.4543066	0.016965123	0.07780778	11.0	4236.797626256943
168	82.125	20.979618	100.0	-10.0	292.3125	17.43814	9.867255	48.369152	-9.168945	1690000	-7.450581e-09	93.424614	-0.010018117	-25.976122	0.43905655	0.0154745085	0.07320732	11.0	4261.987122535706
169	79.69333	26.605299	100.0	-10.0	306.5	17.642746	10.561855	46.071316	-20.854845	1700000	4.967054e-09	107.57723	-0.0071751787	-26.307348	0.4438772	0.015951453	0.07370737	8.0	4284.378872156143
170	79.51333	17.138237	100.0	26.8	304.46667	17.586218	11.010295	46.78617	-21.774925	1710000	6.2088173e-10	83.85379	-0.015107217	-23.549234	0.43610072	0.015177533	0.08880889	33.0	4307.608274459839
171	80.346664	20.388489	100.0	22.6	302.33334	17.029024	10.314334	52.541473	-17.703907	1720000	-8.692344e-09	84.3381	-0.011393051	-19.22196	0.4477533	0.015452513	0.07230723	17.0	4331.13236117363
172	79.14666	21.842035	100.0	-10.0	304.5	18.081713	10.214884	51.49203	-10.106819	1730000	1.6453365e-08	99.80483	-0.01270616	-28.89562	0.42980492	0.015661148	0.0789079	21.0	4354.177914857864
173	78.96	18.6135	100.0	29.2	306.83334	17.977919	10.721777	49.76984	-16.545187	1740000	-9.313226e-09	81.256035	-0.014159125	-18.881319	0.4442095	0.015569604	0.09820982	21.0	4378.851177453995
174	83.64001	12.277829	100.0	52.6	312.1	16.359447	10.05637	47.40056	-19.721384	1750000	-3.228585e-08	67.807465	-0.0074072406	-16.951761	0.4582037	0.017031616	0.0850085	8.0	4403.54762673378
175	82.019356	17.667273	100.0	20.2	308.12903	17.144192	10.131321	49.1476	-15.000067	1760000	1.7384687e-08	72.60666	-0.010408852	-18.515047	0.4539567	0.015109479	0.08030803	11.0	4429.044909000397
176	82.96129	22.329117	100.0	-30.0	312.0	17.203285	9.886597	49.659245	-14.754543	1770000	2.483527e-09	111.51646	-0.011813067	-31.343943	0.44589686	0.015376233	0.0929093	19.0	4454.677250146866
177	82.43449	17.297087	100.0	35.8	319.68967	17.701069	9.405626	48.502148	-12.081827	1780000	1.6142925e-08	72.31558	-0.0144162355	-20.46146	0.43777812	0.015273075	0.08870887	21.0	4479.122344017029
178	86.41875	9.8584175	100.0	59.2	299.9375	16.719952	9.679194	49.16193	-8.753554	1790000	4.967054e-09	63.840237	-0.012385119	-15.777195	0.4420921	0.015496586	0.11031103	17.0	4504.7553923130035
179	83.35999	12.5305395	100.0	55.0	308.7	18.855776	10.574078	54.82472	-12.728899	1800000	2.2972623e-08	71.34973	-0.0084184995	-16.494375	0.42409334	0.015576273	0.07490749	11.0	4528.125906467438
180	83.86	14.945961	100.0	26.8	305.76666	18.048368	9.47267	48.604618	-9.16487	1810000	-1.8626451e-08	62.600666	-0.012718663	-14.256271	0.4277983	0.015041429	0.08190819	18.0	4550.389450550079
181	81.473335	17.41834	100.0	37.0	308.26666	17.587654	9.861352	49.688694	-21.227808	1820000	0.0	69.14807	-0.008160061	-20.69217	0.42780176	0.015877066	0.05810581	7.0	4572.74399471283
182	83.18065	15.164845	100.0	41.2	312.64517	17.162544	10.377947	47.249218	-15.393333	1830000	-9.158005e-09	68.15176	-0.010539685	-17.578428	0.43415484	0.015134685	0.07720772	11.0	4597.490383863449
183	84.725	13.709463	100.0	50.8	298.03125	16.768915	10.752665	46.405697	-12.02526	1840000	1.2417634e-08	63.21996	-0.017975373	-13.448945	0.42204896	0.015024566	0.10561056	52.0	4623.636885643005
184	85.49032	11.835087	100.0	58.0	302.25806	18.311462	10.507806	46.885677	-10.606448	1850000	-9.313226e-10	55.831867	-0.007941494	-13.681896	0.4420394	0.016352868	0.06680668	7.0	4646.92555975914
185	83.80667	14.753032	100.0	38.8	307.5	18.713078	9.615725	46.876534	-7.5149364	1860000	4.656613e-09	58.725117	-0.011677983	-13.272452	0.43197277	0.01599937	0.10521052	16.0	4668.7144021987915
186	84.1862	18.2456	100.0	8.0	314.0	18.045023	10.290795	46.925354	-21.179533	1870000	-4.967054e-09	79.160866	-0.011561516	-16.710396	0.4461269	0.015632164	0.0839084	13.0	4689.876091957092
187	83.37333	12.608118	100.0	42.4	307.56668	18.204447	9.956763	53.21216	-9.722728	1880000	2.3593506e-08	63.782116	-0.013239951	-13.6893835	0.4358845	0.015051945	0.09490949	20.0	4712.866208314896
188	81.82	16.799314	100.0	38.8	308.56668	17.254457	9.921559	46.77407	-29.140236	1890000	7.450581e-09	81.936264	-0.015354359	-18.611681	0.41772506	0.0150525095	0.09190919	28.0	4737.946050167084
189	82.61936	19.629494	100.0	-10.0	304.35483	17.713717	10.363075	49.372284	-12.52364	1900000	1.2417634e-08	106.03983	-0.007947178	-27.292395	0.44101873	0.015832374	0.06630663	8.0	4763.5920951366425
190	79.48387	20.682907	100.0	-20.0	301.80646	17.323977	9.47822	45.845467	-16.049313	1910000	-4.967054e-09	102.69564	-0.008852085	-34.370914	0.43614063	0.015300111	0.07650765	9.0	4788.929154872894
191	83.48667	12.566165	100.0	50.8	311.23334	15.964187	11.521746	46.10032	-26.87305	1920000	2.1109978e-08	72.89065	-0.009150512	-24.23632	0.44610444	0.015479944	0.07380738	9.0	4812.139122962952
192	77.76774	23.429184	97.6	-30.0	309.35483	16.807999	10.116793	51.836884	-19.842072	1930000	-1.4901161e-08	118.13564	-0.015706262	-28.292618	0.43978643	0.015109695	0.095009506	32.0	4837.981981515884
193	88.28484	9.840673	100.0	56.8	292.39395	15.188989	10.472494	52.021626	-16.856047	1940000	-2.0489097e-08	76.736145	-0.019631134	-27.831772	0.43823647	0.014574402	0.104610465	79.0	4865.732816934586
194	84.399994	13.515105	100.0	40.0	307.09677	19.035252	10.142142	53.299896	-14.977537	1950000	3.7252903e-09	67.64756	-0.011931614	-16.719746	0.4309238	0.015090712	0.073607355	19.0	4890.8626589775085
195	84.333336	13.61904	100.0	50.8	306.8	18.313349	10.249539	48.617332	-9.412186	1960000	2.9802322e-08	64.386284	-0.015987132	-15.757008	0.43923005	0.015644342	0.09310931	39.0	4918.275799274445
196	85.0	11.458199	100.0	49.0	299.74194	17.749454	10.457868	51.01478	-21.345203	1970000	1.3659398e-08	63.225506	-0.010895324	-15.0702505	0.4569554	0.015455134	0.08010801	13.0	4943.602751255035
197	85.49375	12.435029	100.0	49.6	302.3125	17.187819	9.826242	49.7162	-13.233057	1980000	-1.8626451e-09	69.02041	-0.012471515	-12.99446	0.44291165	0.0153301405	0.09090909	20.0	4968.902517795563
198	79.6	22.16586	100.0	-10.0	305.3	18.150639	10.456966	50.090454	-16.055025	1990000	0.0	109.68469	-0.0081652915	-29.639008	0.4436828	0.016258925	0.064706475	7.0	4991.5274913311005
199	81.850006	13.8775	100.0	44.2	302.03125	16.141066	10.031402	49.331333	-20.612356	2000000	4.346172e-08	92.39646	-0.0074832006	-19.000286	0.4221381	0.015330677	0.075107515	9.0	5018.320709943771
200	82.94839	14.562786	100.0	20.8	306.0	16.69164	9.978857	50.225006	-25.207714	2010000	-1.6142925e-08	69.26726	-0.012602399	-19.723421	0.44067088	0.015000634	0.08210821	17.0	5043.560490369797
201	77.439995	20.958141	100.0	-10.0	318.9	18.567753	9.648631	48.699593	-23.300484	2020000	-1.6763806e-08	100.27865	-0.008369421	-31.376253	0.4332794	0.016490437	0.07090709	7.0	5065.80966258049
202	83.16	14.67364	100.0	34.6	297.3	15.962812	11.150211	47.416393	-24.583124	2030000	-1.2417634e-08	76.51672	-0.00954863	-14.462926	0.4256647	0.015260406	0.084708475	10.0	5087.838655471802
203	83.399994	13.739137	100.0	46.0	302.6129	16.54711	10.981706	49.97312	-22.72966	2040000	6.208817e-09	73.71308	-0.01538577	-17.509336	0.43991134	0.015147681	0.09150914	24.0	5114.195868730545
204	80.32258	19.082954	100.0	18.4	307.67743	17.330338	10.388594	51.25708	-16.174578	2050000	-6.9849193e-10	81.35734	-0.013195525	-21.233557	0.41711318	0.015174578	0.085408546	19.0	5136.61009645462
205	77.90345	24.006529	100.0	-10.0	324.2414	17.206125	11.176446	45.542492	-24.542896	2060000	4.967054e-09	106.86383	-0.010516946	-31.142889	0.42219448	0.015102747	0.07940794	12.0	5159.14848279953
206	77.07333	30.033113	100.0	-50.0	309.9	16.008291	11.261985	47.371635	-20.216722	2070000	3.7252903e-09	115.07676	-0.009665724	-30.347387	0.4249114	0.01503672	0.060706068	11.0	5182.8362159729
207	83.91875	18.211731	100.0	6.0	283.875	15.824189	11.126097	53.170536	-21.124796	2080000	-1.6375756e-08	92.587166	-0.009015891	-23.538355	0.41572034	0.016316824	0.06840684	9.0	5206.796409368515
208	80.079994	23.092428	100.0	-20.0	309.76666	17.923399	10.9185295	51.509422	-21.433641	2090000	1.6763806e-08	92.331154	-0.008034126	-24.168772	0.4279821	0.015058008	0.08170817	9.0	5230.221281528473
209	82.759995	13.64047	100.0	50.2	298.13333	16.085	10.9131365	49.647293	-26.710323	2100000	3.4148495e-09	76.42813	-0.008526961	-21.36435	0.41478434	0.015279476	0.07730773	10.0	5253.620702505112
210	80.29032	17.953047	100.0	30.4	304.5484	17.13374	10.226552	49.551266	-17.80314	2110000	-6.2088173e-10	73.70702	-0.009031548	-22.240026	0.4291989	0.015368037	0.08870887	9.0	5278.005354881287
211	84.54375	14.260017	100.0	46.6	295.375	15.929667	10.721126	53.308197	-16.564096	2120000	3.7252903e-09	74.02738	-0.006807676	-15.076392	0.416176	0.015282181	0.058205817	8.0	5303.021414756775
212	80.34194	18.711542	100.0	26.8	296.58066	17.534668	10.681826	51.098385	-13.009082	2130000	1.2417635e-09	76.81251	-0.00967282	-15.657353	0.42138967	0.01590268	0.089908995	10.0	5327.487950086594
213	80.73549	19.446827	100.0	9.4	306.9355	16.690672	10.626893	54.34232	-18.182016	2140000	-1.4901161e-08	79.15274	-0.011514664	-21.205315	0.4249387	0.015448626	0.09110912	13.0	5352.983855962753
214	76.66452	28.596386	100.0	-60.0	302.96774	17.165253	11.093083	50.9816	-18.241161	2150000	1.2417634e-08	140.0093	-0.011095621	-39.72698	0.44386682	0.015353243	0.08910891	13.0	5376.397408008575
215	77.060005	22.160995	100.0	14.8	299.86667	16.084913	10.4017515	45.365917	-26.224592	2160000	6.2088173e-10	81.969475	-0.008185847	-24.735138	0.42945698	0.015793713	0.06250625	8.0	5400.688272476196
216	76.32904	27.979235	100.0	-20.0	307.5484	15.753185	11.188416	48.375137	-26.260138	2170000	-2.9802322e-08	99.21192	-0.015900834	-21.391998	0.42927206	0.015319407	0.10361036	27.0	5429.346253156662
217	75.93104	28.475773	100.0	-30.0	325.0	15.164846	12.112648	48.453835	-29.565483	2180000	-2.4835268e-08	102.045044	-0.0126388	-24.768044	0.43065572	0.015233397	0.075907595	16.0	5452.680851697922
218	83.26875	15.245296	100.0	35.8	292.125	15.729646	10.751479	48.168747	-17.388649	2190000	1.2417635e-09	80.0462	-0.011842201	-23.174408	0.4146841	0.015336898	0.08170817	14.0	5477.166982889175
219	84.6	12.228348	100.0	59.2	294.3125	16.63921	11.03515	49.81297	-20.446587	2200000	5.5879354e-09	70.712425	-0.014639842	-13.906541	0.43165183	0.015564772	0.101510145	21.0	5503.959036111832
220	83.90968	13.342422	100.0	46.6	310.8387	16.650625	10.615486	50.529953	-16.552567	2210000	5.5879354e-09	56.951054	-0.0071733687	-12.43853	0.42881823	0.015779832	0.08150815	7.0	5528.757586479187
221	80.03871	15.79689	100.0	39.4	298.64517	18.144764	10.4503355	48.28577	-11.696925	2220000	3.7252903e-09	65.419426	-0.01336496	-15.25322	0.42093754	0.015201612	0.08790878	19.0	5552.873404502869
222	82.49677	12.462265	100.0	48.4	301.25806	16.47625	10.849265	49.87698	-17.120169	2230000	-3.4769375e-08	54.953815	-0.010275535	-12.597073	0.41261783	0.015314112	0.08670867	15.0	5576.938930511475
223	82.65	18.204462	100.0	28.0	294.125	16.656162	10.77149	50.55298	-21.51247	2240000	1.1796753e-08	76.3036	-0.011458016	-16.199974	0.40416488	0.015238114	0.08430842	14.0	5602.291805267334
224	82.1375	16.887527	100.0	34.0	295.5625	16.936014	10.948991	53.7622	-14.363645	2250000	-3.1044085e-09	58.76433	-0.0106180245	-12.616634	0.41355357	0.015527411	0.07080708	14.0	5627.435741901398
225	77.870964	24.861814	100.0	-10.0	296.87097	17.380459	10.97374	50.01225	-14.51739	2260000	1.5522042e-08	102.903534	-0.009470872	-24.341715	0.43605724	0.015525906	0.076807685	9.0	5651.917248249054
226	80.87742	16.851969	100.0	43.6	315.03226	15.70158	11.009066	49.377014	-10.178568	2270000	1.6763806e-08	81.36184	-0.010334926	-25.601706	0.4380021	0.0153687075	0.07720772	11.0	5678.029242277145
227	82.77419	14.42728	100.0	40.6	309.67743	16.582613	11.057234	49.122818	-30.012205	2280000	8.692344e-09	66.05712	-0.009187275	-18.967176	0.4395868	0.01562275	0.07840785	9.0	5700.881540298462
228	83.090324	14.728497	100.0	49.6	301.3871	16.938692	10.903329	49.016857	-32.76883	2290000	-2.9802322e-08	68.042595	-0.010227542	-14.529472	0.44792187	0.0154197505	0.089308925	13.0	5725.488140106201
229	84.76129	12.911652	100.0	47.8	294.67743	17.394608	10.372984	51.025414	-30.404335	2300000	-1.6142925e-08	56.109997	-0.011305821	-10.983696	0.463945	0.015331011	0.078007795	14.0	5750.128866910934
230	77.32	25.060385	100.0	-20.0	315.66666	17.870787	10.520283	48.54441	-30.01073	2310000	1.0554989e-08	100.29551	-0.011049983	-29.438309	0.45796254	0.015713831	0.074507445	13.0	5772.9625952243805
231	85.80625	10.454602	100.0	55.0	291.28125	16.039515	10.2797985	48.16892	-14.020825	2320000	7.450581e-09	68.64595	-0.011469732	-18.78375	0.46015787	0.015083815	0.07220722	14.0	5798.011848688126
232	83.4625	12.06601	100.0	49.6	297.75	17.93856	10.405527	52.486153	-12.238768	2330000	1.7850349e-08	59.599255	-0.007301405	-12.934535	0.4743493	0.016243642	0.060206022	8.0	5824.119457244873
233	82.593544	15.385496	100.0	29.8	300.0645	17.675047	9.457249	51.03128	-13.813114	2340000	-9.313226e-10	70.12431	-0.012549023	-17.672247	0.47482777	0.015463953	0.09330932	16.0	5847.707763195038
234	82.92903	13.801875	100.0	49.6	312.6129	17.267235	10.412405	50.134296	-13.9664955	2350000	-1.3659398e-08	72.86628	-0.011486084	-17.927877	0.47105125	0.015523975	0.09120911	17.0	5872.395353078842
235	78.07097	23.3914	100.0	-10.0	312.1613	16.177095	10.406343	45.71236	-25.09184	2360000	-2.9491882e-09	103.57858	-0.010800593	-27.560425	0.47160563	0.015576514	0.08420842	12.0	5898.770136117935
236	84.50625	14.431302	100.0	49.6	291.6875	15.348127	10.332153	46.492798	-20.701288	2370000	2.2351742e-08	84.89016	-0.011151109	-25.455841	0.46471182	0.015312687	0.08690869	14.0	5921.993114948273
237	83.92903	12.856081	100.0	51.4	304.3871	18.036526	10.390013	47.12919	-9.53234	2380000	-6.2088173e-10	61.4915	-0.009759392	-11.747593	0.45703354	0.015172098	0.08270827	12.0	5948.060348272324
238	80.464516	16.25303	100.0	40.0	305.7742	17.399052	10.767116	47.161846	-17.16517	2390000	9.313226e-10	65.5747	-0.010807431	-12.812454	0.46619678	0.01501717	0.07810781	13.0	5971.110250711441
239	86.6625	11.751961	100.0	59.2	285.125	16.161531	11.059722	46.429623	-19.564276	2400000	2.9802322e-08	60.916004	-0.01104891	-13.870178	0.48207453	0.015804194	0.08880889	14.0	5996.603058338165
240	76.14193	34.68298	100.0	-80.0	296.64517	18.00229	10.740373	47.82214	-13.217173	2410000	2.2351742e-08	139.11989	-0.0083000325	-38.426357	0.47278872	0.015453787	0.06930693	9.0	6022.398400306702
241	85.645164	12.538529	100.0	61.6	294.2258	15.9173565	10.824488	46.32697	-14.097934	2420000	4.0978193e-08	74.9439	-0.011940058	-19.28131	0.46224537	0.015770992	0.0910091	17.0	6047.351478815079
242	78.103226	24.550087	100.0	-20.0	297.0645	17.992582	10.970296	50.78587	-21.625267	2430000	0.0	111.95469	-0.010082143	-32.478046	0.46881226	0.015965233	0.0810081	10.0	6070.028382062912
243	81.354836	22.764076	100.0	-10.0	310.2903	15.148045	11.62916	48.769966	-33.098465	2440000	7.450581e-09	91.00068	-0.013739732	-21.478226	0.46377924	0.015483436	0.076807685	18.0	6096.121458530426
244	84.03749	13.330458	100.0	50.8	294.78125	16.700169	12.225727	52.861443	-28.37174	2450000	6.2088173e-10	63.8138	-0.01224111	-19.244913	0.46805492	0.015430029	0.09670967	15.0	6121.995170354843
245	84.38667	13.920339	100.0	48.4	301.13333	17.801676	10.821003	51.642834	-12.376521	2460000	4.0357313e-09	73.92649	-0.007579576	-14.391631	0.46255478	0.015411547	0.05950595	7.0	6144.175232887268
246	81.899994	14.855471	100.0	30.4	297.375	17.329273	10.66478	50.13037	-17.51051	2470000	-5.5879354e-09	68.98652	-0.007396558	-13.888789	0.46402383	0.015585761	0.06870687	9.0	6168.298505067825
247	83.55999	13.106985	96.0	42.0	311.4	17.773401	10.571374	49.05102	-25.995987	2480000	-9.934108e-09	66.78943	-0.010179999	-13.059079	0.4639565	0.015101499	0.08070807	15.0	6190.888283491135
248	79.33104	19.599104	100.0	13.6	334.13794	17.707098	10.523993	49.356167	-13.5005665	2490000	1.9868216e-08	92.21877	-0.009481431	-31.505041	0.46046242	0.016301129	0.0790079	9.0	6214.157055854797
249	85.89033	11.971023	100.0	57.4	298.51614	16.481134	9.993523	47.764206	-16.158876	2500000	-2.1109978e-08	83.4291	-0.009240572	-24.419382	0.46030116	0.015618153	0.07540754	11.0	6239.572692871094
