Epoch	AverageEpRet	StdEpRet	MaxEpRet	MinEpRet	EpLen	AverageVVals	StdVVals	MaxVVals	MinVVals	TotalEnvInteracts	LossPi	LossV	DeltaLossPi	DeltaLossV	Entropy	KL	ClipFrac	StopIter	Time
0	48.458332	36.38381	88.0	-30.0	388.54166	6.2833824	9.250651	38.692745	-30.240658	10000	-1.4901161e-08	146.05872	-0.02451388	-50.554867	1.1554875	0.015287347	0.12581258	18.0	24.865042448043823
1	53.913044	28.078016	96.0	-20.0	407.9565	8.29475	9.145091	43.004963	-25.71901	20000	-2.2351742e-08	117.92084	-0.022521092	-33.80113	1.1447102	0.015003111	0.12361237	25.0	45.8568389415741
2	55.8	28.555668	100.0	-20.0	417.47827	8.668444	8.892711	42.366417	-24.496544	30000	5.2774944e-09	81.42275	-0.017148254	-23.691696	1.152557	0.015048057	0.1290129	14.0	67.31803059577942
3	38.182606	36.88228	92.0	-50.0	420.43478	8.781464	8.478125	36.23001	-24.895752	40000	6.208817e-09	149.91043	-0.034345467	-59.172123	1.1350971	0.014363754	0.19621962	79.0	91.2302086353302
4	48.16522	32.154716	100.0	-10.0	412.9565	5.73527	9.58454	33.678608	-35.908615	50000	1.9868216e-08	163.79073	-0.024506638	-66.963554	1.1562475	0.015181351	0.15181518	25.0	112.45009255409241
5	51.672	43.02531	98.0	-60.0	389.64	8.29205	8.964032	39.83218	-30.115976	60000	-1.3038516e-08	138.14813	-0.018258866	-44.61082	1.169268	0.015089653	0.150015	13.0	133.8970091342926
6	42.452175	32.226494	88.0	-30.0	416.86957	9.006055	10.464821	36.341385	-29.736452	70000	1.4280279e-08	135.18149	-0.02981162	-48.677044	1.1836767	0.01511711	0.17871787	43.0	155.9870481491089
7	47.57391	39.11954	96.0	-70.0	417.34784	6.719663	9.805165	37.372055	-31.691032	80000	-1.9286139e-08	168.16005	-0.018305503	-75.84192	1.1838026	0.01507805	0.12021202	13.0	178.12050366401672
8	57.591663	24.987762	94.0	-10.0	393.66666	8.966136	8.357778	38.78995	-20.112022	90000	-1.2417635e-09	101.75473	-0.021210395	-33.14198	1.1732411	0.01508751	0.1420142	21.0	198.79775309562683
9	58.069565	28.896795	100.0	-20.0	400.0	10.365509	8.034812	37.476402	-22.54565	100000	1.3659398e-08	106.14676	-0.018089725	-30.564972	1.1726584	0.015184612	0.12381238	15.0	219.49308705329895
10	60.391666	21.796213	91.0	-10.0	385.54166	11.25053	9.083179	37.182743	-24.42325	110000	-2.3593506e-08	117.703735	-0.026117181	-38.419514	1.158214	0.015112893	0.15251525	38.0	243.79094314575195
11	58.808334	30.114086	100.0	-20.0	393.45834	10.032461	9.254326	37.08849	-29.548748	120000	-2.483527e-09	140.46422	-0.01888606	-38.10941	1.1647632	0.015338485	0.123012304	16.0	264.3579201698303
12	50.086956	31.09944	86.2	-10.0	412.3913	9.117373	9.288244	37.87087	-35.150578	130000	-7.450581e-09	153.46132	-0.033755813	-48.108997	1.2067466	0.015138221	0.18011801	60.0	286.7364237308502
13	47.591663	33.62531	98.0	-30.0	392.95834	7.901482	9.55173	33.821712	-33.29218	140000	-7.450581e-09	134.73221	-0.017849717	-50.40563	1.1936011	0.015201599	0.12471247	13.0	307.97235012054443
14	49.168	39.562275	92.0	-90.0	385.72	8.3715515	9.893669	40.127132	-36.35503	150000	-1.0244548e-08	176.28224	-0.019371213	-67.788956	1.1601447	0.015134357	0.13431343	20.0	330.0848824977875
15	55.286957	28.493465	100.0	-10.0	412.65216	9.67398	8.675891	42.163826	-22.855837	160000	-1.8936893e-08	130.17336	-0.036148187	-43.67044	1.1470789	0.013714624	0.18731873	79.0	353.3880157470703
16	46.13333	34.460445	86.8	-30.0	400.70834	10.100003	9.184692	38.812714	-38.174454	170000	2.483527e-09	138.0284	-0.034294832	-56.41775	1.1662604	0.015033414	0.17861785	48.0	376.7312276363373
17	51.25	28.839975	92.0	-20.0	407.41666	7.4347773	8.632048	42.64271	-28.16322	180000	-1.9402553e-09	107.67551	-0.014391281	-33.119915	1.1807008	0.015770493	0.10581058	10.0	399.04239082336426
18	54.11304	25.932274	98.0	-10.0	417.08694	7.9228754	8.577741	41.251987	-28.69597	190000	-2.483527e-09	102.384315	-0.01951251	-35.308212	1.1859416	0.015818477	0.12251225	15.0	420.80766439437866
19	47.817394	36.562366	98.0	-20.0	419.0	8.740852	8.104897	41.547634	-23.699278	200000	9.934108e-09	130.63184	-0.0177792	-50.70587	1.1962587	0.0151581215	0.13681369	12.0	441.30857610702515
20	42.581818	36.511513	90.4	-30.0	433.18182	7.929325	9.054436	36.024548	-32.143852	210000	-9.934108e-09	116.33781	-0.017098082	-36.7115	1.1962088	0.015245534	0.15031503	11.0	463.1800215244293
21	45.704346	29.968613	90.0	-10.0	407.43478	6.5748963	9.684432	37.434464	-31.181097	220000	-2.483527e-09	126.74369	-0.010965687	-38.99365	1.1837085	0.015016341	0.1170117	8.0	485.385445356369
22	50.15652	28.252216	90.0	-20.0	418.91306	8.154096	8.497562	39.043137	-26.983799	230000	7.450581e-09	100.97622	-0.017063083	-31.364645	1.1678034	0.015401597	0.12441245	14.0	507.7423965930939
23	56.108334	34.415936	100.0	-30.0	384.625	8.4531	8.431237	35.197254	-26.808483	240000	3.7252903e-09	117.832214	-0.012599002	-37.019466	1.177701	0.0152656445	0.11131113	8.0	529.8271102905273
24	50.503998	29.894648	90.0	-30.0	380.68	9.482982	9.199496	38.885815	-26.016886	250000	4.967054e-09	143.72717	-0.024968581	-51.417816	1.1466235	0.015070699	0.1549155	33.0	551.9343461990356
25	46.047997	37.725887	96.0	-40.0	379.44	9.368535	9.847896	40.811756	-31.846842	260000	-1.2417635e-09	161.08217	-0.018028127	-72.780685	1.1462803	0.015546954	0.14031403	13.0	574.1149573326111
26	51.95	32.324047	100.0	-10.0	394.54166	7.4839473	11.538046	34.89489	-34.095753	270000	-5.8983765e-09	146.84583	-0.022227801	-50.65288	1.165193	0.015466598	0.13381338	22.0	597.9402899742126
27	49.491665	32.57673	98.0	-30.0	399.91666	8.629499	8.437391	42.893364	-21.81012	280000	-1.5522042e-08	126.21493	-0.020712664	-37.526775	1.1632247	0.015040093	0.1360136	17.0	620.2068214416504
28	59.817394	30.304308	100.0	-20.0	401.43478	8.649474	9.699917	42.587418	-27.500414	290000	5.8983765e-09	111.99448	-0.014515467	-51.73158	1.1863617	0.015081509	0.14821482	8.0	643.0913457870483
29	52.11304	25.076149	88.0	12.4	404.82608	10.648594	8.533441	36.126354	-16.64528	300000	-7.450581e-09	100.29635	-0.033778608	-35.49751	1.1912311	0.015012129	0.1771177	63.0	666.2365226745605
30	52.944004	27.275572	100.0	-20.0	381.44	8.757204	8.795018	40.756268	-20.194176	310000	7.450581e-09	105.299644	-0.01771064	-26.506516	1.1942253	0.015555314	0.11671167	14.0	688.1910130977631
31	42.0	31.678602	89.8	-20.0	413.30435	8.875995	9.02067	41.184006	-22.095722	320000	-9.934108e-09	117.04834	-0.017278895	-41.461544	1.1716162	0.015090379	0.12891288	13.0	711.1953897476196
32	51.13913	31.284525	89.8	-20.0	409.17392	7.1653185	9.193653	38.63295	-33.56193	330000	1.4901161e-08	120.14341	-0.021410793	-35.38072	1.1656119	0.015176661	0.123012304	23.0	734.8913998603821
33	64.96667	22.208757	100.0	23.2	392.04166	8.132528	9.400675	39.143017	-26.754631	340000	1.4901161e-08	118.10303	-0.018821305	-44.306713	1.1799297	0.015598655	0.1319132	14.0	756.4848191738129
34	55.939137	32.055843	100.0	-30.0	393.52173	11.203206	8.116588	36.2525	-23.003736	350000	-4.967054e-09	120.449135	-0.022328742	-37.97954	1.1773682	0.015110188	0.13791381	28.0	777.6801776885986
35	49.704346	33.46047	100.0	-20.0	416.47827	9.233073	9.858927	38.850906	-34.900337	360000	1.9247333e-08	127.18253	-0.026116418	-34.45351	1.1679319	0.01502787	0.1519152	27.0	802.5269999504089
36	50.535995	40.041447	90.0	-90.0	375.28	8.536491	9.17894	38.498787	-32.668816	370000	8.071463e-09	144.42188	-0.019410485	-48.34515	1.1797122	0.01539402	0.12191219	19.0	825.2647476196289
37	58.523075	31.135143	100.0	-20.0	371.80768	10.601177	7.9894977	37.799652	-20.131905	380000	2.483527e-09	127.92849	-0.01778113	-45.540283	1.1758348	0.015015232	0.1710171	16.0	848.5224480628967
38	59.52	31.107042	100.0	-30.0	382.96	10.790351	9.44593	43.03252	-30.814146	390000	1.3969839e-09	93.19705	-0.028136635	-24.56955	1.1531324	0.015033078	0.14651465	41.0	871.0013828277588
39	65.672	24.688969	100.0	-10.0	383.92	11.061499	9.340625	37.755512	-30.336767	400000	-7.450581e-09	97.54836	-0.021846019	-25.409204	1.1598659	0.015262145	0.14301431	24.0	893.6022741794586
40	69.096	26.30377	100.0	-10.0	368.44	13.0170765	8.945827	42.905308	-24.887657	410000	-4.967054e-09	98.43058	-0.020394238	-30.374977	1.1315261	0.0151083665	0.14381438	21.0	915.5976717472076
41	54.090908	30.284874	90.0	-10.0	403.5909	12.404411	8.335509	37.385937	-25.337425	420000	9.934108e-09	130.70851	-0.020768141	-56.6055	1.1429766	0.015048626	0.15261526	18.0	937.3078279495239
42	52.684616	37.89078	96.0	-30.0	364.46155	9.40405	8.324739	37.484978	-25.563028	430000	-2.9802322e-08	162.26878	-0.02244951	-50.547626	1.1717275	0.015297721	0.15931593	23.0	960.0562491416931
43	47.41739	35.346825	94.0	-20.0	401.82608	9.217745	9.52776	39.97587	-24.199223	440000	2.1109978e-08	138.26335	-0.017215641	-45.533337	1.1627647	0.015341389	0.11691169	13.0	981.6250951290131
44	48.26956	32.79537	100.0	-30.0	407.34784	7.5926027	9.704457	40.24149	-35.06984	450000	1.2417634e-08	120.05035	-0.023265792	-46.69839	1.1607543	0.015430421	0.14341433	22.0	1004.918860912323
45	52.841663	33.50532	90.4	-40.0	401.41666	8.554648	8.154996	35.08173	-30.96233	460000	-1.2417634e-08	109.48832	-0.018499834	-34.84636	1.1544738	0.015441239	0.12821282	17.0	1027.180044412613
46	58.947826	25.675787	100.0	-10.0	404.73914	9.400442	8.724134	36.934082	-28.758814	470000	2.2351742e-08	112.26243	-0.016553324	-34.342903	1.1679759	0.015232999	0.12551256	12.0	1049.8786792755127
47	66.6	19.589113	100.0	37.0	358.2963	11.715585	7.8879	41.606216	-21.982157	480000	6.2088173e-10	104.51355	-0.02539331	-30.099253	1.1448828	0.015003643	0.1439144	30.0	1072.37934756279
48	57.38571	39.406563	100.0	-80.0	344.10715	13.0239	7.979002	42.05858	-29.364658	490000	-5.5879354e-09	145.72173	-0.02030033	-37.234016	1.1729511	0.015261226	0.12621261	19.0	1095.5013208389282
49	54.708332	35.442112	100.0	-30.0	386.70834	11.122149	9.07013	40.829884	-24.004238	500000	-1.7695129e-08	149.3697	-0.025201967	-57.69348	1.1486772	0.015141339	0.14751475	34.0	1119.243787765503
50	45.863636	35.27731	92.0	-20.0	435.5	8.89019	10.346768	38.50713	-38.316975	510000	9.934108e-09	104.62167	-0.031038398	-32.99542	1.1323301	0.015045905	0.16521652	46.0	1142.243129491806
51	53.848	42.423172	100.0	-80.0	368.12	8.061364	9.311283	38.55317	-34.778362	520000	0.0	133.53333	-0.022077506	-44.48113	1.1345693	0.015290313	0.14241426	19.0	1165.2470593452454
52	43.226086	39.93278	100.0	-40.0	408.91306	9.2285185	9.495552	36.62543	-29.794647	530000	6.519258e-09	182.68254	-0.021194333	-72.4118	1.1642447	0.0150881065	0.13971397	21.0	1187.212467432022
53	50.883335	39.842896	100.0	-40.0	385.66666	6.456722	10.129931	37.276352	-34.975132	540000	-4.967054e-09	170.14694	-0.015558999	-60.252316	1.1494145	0.015220341	0.108910896	12.0	1208.9521725177765
54	59.416668	27.639702	100.0	-10.0	396.95834	8.593761	9.388395	38.69403	-28.89055	550000	-2.2662183e-08	93.76176	-0.026832005	-32.14935	1.1454976	0.015178121	0.15121512	30.0	1232.084083557129
55	53.415997	38.76225	100.0	-40.0	379.72	10.655837	9.3122835	35.53512	-30.448132	560000	9.934108e-09	138.42294	-0.0167888	-47.981335	1.1491567	0.015286711	0.130113	11.0	1255.7466497421265
56	49.808693	29.004498	89.8	-10.0	407.3913	8.847667	10.257127	35.676685	-35.29726	570000	-2.483527e-09	98.20636	-0.017481854	-36.30125	1.1419753	0.015257839	0.13751376	15.0	1277.7797501087189
57	59.55385	28.520563	100.0	-10.0	365.19232	9.758928	8.985913	37.492672	-25.738035	580000	-1.800557e-08	126.0257	-0.032425653	-37.874775	1.1334262	0.015126206	0.1650165	49.0	1302.169214963913
58	53.630764	34.506393	100.0	-50.0	377.57693	11.896292	9.14299	43.886955	-21.133041	590000	0.0	138.63254	-0.0145927025	-54.359406	1.1379048	0.015789853	0.12111211	9.0	1325.7216701507568
59	56.272003	30.9224	100.0	-30.0	375.88	10.274955	8.825642	36.539825	-25.41328	600000	9.934108e-09	128.10503	-0.03815735	-41.520237	1.1619148	0.014334462	0.1879188	79.0	1349.2921779155731
60	58.991306	28.051598	96.0	-20.0	409.21738	9.265022	8.901166	36.483208	-21.098833	610000	2.3283064e-09	117.25466	-0.025501037	-34.15208	1.1150471	0.015188053	0.15861587	25.0	1372.6909873485565
61	52.864	32.489197	100.0	-20.0	386.92	10.382167	8.378933	35.69067	-23.660643	620000	0.0	112.37616	-0.014370747	-40.223423	1.1455249	0.015281324	0.10961095	8.0	1395.2932057380676
62	50.73846	45.242928	100.0	-90.0	361.84616	9.4227705	10.802555	39.66457	-35.677727	630000	-9.313226e-09	179.79701	-0.017512806	-52.218403	1.1211406	0.015451949	0.12131214	17.0	1418.406038761139
63	63.576923	26.66287	100.0	-30.0	377.07693	10.729027	8.684944	38.342163	-31.997244	640000	7.450581e-09	105.76594	-0.030575648	-33.843822	1.1193627	0.015131331	0.15731573	61.0	1442.9723501205444
64	59.648	34.934284	100.0	-30.0	388.2	11.394717	8.915393	42.322567	-39.019505	650000	-1.4901161e-08	112.412895	-0.018332291	-26.53808	1.1001962	0.015102976	0.15271528	14.0	1466.0440652370453
65	59.496292	27.902018	100.0	-30.0	357.33334	11.020877	8.7548065	46.47796	-28.563026	660000	-1.4901161e-08	122.62711	-0.026023	-28.6993	1.141067	0.015060775	0.15631564	30.0	1491.673364162445
66	63.576	25.440271	100.0	2.0	376.2	10.268195	9.186429	40.782604	-29.138624	670000	4.967054e-09	95.67385	-0.017379012	-28.930733	1.105495	0.015129633	0.10891089	14.0	1514.6707322597504
67	45.968	35.955826	91.6	-30.0	373.4	11.534668	8.610393	43.577915	-23.128233	680000	9.934108e-09	174.32788	-0.026054738	-70.11414	1.1065692	0.015058085	0.15321533	42.0	1538.8167991638184
68	58.246155	27.616957	100.0	-10.0	379.5	8.602501	10.402305	44.504158	-29.302858	690000	-2.483527e-09	141.82793	-0.014199398	-52.268238	1.0840638	0.015747597	0.10051005	11.0	1562.1552555561066
69	55.846153	29.918007	96.0	-30.0	380.84616	9.700623	10.028343	35.256947	-36.934666	700000	6.829699e-09	101.38554	-0.018509598	-30.002783	1.0938994	0.015165471	0.122312225	18.0	1585.2690291404724
70	53.744	40.937553	100.0	-40.0	374.32	10.25365	9.975882	46.243706	-31.90244	710000	-1.4280279e-08	116.06971	-0.016803773	-33.715054	1.1151575	0.015346926	0.10421043	14.0	1607.9902021884918
71	50.6	43.12808	100.0	-80.0	366.03845	9.597163	10.368294	43.63413	-30.42642	720000	4.967054e-09	161.80273	-0.019327063	-50.27657	1.1158801	0.01523376	0.13121311	20.0	1631.265924692154
72	56.447998	34.23338	100.0	-30.0	378.04	9.655382	9.602389	45.64193	-32.528393	730000	-3.7252903e-09	141.88719	-0.025773607	-49.388824	1.1432973	0.015076868	0.16091609	28.0	1653.6613285541534
73	65.984	21.892094	91.0	-10.0	377.0	11.121187	9.542009	46.534325	-31.532015	740000	-7.450581e-09	112.979004	-0.023689298	-46.710285	1.168293	0.0151462	0.14021403	25.0	1677.1730723381042
74	51.45	32.396927	90.0	-30.0	406.79166	11.907529	7.7877398	46.2356	-21.304209	750000	-2.9802322e-08	112.000916	-0.018877478	-40.998505	1.1428727	0.015437462	0.12181219	16.0	1701.230676651001
75	59.466663	28.115515	100.0	-30.0	394.33334	9.113626	8.8556595	44.859325	-23.543398	760000	-1.086543e-09	97.21107	-0.01412079	-29.56936	1.1271473	0.015313654	0.09890989	11.0	1724.316794872284
76	63.28333	24.64034	96.0	-10.0	378.25	11.352447	7.174298	39.49515	-19.797733	770000	1.2417634e-08	103.23922	-0.014748831	-26.649382	1.1074445	0.015777096	0.1190119	12.0	1746.4949507713318
77	54.975998	39.11862	100.0	-40.0	382.68	11.623438	7.5055876	43.10646	-17.26094	780000	2.7318796e-08	144.98155	-0.01650495	-47.21396	1.1290817	0.015546412	0.12021202	12.0	1769.0324642658234
78	56.6	30.029478	100.0	-10.0	388.4	10.117024	9.567808	40.9411	-30.393478	790000	2.483527e-09	103.40824	-0.023620293	-34.007687	1.1234499	0.015002937	0.15591559	21.0	1791.8861827850342
79	48.896	40.280064	94.0	-90.0	382.24	11.081335	9.783029	47.430634	-31.821337	800000	-3.1044085e-09	162.98193	-0.017656168	-51.495472	1.108643	0.015266019	0.12451246	14.0	1815.3758563995361
80	59.653847	25.74117	98.0	10.0	373.30768	8.84419	8.404561	34.202156	-32.590355	810000	9.313226e-09	126.98948	-0.01577547	-48.824524	1.138985	0.01574871	0.120312035	10.0	1839.1096620559692
81	57.452175	32.804306	100.0	-40.0	404.65216	11.050417	8.56418	39.64565	-27.08295	820000	2.483527e-09	114.87699	-0.020332007	-38.542503	1.1359206	0.015162383	0.11391139	18.0	1861.028615474701
82	62.792305	24.424734	98.0	-20.0	371.19232	10.929182	8.697239	41.15036	-27.227406	830000	-1.4280279e-08	114.91918	-0.017608555	-40.448368	1.139007	0.015249561	0.12381238	16.0	1885.5083498954773
83	61.2	25.644121	96.0	-10.0	408.43478	11.606255	7.511313	40.383118	-24.395702	840000	-9.934108e-09	90.48107	-0.016947707	-28.597115	1.1033341	0.015369224	0.11961197	13.0	1907.848022222519
84	44.109093	37.01821	93.4	-30.0	411.27274	10.536794	7.1387615	38.88298	-23.911951	850000	2.4835268e-08	167.9713	-0.015314422	-78.70059	1.1001558	0.015032311	0.110811085	11.0	1930.6788699626923
85	59.083332	32.311966	98.0	-20.0	391.04166	6.6833806	10.5058775	41.883278	-33.302395	860000	1.2417635e-09	138.98573	-0.018538224	-60.76349	1.1288109	0.015611004	0.1310131	16.0	1953.630217552185
86	50.190907	34.538383	100.0	-20.0	433.22726	10.758976	8.879696	39.006817	-33.80609	870000	-8.071463e-09	118.47134	-0.017325995	-36.329464	1.0752002	0.015148506	0.10591059	12.0	1976.420024394989
87	58.190914	22.899582	94.0	16.0	428.13635	8.156909	10.259548	38.76443	-43.16445	880000	6.2088173e-10	95.624916	-0.016181389	-33.14517	1.0700904	0.01595704	0.1310131	13.0	1999.615984916687
88	45.947826	35.021645	86.0	-40.0	410.91306	10.3401	7.5395904	34.182945	-27.520899	890000	-1.7074248e-08	159.68372	-0.012336667	-64.64153	1.0657028	0.015394303	0.09340934	10.0	2022.6696872711182
89	66.26399	17.83217	90.0	12.4	370.48	8.287654	9.4059515	38.4355	-35.376648	900000	-2.7629236e-08	130.34889	-0.017488232	-64.3343	1.0871377	0.015236165	0.12631263	16.0	2044.6291420459747
90	53.756523	32.440228	100.0	-40.0	399.56522	12.56854	8.068752	37.857662	-34.867393	910000	5.510325e-09	152.91362	-0.018860152	-65.676605	1.0398195	0.015370506	0.12821281	18.0	2067.60475564003
91	56.524998	23.922848	94.0	-10.0	403.70834	9.807484	9.115869	34.958637	-32.069324	920000	9.934108e-09	112.44138	-0.0185557	-42.850983	1.0348552	0.015134838	0.11831183	19.0	2090.0914561748505
92	51.254543	33.77504	100.0	-20.0	421.04544	10.038799	8.175604	35.782486	-18.669415	930000	-4.967054e-09	138.84938	-0.017862106	-48.136463	1.0065523	0.015131149	0.123912394	13.0	2113.0437586307526
93	50.016666	31.022243	89.2	-30.0	402.5	8.254712	9.724835	40.05034	-28.589804	940000	-1.2417634e-08	134.67989	-0.0212192	-43.571365	1.0270797	0.015065995	0.11721172	25.0	2139.758245229721
94	59.655994	27.65707	100.0	-10.0	390.0	8.7528715	9.651573	36.93542	-37.50714	950000	-3.7252903e-09	143.63177	-0.016863642	-55.375774	1.0092791	0.015153054	0.109210916	17.0	2161.7146911621094
95	54.13333	30.837568	88.0	-30.0	392.20834	10.680454	10.3466425	37.12527	-40.308434	960000	-4.967054e-09	111.965965	-0.018794224	-32.39062	1.0117606	0.015207545	0.13571356	19.0	2183.5477929115295
96	52.06957	32.771652	94.0	-30.0	385.78262	9.700711	9.415391	33.67349	-38.655754	970000	-1.4901161e-08	130.9901	-0.016687045	-32.986866	0.97744465	0.015188838	0.12701271	18.0	2205.901708841324
97	51.567997	31.05596	98.0	-30.0	390.32	8.945017	10.987088	36.498947	-44.78517	980000	-9.1192005e-09	128.96089	-0.016525375	-43.80003	0.9867409	0.015873572	0.109110914	16.0	2229.276319503784
98	63.26923	23.314238	100.0	-10.0	371.84616	9.798636	8.223896	36.719864	-30.983067	990000	-1.4901161e-08	111.32314	-0.020255523	-32.697674	0.97478056	0.015019768	0.12631263	24.0	2254.738118648529
99	60.149998	25.05296	96.0	-10.0	391.91666	12.173319	9.013748	41.19265	-36.0431	1000000	3.4148495e-09	99.05961	-0.018490456	-25.989038	0.99535036	0.0150855305	0.12181219	20.0	2277.2416858673096
100	45.016666	42.343235	92.0	-90.0	397.45834	11.154326	8.689878	38.67797	-41.941048	1010000	2.2351742e-08	169.28087	-0.013305515	-46.570316	1.017043	0.015032638	0.10121012	11.0	2301.4345922470093
101	55.992	31.998774	100.0	-20.0	396.96	8.156571	8.3616905	35.034115	-41.826664	1020000	1.4901161e-08	149.67476	-0.013778548	-50.542896	0.98227406	0.015116266	0.09960996	10.0	2325.0356187820435
102	54.234783	30.15627	90.0	-10.0	405.0435	9.552183	8.310766	35.611168	-40.66886	1030000	-7.450581e-09	131.03578	-0.032848537	-38.381313	0.98155993	0.014868629	0.15411542	79.0	2349.958813905716
103	60.3	30.14504	96.0	-50.0	381.91666	9.180389	9.999567	37.9253	-48.04931	1040000	-6.208817e-09	106.29593	-0.023227379	-29.622534	0.96845555	0.015144256	0.13071306	25.0	2372.5982825756073
104	47.30833	32.69169	80.8	-50.0	399.79166	10.318101	10.107185	39.898277	-42.004345	1050000	-2.2351742e-08	124.038025	-0.018068599	-47.55649	0.96296644	0.0153803555	0.12461246	16.0	2395.4506056308746
105	53.727997	32.507862	96.0	-20.0	383.8	7.7989655	9.236176	39.818012	-30.289497	1060000	1.4901161e-08	138.43845	-0.016404195	-42.03895	0.98339194	0.015056488	0.103310324	15.0	2418.1334669589996
106	46.034786	40.696358	82.0	-30.0	398.43478	9.58405	9.737183	43.134518	-34.750282	1070000	1.3659398e-08	175.3391	-0.02273409	-53.045322	0.9596171	0.0151319755	0.13581358	28.0	2441.487893104553
107	40.725002	44.007153	100.0	-90.0	395.0	7.4005675	10.539167	40.858128	-41.491516	1080000	-1.9868216e-08	168.82243	-0.01968817	-41.78313	0.9750423	0.015205863	0.122112215	22.0	2463.971875667572
108	53.088	34.013977	98.0	-30.0	385.96	7.49653	8.328085	34.05418	-32.25762	1090000	4.967054e-09	168.78233	-0.016461628	-53.915813	0.9746559	0.0150893135	0.117611766	16.0	2487.490758895874
109	66.792	22.654799	96.0	-10.0	369.92	10.241559	8.4354315	37.186935	-36.664894	1100000	-2.483527e-09	105.92911	-0.015702799	-38.465878	0.9821318	0.015328831	0.12781279	12.0	2509.226369380951
110	49.954544	32.83717	96.0	-10.0	428.4091	11.614374	10.1861105	40.423286	-36.492733	1110000	4.967054e-09	129.96967	-0.01712856	-44.1237	0.99130994	0.015302804	0.11991199	14.0	2531.5384442806244
111	56.744	40.742725	94.0	-80.0	384.36	9.943608	9.731435	35.80901	-33.234364	1120000	-4.967054e-09	177.8994	-0.016878849	-51.082977	0.97057486	0.015012133	0.11811181	20.0	2553.821764230728
112	55.756523	31.620905	100.0	-10.0	408.65216	10.4372425	7.861015	35.719273	-36.27767	1130000	1.9868216e-08	123.51257	-0.019148307	-51.659073	0.96239823	0.015284904	0.14701469	15.0	2577.279046058655
113	56.216663	31.91342	100.0	-10.0	393.79166	10.602932	9.0402565	35.64271	-28.500938	1140000	-3.3527613e-08	122.430534	-0.019572122	-35.16167	0.95950836	0.015236144	0.1290129	19.0	2600.4904158115387
114	53.091663	33.095013	100.0	-30.0	408.45834	10.516694	9.804053	38.991222	-41.00743	1150000	-2.483527e-09	137.31036	-0.019594302	-34.622135	0.9568197	0.015120447	0.13051306	23.0	2624.490542650223
115	58.24167	29.184185	96.0	-30.0	396.08334	9.687132	8.85604	34.01457	-42.682323	1160000	1.2417635e-09	111.14814	-0.016002906	-26.2376	0.9874175	0.015156793	0.12781279	14.0	2647.3185420036316
116	55.55833	26.158873	83.2	-10.0	404.08334	10.551225	9.978094	37.97664	-41.29557	1170000	9.934108e-09	147.2675	-0.01638672	-54.781605	0.92563576	0.015526111	0.10611061	17.0	2669.4034197330475
117	64.21667	24.232891	100.0	26.2	401.20834	10.181457	8.774896	34.907013	-39.705925	1180000	9.934108e-09	91.131165	-0.018807802	-38.052425	0.958944	0.015229914	0.11611161	20.0	2692.5358703136444
118	64.09231	29.357807	98.0	-20.0	379.26923	12.465839	8.670015	37.218372	-25.936533	1190000	6.208817e-09	116.567024	-0.011880201	-40.46753	0.94620186	0.015151833	0.07740774	10.0	2715.7107422351837
119	58.21667	27.45262	100.0	-10.0	382.45834	12.056166	8.965556	36.883457	-27.60965	1200000	-9.934108e-09	120.99253	-0.015620102	-42.22074	0.9582541	0.015192439	0.116711676	15.0	2737.831278324127
120	59.767998	27.154707	100.0	-10.0	382.48	11.175253	8.927868	38.729088	-23.499905	1210000	-1.0554989e-08	95.42033	-0.017403392	-32.3565	0.965085	0.015217266	0.11011102	15.0	2761.7366185188293
121	60.716663	28.213646	96.0	-30.0	386.875	11.29425	8.596615	37.733574	-20.553646	1220000	-1.3038516e-08	112.70819	-0.016426926	-35.806255	0.9593875	0.015431798	0.11791179	13.0	2784.295984983444
122	55.192307	33.86391	100.0	-20.0	376.96155	11.415213	7.75571	37.03984	-29.881714	1230000	4.1909516e-09	163.06152	-0.022809347	-51.366367	0.93327695	0.015078891	0.15521552	27.0	2808.0205507278442
123	55.675	29.615469	96.0	-20.0	390.70834	10.2251835	10.138967	38.263565	-36.20233	1240000	-2.483527e-09	114.576195	-0.01700524	-30.789576	0.96855503	0.015406027	0.12631263	17.0	2832.998797416687
124	60.107693	29.229609	94.0	-20.0	369.65384	10.534238	8.429678	33.83676	-40.21605	1250000	0.0	118.64675	-0.015292432	-32.981617	0.9547193	0.015268234	0.11581159	14.0	2857.362091779709
125	55.32	37.66165	100.0	-90.0	381.4	10.8609495	10.679617	37.09718	-36.6574	1260000	-8.692344e-09	188.08119	-0.01898727	-56.919388	0.91157484	0.015304084	0.1240124	28.0	2882.0346920490265
126	54.72	31.525532	96.0	-40.0	382.12	11.01179	9.438053	40.758354	-38.414085	1270000	-4.967054e-09	123.96857	-0.015584818	-47.38982	0.93055683	0.01586432	0.10471047	14.0	2903.9227097034454
127	61.0	29.08012	98.0	-20.0	401.70834	10.27263	10.1668005	41.03809	-28.555391	1280000	-4.967054e-09	128.09814	-0.013914791	-48.558094	0.91629785	0.015361403	0.119711965	14.0	2925.057813167572
128	55.232002	39.16863	96.0	-90.0	370.76	11.866556	9.12963	42.396404	-21.404375	1290000	-2.483527e-09	140.20862	-0.015580699	-46.21367	0.9386577	0.015440802	0.121412136	17.0	2947.6803381443024
129	60.256	30.087898	100.0	-10.0	373.24	11.600153	8.823549	38.95025	-27.371546	1300000	1.4901161e-08	120.25376	-0.018546646	-35.99687	0.9164458	0.015864557	0.11931193	17.0	2970.3329689502716
130	60.492306	40.195915	100.0	-70.0	369.03845	11.854738	10.972964	39.91209	-42.205673	1310000	-1.4901161e-08	130.12299	-0.022723475	-32.147427	0.9446824	0.015116032	0.13061307	36.0	2992.932343482971
131	59.915386	28.813896	100.0	-20.0	374.30768	11.825414	9.736791	41.753292	-40.75856	1320000	4.656613e-09	108.087	-0.016370095	-32.827404	0.9345837	0.015711693	0.11491149	16.0	3016.666296005249
132	60.683334	32.585472	100.0	-20.0	388.0	11.621115	9.11072	41.17284	-43.230637	1330000	-1.4901161e-08	107.39307	-0.013545948	-25.802572	0.91278774	0.01526745	0.104810484	12.0	3039.7539370059967
133	58.954544	27.287554	92.0	-20.0	406.22726	11.372643	8.653769	36.22198	-39.143356	1340000	-9.934108e-09	100.79464	-0.018881962	-34.177254	0.934629	0.015688797	0.13861386	18.0	3061.3667685985565
134	62.328	28.833807	100.0	-20.0	392.52	9.949914	7.42005	37.980637	-29.484678	1350000	2.483527e-09	101.107056	-0.0332884	-28.08167	0.94273883	0.015039551	0.16731673	68.0	3087.08704161644
135	60.74167	26.574642	96.0	-10.0	397.75	11.0210905	9.312186	37.08948	-38.67581	1360000	1.5522043e-09	91.246155	-0.017843608	-22.995806	0.9378354	0.015744252	0.104610465	17.0	3110.44167470932
136	59.84167	30.965948	100.0	-40.0	385.08334	11.461082	8.385235	38.177357	-34.306496	1370000	-3.7252903e-09	104.973015	-0.01649797	-23.706232	0.9374154	0.016017983	0.12781279	16.0	3132.457942724228
137	51.96923	39.947495	100.0	-90.0	372.92307	10.652687	9.930211	34.420357	-36.22047	1380000	4.967054e-09	144.04126	-0.02322782	-36.775143	0.9313545	0.015168696	0.14191419	35.0	3158.3616371154785
138	51.288	35.756783	92.0	-30.0	393.2	11.318545	7.8903584	38.925926	-30.537947	1390000	-1.1175871e-08	212.16449	-0.025415504	-77.286354	0.9123233	0.015004934	0.15711571	43.0	3182.066927909851
139	65.049995	34.901062	98.0	-40.0	388.95834	9.589977	9.75901	39.00901	-42.75625	1400000	7.450581e-09	156.71556	-0.013226659	-62.024338	0.9233481	0.015127505	0.08540854	10.0	3205.175335407257
140	56.754543	28.855185	92.0	-20.0	407.77274	11.359704	9.122643	43.282707	-31.668964	1410000	2.3283064e-08	100.68435	-0.0137848435	-30.694984	0.9096346	0.015239469	0.10361036	12.0	3227.088101863861
141	47.408695	33.371555	88.0	-30.0	413.43478	9.493994	9.522959	36.68959	-31.421467	1420000	-6.208817e-09	136.20107	-0.014885039	-34.719955	0.9074339	0.015011785	0.09730973	13.0	3250.0175955295563
142	62.808334	22.954119	100.0	24.4	392.33334	8.695532	9.658427	35.71883	-33.786694	1430000	8.2266824e-09	112.010506	-0.013470302	-46.815327	0.9303136	0.015125133	0.12971295	10.0	3272.746265888214
143	58.93913	26.123148	100.0	-10.0	399.52173	11.471734	8.763589	36.489407	-29.526438	1440000	-9.934108e-09	129.07806	-0.016922574	-35.787014	0.9563053	0.015123092	0.12271228	18.0	3295.8286294937134
144	63.884617	28.581875	98.0	-10.0	364.96155	11.050178	8.417868	35.37258	-39.709267	1450000	9.934108e-09	126.40232	-0.015367138	-35.640697	0.9540069	0.015922489	0.096209615	13.0	3322.0313317775726
145	61.688004	31.29872	100.0	-30.0	376.04	11.708642	9.370408	34.232292	-32.895554	1460000	-9.934108e-09	140.3421	-0.016502582	-36.853825	0.9462748	0.01501554	0.11881188	15.0	3344.33744931221
146	55.49167	31.216982	100.0	-20.0	391.33334	11.492484	8.763547	43.400707	-25.10132	1470000	8.692344e-09	134.71913	-0.018216662	-38.33846	0.9544602	0.01533384	0.119411945	20.0	3367.181696176529
147	50.168	34.59631	96.0	-50.0	377.52	10.889101	9.642526	38.383526	-31.689432	1480000	1.6453365e-08	156.06544	-0.015821999	-64.8173	0.9565544	0.015739406	0.10441044	13.0	3390.4550149440765
148	70.45	24.847754	98.0	-20.0	386.95834	9.010866	9.453291	34.209763	-30.866898	1490000	3.4769375e-08	101.67518	-0.012451503	-43.90195	0.9312156	0.015748307	0.101510145	10.0	3413.778387784958
149	64.91111	25.83098	100.0	-10.0	358.18518	13.562525	7.9615593	44.19342	-20.808739	1500000	6.208817e-09	115.55292	-0.017647915	-33.902	0.9622638	0.015284955	0.117711775	15.0	3436.0378472805023
150	55.108337	33.201054	94.0	-40.0	390.16666	12.356582	9.287989	38.18255	-27.192442	1510000	-8.692344e-09	131.32056	-0.016529512	-49.0257	0.9563577	0.0153012695	0.13121311	16.0	3458.8937137126923
151	53.224003	31.586088	100.0	-40.0	384.08	10.226861	10.119438	36.984234	-33.63196	1520000	6.2088173e-10	129.88368	-0.020570641	-38.044735	0.97537166	0.015285283	0.12271228	28.0	3482.1358098983765
152	51.841663	42.79404	96.0	-90.0	395.29166	9.728319	9.058921	40.787304	-27.051647	1530000	2.483527e-09	162.25194	-0.016397538	-49.584377	0.91638917	0.015314807	0.12291229	16.0	3506.660763502121
153	55.047997	36.214794	94.0	-60.0	377.56	9.676351	8.65232	45.25508	-20.985056	1540000	1.2417634e-08	139.74364	-0.01823152	-39.221134	0.9620233	0.015224177	0.12801282	18.0	3529.666974544525
154	60.632004	31.096941	98.0	-30.0	376.6	10.64166	8.148382	34.571976	-20.985851	1550000	-1.2417634e-08	141.3835	-0.02059977	-45.82252	0.9552231	0.0151289115	0.118511856	23.0	3552.6186361312866
155	65.871994	23.482069	100.0	14.2	375.84	11.456477	9.234093	40.481167	-29.815224	1560000	4.346172e-09	101.36594	-0.013160634	-23.556448	0.9612438	0.016306952	0.09740975	11.0	3576.103062391281
156	50.83478	34.05993	100.0	-20.0	421.0435	11.65119	8.847085	42.43104	-24.604008	1570000	2.483527e-09	129.61494	-0.022770965	-46.263916	0.93265754	0.015005391	0.13171317	26.0	3598.743597507477
157	58.28696	35.959194	100.0	-60.0	390.26086	9.252923	9.158085	34.57697	-34.273117	1580000	4.967054e-09	129.18513	-0.014006051	-47.54115	0.9427392	0.015135934	0.096909694	13.0	3621.5428619384766
158	58.118187	24.451633	94.0	4.0	431.4091	9.398212	10.107358	39.042736	-33.211975	1590000	0.0	103.50068	-0.013676087	-40.909718	0.9412548	0.016060382	0.09640964	9.0	3643.361872434616
159	65.61667	25.091759	96.0	-10.0	387.45834	10.613863	8.1995125	39.750072	-38.057163	1600000	2.4835268e-08	99.5296	-0.017778268	-26.947165	0.93412846	0.0151514225	0.120312035	18.0	3666.8114840984344
160	59.18334	31.961067	100.0	-10.0	386.08334	12.037373	9.227914	37.92112	-35.71627	1610000	0.0	128.15312	-0.0195996	-27.521513	0.93019915	0.015527117	0.121012114	24.0	3689.235397338867
161	62.688	27.481607	100.0	-40.0	371.64	11.586763	9.612297	37.761982	-35.135727	1620000	7.450581e-09	105.48603	-0.014380053	-28.481804	0.9540069	0.015712814	0.10421043	12.0	3710.8041627407074
162	68.26923	20.580719	100.0	32.8	370.42307	12.677215	8.028718	37.560253	-18.508736	1630000	1.4901161e-08	86.615486	-0.015620704	-26.508575	0.97324914	0.015719375	0.119611956	14.0	3732.8358817100525
163	60.600002	36.68038	100.0	-50.0	397.82608	13.358768	8.286438	42.09222	-26.329693	1640000	1.4901161e-08	139.48401	-0.0214201	-48.839508	0.9474321	0.015291649	0.14621462	26.0	3756.3822433948517
164	61.928	26.693094	96.0	-10.0	394.8	11.472414	8.828009	40.262653	-19.575731	1650000	-1.7384687e-08	106.389404	-0.017283997	-30.583939	0.9418537	0.015719792	0.116811685	15.0	3779.2074387073517
165	54.133335	26.630161	90.4	-20.0	408.79166	12.0611105	7.991673	40.664375	-26.994045	1660000	7.450581e-09	137.36641	-0.013521177	-56.894604	0.9244247	0.015314556	0.118811876	12.0	3802.946240901947
166	60.744	26.868183	100.0	-10.0	386.48	9.835016	8.4303875	40.524418	-22.96615	1670000	0.0	107.97076	-0.020893848	-31.4319	0.94283086	0.01502647	0.12541254	23.0	3827.1259241104126
167	66.01481	21.426735	96.0	0.4	356.48148	11.943454	8.191068	38.47129	-26.07159	1680000	9.934108e-09	98.59515	-0.015445103	-30.596556	0.95256025	0.01542255	0.107310735	16.0	3851.0186998844147
168	67.06923	19.745686	100.0	23.8	366.26923	13.526581	7.723759	43.191612	-18.836246	1690000	-1.8626451e-09	89.973724	-0.024730524	-20.646646	0.9649021	0.015302	0.14111412	36.0	3876.540558576584
169	56.927998	28.587208	96.0	-40.0	374.04	12.819981	7.6647596	41.96959	-24.309729	1700000	1.1175871e-08	117.051735	-0.015436198	-35.583923	0.94840974	0.015944082	0.10111012	14.0	3898.937313079834
170	62.432003	19.135532	100.0	25.0	388.92	10.856464	8.00538	38.75408	-23.843975	1710000	-7.450581e-09	86.686806	-0.0151765	-30.207886	0.93220425	0.015134373	0.10061007	12.0	3924.347558736801
171	71.9	19.855652	98.0	29.8	363.65384	12.4377575	7.45437	42.221844	-20.759083	1720000	-1.9868216e-08	90.21047	-0.013078441	-23.512772	0.94900656	0.015266302	0.09750975	15.0	3947.7504193782806
172	69.85	19.65376	100.0	14.0	346.10715	14.738955	7.23568	43.759777	-13.823492	1730000	0.0	76.72523	-0.016431263	-21.955948	0.964106	0.015662849	0.10571057	14.0	3972.997057199478
173	55.544	30.317917	100.0	-20.0	385.92	13.363759	9.036037	41.546436	-22.759193	1740000	-1.4901161e-08	125.494995	-0.016131679	-44.04326	0.9600554	0.015558414	0.11231124	16.0	3995.287397623062
174	56.104004	33.26322	96.0	-50.0	383.64	10.775577	8.959854	38.551113	-30.082495	1750000	-8.692344e-09	123.50892	-0.024747247	-30.173553	0.9414418	0.015045524	0.14251424	43.0	4020.3035674095154
175	67.921425	24.868128	100.0	-30.0	337.85715	10.850968	8.26065	35.310646	-28.960745	1760000	4.967054e-09	130.36365	-0.02048195	-49.256916	0.92595965	0.015398699	0.12661266	23.0	4044.4695785045624
176	58.615383	28.689474	98.0	-30.0	369.23077	14.161266	8.4087305	43.820465	-21.394716	1770000	2.483527e-09	130.41707	-0.02025001	-32.106537	0.9120267	0.015091717	0.13061306	26.0	4066.690536260605
177	50.0	36.41348	92.0	-20.0	369.76923	12.14236	8.352438	39.78939	-19.01405	1780000	-6.208817e-09	178.55476	-0.018623842	-57.620605	0.9210799	0.015019354	0.11421142	19.0	4090.5944271087646
178	55.977776	27.23404	94.0	-10.0	357.74075	9.406792	10.30322	39.638176	-32.71762	1790000	-2.2351742e-08	136.20277	-0.0153514175	-36.772766	0.89107686	0.015325032	0.101310134	14.0	4114.335986614227
179	70.72307	23.98269	100.0	-20.0	368.07693	11.248727	9.175549	41.383	-36.28024	1800000	-1.9868216e-08	122.9997	-0.01393	-39.273216	0.91802883	0.015034054	0.11111111	14.0	4138.199760437012
180	58.007404	31.004393	90.0	-20.0	369.1111	12.64151	9.687142	39.80944	-26.047956	1810000	-9.934108e-09	137.76741	-0.01657929	-45.940586	0.86971825	0.015121172	0.11231122	15.0	4161.091085910797
181	67.825005	18.823593	98.0	12.0	383.45834	11.45116	9.55966	42.383877	-31.032822	1820000	-7.450581e-09	83.31008	-0.013281277	-27.397642	0.8902857	0.015288278	0.083108306	10.0	4183.498168706894
182	65.37501	19.865072	100.0	23.8	393.5	12.212031	9.049919	40.085163	-37.61627	1830000	-7.450581e-09	94.71421	-0.014766969	-29.800695	0.8912149	0.015159138	0.09830984	14.0	4206.012588024139
183	55.288	32.34262	94.0	-20.0	376.68	12.73723	8.126203	36.997776	-26.072662	1840000	-1.1719142e-08	166.16982	-0.028604513	-58.218945	0.89182824	0.0150916865	0.14071406	56.0	4229.85328745842
184	55.22963	31.982899	86.8	-20.0	361.18518	10.323061	9.32894	38.52981	-26.444302	1850000	-1.3154931e-08	135.70123	-0.01536307	-36.377213	0.8684537	0.015040676	0.10741074	15.0	4253.474900484085
185	69.75	20.834126	98.0	10.0	381.83334	10.155431	10.497826	46.41116	-32.24707	1860000	-7.450581e-09	126.63082	-0.015059363	-60.01257	0.92327094	0.015434441	0.10231023	12.0	4274.350029706955
186	55.8	34.48	98.0	-30.0	383.88	13.140156	8.694038	39.53853	-29.717617	1870000	-6.2088173e-10	155.89388	-0.019603148	-56.329388	0.92259926	0.015068729	0.1290129	25.0	4297.294775009155
187	57.069565	29.429214	100.0	-20.0	405.56522	10.802642	9.524917	37.370373	-40.15083	1880000	-2.483527e-09	108.819084	-0.011903298	-30.660425	0.89384174	0.01517691	0.09370937	11.0	4321.102188587189
188	62.536	28.999071	100.0	-40.0	375.52	10.966606	8.096511	40.205368	-26.319092	1890000	-2.483527e-09	118.92795	-0.020995848	-35.38997	0.86925507	0.015107284	0.119511954	26.0	4343.44030880928
189	69.251854	17.796844	100.0	29.8	361.48148	11.966429	9.496207	45.558914	-31.590767	1900000	-6.2088173e-10	91.7416	-0.018845925	-30.207693	0.91030604	0.0151848765	0.106410645	22.0	4368.594714641571
190	61.908337	21.201649	96.0	10.0	391.95834	13.027533	8.324346	39.254047	-26.102564	1910000	-1.9247333e-08	78.66839	-0.017080056	-24.36554	0.90874237	0.015994204	0.108210824	16.0	4390.606976985931
191	63.992596	27.793657	96.0	-50.0	356.51852	12.879683	8.14604	38.585327	-15.065649	1920000	0.0	127.2883	-0.014571052	-39.3788	0.8960522	0.015216693	0.10771077	14.0	4415.529879570007
192	61.392002	29.669943	97.0	-20.0	374.08	12.447192	8.868456	42.090137	-32.20698	1930000	-2.2351742e-08	138.40851	-0.0148958	-38.96881	0.88962275	0.015523468	0.116711676	15.0	4441.218069314957
193	63.423077	24.26947	94.0	-20.0	368.5	11.744786	8.41631	38.377686	-30.278778	1940000	4.967054e-09	107.47903	-0.012612667	-30.216375	0.87991595	0.01529177	0.09130913	10.0	4462.876615047455
194	58.850002	26.981493	86.0	-30.0	394.58334	10.864503	8.18954	38.83357	-31.415907	1950000	1.3038516e-08	107.59962	-0.012691016	-28.19107	0.8722088	0.01554625	0.11131114	11.0	4485.835792064667
195	62.607998	23.508806	89.2	-20.0	384.72	11.487884	8.30518	40.190903	-26.099785	1960000	-2.4214387e-08	110.21595	-0.013733561	-33.045578	0.8924058	0.015055244	0.09980998	12.0	4509.905249595642
196	62.069233	29.335667	92.0	-50.0	366.57693	12.316316	8.672114	38.395348	-21.796856	1970000	-9.934108e-09	120.63259	-0.013060694	-41.204243	0.8661105	0.015438265	0.10001	12.0	4532.608022928238
197	64.74074	26.650318	100.0	-30.0	359.5926	12.136706	8.857809	37.834846	-22.052189	1980000	-6.829699e-09	106.7797	-0.012944383	-32.752216	0.90901464	0.015244302	0.09730973	11.0	4557.401221752167
198	62.708332	28.160313	94.0	-10.0	386.54166	12.848532	8.526536	39.916004	-28.059483	1990000	2.483527e-09	121.826965	-0.011383784	-37.928173	0.8904689	0.015274152	0.1040104	10.0	4580.629005908966
199	68.46667	20.09518	94.0	14.2	349.7037	11.245461	8.738921	38.068417	-24.336487	2000000	-1.2417634e-08	102.829445	-0.016102878	-38.12734	0.907188	0.015647935	0.1369137	15.0	4606.193339347839
200	64.0963	35.380234	100.0	-70.0	342.77777	13.779558	8.5409775	44.450485	-22.265789	2010000	-3.4769375e-08	161.47304	-0.012084653	-56.151814	0.87607986	0.015540238	0.09640964	10.0	4630.048442840576
201	65.72592	22.183287	90.0	-10.0	358.4074	12.710115	7.644202	34.54646	-25.397234	2020000	2.7318796e-08	109.49411	-0.027954465	-37.026516	0.8836295	0.015118352	0.1551155	75.0	4654.365319252014
202	68.968	18.141813	98.0	12.4	364.04	12.151201	9.9858465	37.29239	-27.806005	2030000	9.934108e-09	84.91968	-0.014284463	-27.173746	0.8696092	0.015717547	0.101510145	11.0	4677.350430965424
203	63.716663	20.200817	98.0	14.2	394.41666	12.855405	8.79465	46.696083	-24.352423	2040000	-1.094304e-08	95.621666	-0.014772053	-38.600513	0.85244846	0.01529216	0.111911185	13.0	4699.640748023987
204	65.684616	24.512989	94.0	-10.0	366.80768	12.560424	8.116755	35.8351	-19.094082	2050000	1.8626451e-08	88.26761	-0.02201344	-28.043863	0.8709919	0.015192409	0.12581258	29.0	4725.126268386841
205	61.767998	39.37982	100.0	-90.0	382.88	12.56323	9.265518	38.509163	-26.013237	2060000	1.3038516e-08	153.95229	-0.02456027	-45.682186	0.8193608	0.015010097	0.1350135	50.0	4749.327622413635
206	66.08461	29.662315	96.4	-20.0	365.76923	12.499376	8.572561	35.082195	-34.29852	2070000	-1.0554989e-08	141.59836	-0.017357772	-46.410202	0.86218196	0.015307136	0.12171217	15.0	4775.254764795303
207	63.515385	23.229303	100.0	4.6	370.3846	12.755398	9.446662	37.45457	-29.712423	2080000	9.934108e-09	102.91018	-0.013944499	-26.895576	0.8885493	0.015074623	0.115911596	11.0	4798.558215379715
208	62.168	26.59604	96.0	-20.0	373.88	13.399429	8.458812	35.861732	-21.358229	2090000	-1.5522042e-08	153.77824	-0.01567286	-57.159985	0.8779845	0.015006174	0.11821183	16.0	4819.875516653061
209	52.16522	34.498528	96.0	-30.0	406.65216	12.836905	7.92426	39.36092	-31.821854	2100000	1.8626451e-09	151.72401	-0.022177437	-52.234833	0.85320073	0.015062225	0.12071207	35.0	4843.582251548767
210	70.96	18.719059	92.0	28.6	377.2	9.899866	8.055322	35.03971	-30.29601	2110000	1.9868216e-08	96.292274	-0.014538479	-34.74817	0.8541066	0.015038836	0.10231023	14.0	4865.635067224503
211	63.56922	24.488031	94.0	-20.0	369.26923	12.877125	9.037171	42.13491	-20.998537	2120000	-2.483527e-09	86.87914	-0.013684577	-21.488306	0.86132926	0.01564908	0.104010396	14.0	4888.3013780117035
212	70.672	15.807126	100.0	46.0	378.24	12.948952	8.626958	39.37119	-25.510141	2130000	1.0554989e-08	72.5424	-0.014333699	-23.13756	0.8691756	0.015557555	0.10091009	12.0	4911.274464845657
213	58.44	28.482304	94.0	-20.0	387.28	13.347083	8.71634	38.734	-33.75857	2140000	2.8560558e-08	122.07491	-0.013654381	-39.778725	0.85059685	0.016026152	0.10881088	14.0	4933.5276918411255
214	67.169235	33.526695	100.0	-80.0	375.3846	12.027744	9.063445	39.24227	-35.28913	2150000	8.071463e-09	128.94781	-0.012966658	-40.6396	0.8332934	0.015788512	0.08580858	13.0	4957.170511722565
215	64.41818	19.314236	94.0	16.0	437.68182	12.629799	9.005828	40.304684	-43.646736	2160000	-2.499049e-08	93.26508	-0.012507374	-33.28914	0.8081209	0.015079918	0.103910394	11.0	4979.917497396469
216	71.97857	13.654548	100.0	48.0	340.14285	12.101209	7.404004	43.14136	-18.630062	2170000	-1.9557774e-08	95.61118	-0.01220083	-33.456112	0.85812765	0.015177918	0.091709174	13.0	5002.892604351044
217	62.512	31.752396	100.0	-10.0	392.76	14.066278	8.357892	40.96354	-27.566662	2180000	0.0	123.48563	-0.017634949	-48.56897	0.82780474	0.015123016	0.12341234	20.0	5027.178277492523
218	51.607693	36.25107	94.0	-60.0	363.53845	12.01222	9.251205	40.742367	-26.869814	2190000	-4.967054e-09	164.03513	-0.015756555	-54.23825	0.83398706	0.015397687	0.11761176	16.0	5050.936685085297
219	66.03637	24.671415	96.0	-10.0	424.0	8.523846	10.075496	34.096325	-27.15276	2200000	1.2417635e-09	110.987526	-0.019201363	-55.635162	0.8273962	0.015026146	0.09670967	18.0	5073.053978204727
220	56.05	26.427149	88.0	-20.0	405.95834	11.961973	8.024324	36.614727	-26.848402	2210000	-2.483527e-09	142.96745	-0.019527689	-51.440205	0.83047175	0.01519047	0.12941293	35.0	5097.631731748581
221	69.25454	15.908509	95.8	36.4	413.0909	10.156755	8.574455	35.780666	-20.621456	2220000	7.450581e-09	75.93737	-0.016459681	-32.05337	0.8040924	0.0156052485	0.12671268	14.0	5119.8939752578735
222	61.48	31.073383	100.0	-10.0	376.32	11.782883	8.488985	39.538353	-21.071434	2230000	1.9868216e-08	126.74288	-0.013758231	-43.01483	0.8432336	0.015813215	0.0930093	11.0	5147.380557060242
223	52.033337	34.008465	94.0	-30.0	389.375	11.103806	9.0170355	34.314045	-22.401234	2240000	0.0	160.36244	-0.01923991	-53.64619	0.8152633	0.015019976	0.12441244	23.0	5171.119872093201
224	63.409092	22.69429	100.0	2.0	413.86365	9.288215	10.12414	35.015892	-29.769394	2250000	9.934108e-09	99.60095	-0.020521013	-40.02701	0.83927506	0.015442994	0.14261426	20.0	5193.7778236866
225	67.704	24.129261	100.0	-20.0	395.44	10.946885	7.7435203	34.441963	-26.693184	2260000	3.7252903e-09	113.47613	-0.015772244	-27.396643	0.8185491	0.015210883	0.10711072	18.0	5218.999208688736
226	63.88	21.776318	94.0	3.4	378.88	12.724107	8.096983	36.321457	-21.479494	2270000	-1.4901161e-08	88.10204	-0.0132844	-26.022875	0.8532839	0.015463196	0.10121012	12.0	5241.560254812241
227	68.525	25.481289	96.0	-30.0	382.125	11.861524	8.093712	37.10908	-27.761797	2280000	-1.4280279e-08	105.56231	-0.017125884	-27.495642	0.8378399	0.015378997	0.12641264	20.0	5265.252467393875
228	67.591995	21.392895	96.0	8.8	390.04	12.386256	8.970047	41.432194	-25.559786	2290000	-1.8626451e-09	80.334	-0.012756546	-26.753172	0.8336347	0.015075755	0.10131013	10.0	5288.615151166916
229	61.304348	23.239613	94.0	-20.0	406.9565	12.4583435	9.165561	35.771725	-33.56753	2300000	1.1175871e-08	102.406166	-0.015897572	-31.672592	0.8154667	0.015170332	0.11141115	16.0	5311.283482313156
230	70.01667	22.66899	98.0	-10.0	388.58334	10.807936	9.3611	33.908882	-40.38335	2310000	-4.967054e-09	111.33017	-0.02619415	-51.17892	0.82431895	0.015316981	0.1440144	51.0	5336.12126159668
231	57.54783	30.489183	88.0	-10.0	393.34784	12.421531	8.254928	38.795364	-15.818712	2320000	1.9868216e-08	120.02823	-0.019043433	-40.650455	0.81020385	0.01508218	0.10271028	22.0	5360.056655883789
232	68.168	24.671972	96.0	-10.0	382.48	11.389394	8.487835	37.995136	-24.972874	2330000	-8.071463e-09	89.69492	-0.01548428	-23.981009	0.8330951	0.015999453	0.13311331	14.0	5382.879146099091
233	62.747826	25.598995	100.0	-10.0	406.78262	12.67142	9.692709	40.037537	-28.645742	2340000	-7.450581e-09	95.27197	-0.015125655	-27.198889	0.80393547	0.015156028	0.09440944	18.0	5406.198899030685
234	71.91852	16.93143	98.0	27.4	364.2963	11.750447	8.922319	37.664234	-26.762323	2350000	-5.5879354e-09	88.78775	-0.011647881	-34.968792	0.8318731	0.015598044	0.10391039	12.0	5430.337469816208
235	73.97037	15.439795	100.0	34.0	358.1111	14.628171	8.038718	40.55937	-25.846916	2360000	-2.483527e-09	73.42225	-0.015243068	-17.508371	0.81031436	0.015396968	0.11041104	16.0	5453.432512521744
236	62.82963	32.54411	92.0	-80.0	358.44446	14.617594	8.490124	40.39701	-23.433714	2370000	1.4901161e-08	125.972084	-0.011576866	-41.1167	0.8168376	0.016193805	0.097709775	11.0	5477.953907728195
237	66.992	20.093819	92.0	4.0	381.84	13.446581	7.2179604	37.412445	-18.647297	2380000	3.973643e-08	92.260376	-0.02636323	-27.766556	0.8166301	0.015003867	0.12761277	49.0	5502.611060619354
238	73.740746	15.368444	98.0	40.0	353.18518	14.156472	8.0793	37.723324	-27.813503	2390000	-1.2417635e-09	74.51777	-0.013297911	-19.773872	0.8011767	0.015415159	0.10851085	12.0	5524.9789361953735
239	66.58462	23.582779	100.0	-20.0	363.30768	15.138138	8.795472	40.55732	-14.424742	2400000	-4.0357313e-09	114.474464	-0.015530456	-24.158478	0.82151055	0.015530902	0.1350135	18.0	5550.02549290657
240	66.314285	27.793135	98.0	-10.0	335.32144	14.1677265	8.4626465	38.953465	-20.669436	2410000	-4.967054e-09	130.27965	-0.012024197	-32.339184	0.8252575	0.015674775	0.09910991	11.0	5572.399912595749
241	73.723076	17.870739	100.0	38.2	361.92307	13.657995	9.673912	40.774944	-37.90092	2420000	3.7252903e-09	91.06809	-0.0132787535	-28.90893	0.8069008	0.015254886	0.09580958	13.0	5595.466873407364
242	64.339134	22.685863	98.0	-10.0	402.65216	14.062918	8.863922	35.715446	-18.507133	2430000	1.6142925e-08	87.60122	-0.014725077	-27.413454	0.7966924	0.015363152	0.1020102	15.0	5618.414210319519
243	57.75	30.376154	90.4	-10.0	405.25	12.313552	8.553744	37.343777	-16.824072	2440000	9.934108e-09	110.60563	-0.01827939	-38.477116	0.77156895	0.01501231	0.12081208	21.0	5640.3967461586
244	68.271996	22.352585	96.0	20.0	388.32	10.809391	9.314338	37.898434	-25.52379	2450000	9.313226e-10	101.130165	-0.015215479	-40.61694	0.80497485	0.016010514	0.12711273	14.0	5664.804769992828
245	72.56923	17.002596	100.0	33.4	365.03845	13.633047	7.1969647	36.075813	-15.579626	2460000	-2.2972623e-08	77.79917	-0.024391942	-20.297089	0.76658773	0.015240342	0.13761376	49.0	5689.56242442131
246	68.207695	17.504328	96.0	34.0	369.8846	14.414002	7.885306	41.57492	-13.170331	2470000	1.9868216e-08	75.7519	-0.011872408	-19.59347	0.79779667	0.0160483	0.083808385	11.0	5712.876234054565
247	71.224	16.625793	100.0	42.4	376.36	13.6958685	7.916427	39.931255	-11.600985	2480000	9.934108e-09	72.20391	-0.0136457505	-19.599955	0.7775374	0.015110758	0.091509156	14.0	5736.380383014679
248	69.333336	20.624115	96.0	-10.0	352.55554	13.433622	8.13301	37.59179	-24.015877	2490000	-3.4769375e-08	89.95734	-0.010570039	-24.44856	0.7865985	0.01604444	0.11841184	9.0	5759.503653764725
249	66.74167	26.85172	100.0	-30.0	384.33334	13.498445	9.107856	38.859024	-28.222527	2500000	-4.967054e-09	88.13209	-0.012045418	-23.976954	0.7783949	0.015661348	0.12371237	12.0	5781.728047847748
