Epoch	AverageEpRet	StdEpRet	MaxEpRet	MinEpRet	EpLen	AverageVVals	StdVVals	MaxVVals	MinVVals	TotalEnvInteracts	LossPi	LossV	DeltaLossPi	DeltaLossV	Entropy	KL	ClipFrac	StopIter	Time
0	94.76666	6.8438945	100.0	72.4	200.27083	28.668455	14.632223	59.90658	-21.610203	10000	-1.1175871e-08	39.224648	-0.00977229	-9.848066	0.47798315	0.015306562	0.08610862	8.0	32.122419595718384
1	95.504005	4.8276267	100.0	77.8	192.8	28.955223	13.9272	57.829903	-8.184514	20000	-1.5366822e-08	39.457108	-0.008142215	-8.735071	0.48674068	0.017420823	0.08980898	8.0	58.6976273059845
2	95.91372	4.5652146	100.0	79.6	190.54903	29.493942	13.464566	59.18505	-9.083085	30000	-4.346172e-09	28.300192	-0.007990981	-5.6206994	0.49269798	0.015313222	0.10861087	10.0	85.60277652740479
3	95.75	4.781676	100.0	76.0	186.8077	30.047312	13.319496	59.704033	-6.6368027	40000	-2.7939677e-09	38.960262	-0.0074594137	-7.6586704	0.46822104	0.015865574	0.09540954	10.0	113.34112191200256
4	94.6	6.496645	100.0	68.8	192.88	29.424913	14.035051	60.28246	-8.215248	50000	-1.6142925e-08	44.090397	-0.009743507	-11.47258	0.46208072	0.015173716	0.08920892	13.0	140.8685109615326
5	96.19231	7.3526506	100.0	51.4	187.86539	29.258755	13.891456	60.96761	-17.314344	60000	-8.071463e-09	42.36175	-0.0071699284	-11.381619	0.46076214	0.015624422	0.084908485	10.0	169.41185402870178
6	97.037735	3.1095853	100.0	86.0	183.22641	30.398296	13.850367	60.175255	-6.476475	70000	7.450581e-09	31.805582	-0.0073777833	-5.82476	0.44046816	0.015181411	0.084608465	14.0	197.42306780815125
7	96.327995	5.361307	100.0	70.6	193.34	29.462234	14.699657	62.810337	-14.090368	80000	-1.2417635e-09	43.418903	-0.009289002	-12.665042	0.45040306	0.015258436	0.070707075	8.0	224.92230200767517
8	95.99607	4.8942523	100.0	74.0	187.50981	29.861729	14.132704	61.663498	-9.706169	90000	0.0	34.71912	-0.017331325	-7.3001513	0.44044328	0.014609846	0.10771077	79.0	255.04988741874695
9	96.1	8.519178	100.0	40.6	192.64	29.111866	14.123855	62.73745	-12.270019	100000	-8.692344e-09	42.068615	-0.0105397105	-10.452944	0.44064292	0.015750466	0.08270828	11.0	283.81077122688293
10	96.14	5.6746807	100.0	74.2	194.28	29.661224	14.157874	61.916748	-3.2774765	110000	1.1175871e-08	35.2002	-0.016920717	-9.906726	0.44724432	0.015122901	0.09820982	54.0	312.1422293186188
11	95.356865	9.360184	100.0	49.0	194.13725	28.463766	14.561304	61.57992	-14.339473	120000	-3.1044085e-08	45.6528	-0.010935104	-10.38819	0.43689564	0.015033967	0.085808575	13.0	341.3357639312744
12	95.29796	6.0837855	100.0	71.2	197.14285	28.747513	14.213768	61.16801	-11.593045	130000	-1.21071935e-08	38.75385	-0.008532649	-10.317954	0.44004163	0.015367388	0.09840984	10.0	367.2085027694702
13	96.44231	4.433671	100.0	76.0	185.25	29.589073	13.791865	60.968056	-8.834096	140000	-1.7190663e-08	35.109394	-0.007633167	-8.474617	0.42380324	0.015907139	0.0850085	13.0	395.2771465778351
14	95.905876	4.351309	100.0	84.4	190.13725	28.981133	14.801336	61.06584	-9.523842	150000	1.3659398e-08	40.34901	-0.008393543	-10.426016	0.448053	0.015504842	0.09850985	9.0	424.2987310886383
15	95.025	5.43486	100.0	71.8	201.29167	28.417574	14.210726	59.65726	-10.227308	160000	-2.483527e-09	34.94921	-0.013131107	-9.1270075	0.44476917	0.01507578	0.09130913	20.0	450.655633687973
16	96.723076	4.0138516	100.0	82.6	187.28847	29.269342	13.695443	62.95726	-8.838471	170000	-1.5522042e-08	37.658176	-0.0074228365	-8.041988	0.43588677	0.015165411	0.10181019	8.0	477.5295510292053
17	94.51429	13.830283	100.0	4.6	197.04082	29.17692	14.43689	60.486618	-22.297728	180000	1.2417634e-08	49.859577	-0.0118122995	-20.366112	0.44702992	0.015212306	0.09480948	14.0	505.67146611213684
18	95.02449	7.315137	100.0	68.0	195.46939	27.922768	15.6376705	62.421642	-24.995077	190000	2.3593506e-08	45.914204	-0.0138480775	-14.610969	0.43828955	0.015764965	0.10631063	22.0	532.1490490436554
19	95.91373	6.6498127	100.0	59.2	187.43137	28.654638	14.884349	61.87797	-15.241424	200000	0.0	35.26827	-0.00716475	-8.805879	0.43397072	0.015069469	0.09490949	9.0	559.8182232379913
20	95.96604	4.3720794	100.0	82.0	183.4717	30.034843	14.2505245	63.34682	-6.063538	210000	-1.2417635e-09	31.535181	-0.012058566	-5.9858456	0.43115568	0.015226956	0.09490949	23.0	588.7809035778046
21	95.484	4.569305	100.0	82.6	192.98	29.338657	14.445439	60.467857	-14.210629	220000	9.934108e-09	37.686764	-0.007505639	-6.9732404	0.42836103	0.015583689	0.07090709	12.0	616.5622351169586
22	95.97646	4.936244	100.0	78.4	190.58824	29.278725	14.29818	61.21939	-14.671114	230000	1.4901161e-08	35.531097	-0.00903098	-6.5971794	0.43322703	0.015238486	0.076807685	11.0	645.414270401001
23	95.93963	5.8509264	100.0	71.2	182.94339	30.105343	14.10639	60.048733	-15.262232	240000	-2.6697913e-08	36.837463	-0.0077094566	-7.90116	0.43997237	0.016415963	0.0880088	9.0	671.5165455341339
24	94.504005	9.885847	100.0	35.8	194.48	29.06562	14.79908	62.0637	-22.338362	250000	-8.071463e-09	49.733356	-0.010317867	-13.066849	0.44143546	0.015917629	0.096009605	12.0	699.423910856247
25	94.52801	9.622039	100.0	44.8	195.42	28.366661	14.389197	60.785526	-18.082846	260000	-1.7074248e-09	43.238415	-0.008526091	-11.870435	0.4376748	0.015846947	0.08530853	10.0	728.0484228134155
26	86.692	33.56344	100.0	-60.0	195.7	27.67345	14.799803	60.490032	-19.449966	270000	4.346172e-08	182.84137	-0.010029781	-85.24709	0.44764066	0.017241685	0.084708475	9.0	754.5144393444061
27	96.94616	3.5274997	100.0	84.4	189.0	27.899363	14.795103	57.52549	-23.531883	280000	1.0244548e-08	43.96541	-0.011725628	-18.047136	0.42903093	0.015281226	0.08860886	18.0	782.8364317417145
28	91.53061	19.025593	100.0	-10.0	199.30612	27.62948	16.701004	59.505943	-25.269825	290000	-1.7384687e-08	74.57563	-0.017811654	-40.177658	0.43845502	0.015124197	0.108310826	32.0	812.5285043716431
29	94.85834	5.3707476	100.0	80.0	202.625	26.861832	16.815248	59.635612	-28.151684	300000	-1.2417635e-09	52.5047	-0.014867871	-22.555086	0.43111953	0.015116692	0.097709775	24.0	840.5024418830872
30	93.755104	17.055744	100.0	-20.0	196.46939	27.965595	14.958861	59.054638	-35.24007	310000	6.829699e-09	65.39346	-0.017722886	-21.923447	0.43339774	0.015501857	0.11311132	24.0	868.3960614204407
31	95.53334	6.552792	100.0	61.0	189.9804	29.217796	14.246939	58.90419	-10.437175	320000	1.8626451e-08	49.480762	-0.009593489	-11.828999	0.43389884	0.015143053	0.080008	12.0	895.9974820613861
32	96.215096	4.083441	100.0	82.0	184.5849	30.149242	13.413917	61.120262	-6.632348	330000	-3.5079818e-08	35.69296	-0.01281201	-7.206655	0.42671013	0.015169374	0.10031003	36.0	925.0532422065735
33	95.21633	7.014252	100.0	59.8	198.08163	28.394602	15.584991	61.56648	-25.056133	340000	6.2088173e-10	46.767197	-0.012025165	-13.316258	0.43929216	0.015091329	0.08990899	16.0	953.1568098068237
34	96.75294	3.0769448	100.0	90.0	190.47058	29.17572	14.205469	58.80965	-0.7241205	350000	-5.2774944e-09	36.69027	-0.010341833	-9.443749	0.42363748	0.015144507	0.095409535	15.0	983.0366864204407
35	96.16227	6.558193	100.0	66.4	185.33963	29.822021	14.043092	60.928146	-12.328302	360000	1.7384687e-08	38.71164	-0.014471576	-9.295939	0.42827335	0.015010073	0.10651066	59.0	1012.8244922161102
36	96.67844	5.015283	100.0	69.4	189.47058	29.551537	15.000928	61.453957	-7.176607	370000	-8.692344e-09	40.251553	-0.014768321	-8.742323	0.4251585	0.015189145	0.101910196	42.0	1042.7975878715515
37	96.18367	5.8836102	100.0	63.4	193.61224	28.84141	14.6153	60.925915	-9.556894	380000	-1.14863115e-08	34.898422	-0.008225051	-7.8715196	0.42091778	0.015427361	0.09570956	9.0	1071.1223294734955
38	96.70189	4.736151	100.0	77.8	184.37737	30.108463	14.024343	59.60779	-14.445094	390000	4.5945246e-08	28.83953	-0.0070234616	-4.7948966	0.41458908	0.0151541075	0.080208026	14.0	1100.3344283103943
39	96.947174	3.8793404	100.0	85.0	182.62263	30.273272	14.280626	60.49882	-17.32281	400000	6.2088173e-10	32.87957	-0.0083048465	-5.542547	0.4146287	0.015508299	0.085708566	10.0	1128.3229582309723
40	96.73726	3.4580941	100.0	85.6	186.15686	30.548891	14.068126	60.508717	-1.1786917	410000	2.4835268e-08	37.557312	-0.006943797	-9.767236	0.41462746	0.015208925	0.1029103	9.0	1156.514476776123
41	88.51154	34.28748	100.0	-80.0	183.96153	29.686277	14.334221	61.701855	-4.1995354	420000	1.7384687e-08	152.98972	-0.0064245146	-47.446705	0.41949642	0.015081108	0.08140814	17.0	1185.0103731155396
42	95.513214	5.3872676	100.0	71.8	185.43396	29.040352	13.462098	57.832504	-10.403454	430000	-1.086543e-08	50.5515	-0.009844121	-17.243525	0.43085036	0.015068916	0.0840084	15.0	1211.6392149925232
43	95.05882	7.3515954	100.0	53.8	188.76471	29.392258	14.081436	61.065926	-15.819772	440000	-1.4901161e-08	37.49387	-0.0107490355	-7.655502	0.42409682	0.015353535	0.09480948	14.0	1239.1948976516724
44	96.15385	3.700232	100.0	86.0	187.67308	29.826124	13.910475	59.90556	-14.528185	450000	-2.8560558e-08	33.3819	-0.0063838004	-5.766031	0.42336407	0.01595161	0.08340833	8.0	1266.77658700943
45	95.40392	5.806216	100.0	74.0	191.11765	29.183525	14.06275	60.923664	-4.8713207	460000	0.0	33.755527	-0.007109184	-5.0261536	0.4201735	0.015425682	0.080408044	12.0	1295.4277477264404
46	95.21133	4.988048	100.0	73.6	186.45284	29.444782	14.064512	60.278564	-7.492891	470000	-7.761021e-09	32.790592	-0.010759539	-6.3725915	0.4357574	0.015071022	0.08510851	21.0	1325.5584042072296
47	95.59599	4.9697466	100.0	78.4	192.92	28.751486	14.63297	61.412445	-10.527612	480000	-1.4901161e-08	38.875774	-0.008414248	-12.34626	0.43685865	0.015053731	0.09740975	10.0	1352.2268557548523
48	95.6549	4.739666	100.0	77.8	193.15686	29.240332	13.973962	60.01317	-16.056644	490000	2.4524828e-08	28.731325	-0.007463602	-7.4710736	0.43041518	0.015325916	0.07550755	10.0	1380.774783372879
49	94.184006	6.2340794	100.0	70.0	195.5	28.57996	14.269896	60.191586	-12.645302	500000	-3.228585e-08	35.74418	-0.011423654	-5.841705	0.42669556	0.0150081245	0.086308636	29.0	1409.438631772995
50	94.364006	5.2650833	100.0	76.0	191.6	28.242949	14.385508	60.0047	-8.9235325	510000	-6.829699e-09	32.785976	-0.014082796	-5.5986214	0.41895673	0.015069294	0.10121012	36.0	1439.1048893928528
51	94.984	4.7446547	100.0	82.0	193.78	28.426704	14.090823	59.82922	-5.9851604	520000	-2.6697913e-08	32.654057	-0.011079189	-6.4763904	0.42498684	0.015519664	0.10361037	18.0	1467.4707973003387
52	95.39216	5.1945615	100.0	70.6	187.86275	29.071766	13.955162	60.356567	-14.284299	530000	2.173086e-08	35.535923	-0.009412581	-5.534264	0.42560482	0.015431646	0.08950895	17.0	1495.2895398139954
53	94.828575	7.6719475	100.0	55.0	197.81633	28.344019	14.219909	60.18804	-15.874909	540000	-4.967054e-09	39.6192	-0.009797045	-10.342851	0.42356634	0.015595965	0.098809876	12.0	1523.919683933258
54	95.09804	5.1846485	100.0	77.8	188.05882	29.24878	13.820195	58.590668	-3.9941258	550000	2.8560558e-08	37.332146	-0.010500216	-8.927407	0.41657543	0.015599179	0.10331034	30.0	1552.4032986164093
55	96.54117	3.6435912	100.0	85.6	187.96078	29.629894	14.061427	61.328648	-7.715736	560000	-9.313226e-09	31.898687	-0.006467052	-5.4798417	0.42216134	0.015599434	0.08040804	10.0	1580.0753116607666
56	95.84615	6.095978	100.0	65.8	188.28847	29.582926	14.681903	60.632904	-21.894714	570000	1.7384687e-08	36.565296	-0.010794106	-6.9350057	0.42683554	0.015088928	0.07940794	23.0	1609.0938789844513
57	93.98334	8.098131	100.0	65.2	198.22917	28.621666	14.691268	60.604656	-20.22675	580000	1.6142925e-08	55.9026	-0.0123066455	-19.695368	0.42030117	0.015405902	0.101910196	16.0	1637.184499502182
58	94.51923	6.936665	100.0	71.2	188.25	28.46821	14.152349	58.816116	-16.271103	590000	-2.483527e-09	38.14912	-0.011798612	-9.271762	0.42216542	0.015118535	0.08780878	22.0	1665.246065378189
59	89.96	21.783075	100.0	-10.0	195.84	28.660198	13.915113	59.6175	-10.386308	600000	2.2351742e-08	151.65825	-0.0103401765	-39.860203	0.43305755	0.015244988	0.08710871	12.0	1693.478895187378
60	94.67844	9.128974	100.0	43.6	189.41176	27.04182	15.394349	56.5281	-21.774387	610000	-3.1044085e-08	57.163055	-0.009765608	-24.001518	0.43794107	0.0150472475	0.08440844	11.0	1721.6135263442993
61	94.43137	7.20309	100.0	70.0	189.58824	28.820236	14.707961	61.349255	-7.711624	620000	2.3205454e-08	48.837368	-0.012096553	-13.341653	0.42587686	0.015574723	0.09470946	22.0	1749.9069111347198
62	95.43077	6.5529075	100.0	65.2	187.34616	28.827326	14.317097	60.184196	-14.697212	630000	2.483527e-09	40.053196	-0.007238275	-9.565769	0.42413017	0.015072581	0.08530853	8.0	1775.4118111133575
63	95.92453	5.5154295	100.0	74.0	180.62263	30.175005	14.1242485	59.869274	-8.516082	640000	1.5522042e-08	35.21115	-0.009077738	-5.9386096	0.42401823	0.015173552	0.086508654	17.0	1803.1280224323273
64	96.62642	3.5660958	100.0	85.6	181.33963	30.414387	14.065059	61.597157	-1.8649721	650000	2.8560558e-08	29.877375	-0.006867736	-3.1147892	0.4102434	0.015614539	0.0840084	12.0	1830.8627738952637
65	96.75926	4.5454707	100.0	72.4	179.77777	30.823263	14.063753	62.26308	-5.5687118	660000	7.1401396e-09	32.78133	-0.008593106	-4.8436394	0.40808678	0.015301842	0.078607865	16.0	1859.3778381347656
66	96.426414	4.5760713	100.0	81.4	183.62263	30.105968	14.271315	62.194454	-9.7522745	670000	7.993852e-09	30.687399	-0.009784831	-4.087726	0.41202775	0.01602204	0.08770877	18.0	1887.2562210559845
67	95.73585	9.904965	100.0	28.6	188.0	29.497383	14.656951	61.434647	-15.683571	680000	1.0554989e-08	37.341564	-0.013983525	-8.94892	0.4134743	0.015121835	0.08970898	32.0	1915.0817775726318
68	96.486786	4.5871863	100.0	79.0	183.24529	30.060587	14.190627	59.4795	-11.785046	690000	1.4901161e-08	31.172379	-0.008071924	-4.813942	0.4086422	0.01539174	0.092409246	15.0	1943.6944000720978
69	97.47692	2.9257882	100.0	88.6	184.53847	30.096548	14.313654	59.13062	-7.0229483	700000	2.12652e-08	32.645947	-0.005234579	-6.200399	0.42349198	0.015430726	0.05720572	7.0	1971.5147745609283
70	96.34717	6.2593207	100.0	70.0	185.8868	30.173721	14.558172	59.268375	-21.365715	710000	-1.2883295e-08	35.00686	-0.008331682	-9.128274	0.41349387	0.015498118	0.110111006	12.0	2000.4491245746613
71	97.30741	3.537882	100.0	83.2	180.5	30.559563	14.899475	60.200695	-7.349392	720000	-7.450581e-09	32.2963	-0.0057422505	-6.8856544	0.40818825	0.015100457	0.0910091	8.0	2028.028219461441
72	96.81568	3.570872	100.0	86.2	187.23529	30.418236	14.5405035	61.58856	-10.071981	730000	2.7318796e-08	32.154964	-0.0071186027	-3.9249973	0.4099352	0.015011373	0.07560756	11.0	2056.3302187919617
73	96.36	3.823506	100.0	84.0	191.52	29.410336	14.745487	60.6479	-13.077039	740000	-3.7252903e-09	30.801004	-0.008731212	-5.6004677	0.4043586	0.016241655	0.09440944	14.0	2083.89954662323
74	96.799995	3.994506	100.0	81.4	190.11765	29.505926	14.442934	60.559433	-32.319973	750000	0.0	32.004944	-0.008789763	-7.808626	0.40622666	0.016402235	0.08270827	8.0	2110.6528675556183
75	96.31154	5.2191086	100.0	74.0	184.46153	29.885656	14.280425	60.981697	-25.110748	760000	1.086543e-08	36.790283	-0.012190995	-7.2274213	0.39828694	0.015229054	0.09310931	27.0	2139.769901752472
76	97.49615	3.1133685	100.0	86.8	185.28847	29.876913	14.289444	59.603813	-15.55136	770000	8.692344e-09	34.68556	-0.0071967244	-8.034512	0.4001262	0.015622382	0.084808476	9.0	2167.496815919876
77	97.19616	3.7207294	100.0	80.8	186.4423	30.627947	14.054545	59.545708	-8.787482	780000	6.208817e-09	31.206352	-0.008181001	-5.6306305	0.40138295	0.015271354	0.0640064	17.0	2195.0901262760162
78	96.55	3.3711162	100.0	88.0	183.4423	30.296143	14.33207	60.662506	-5.917511	790000	-6.519258e-09	31.99761	-0.008018638	-5.837538	0.40204486	0.015716098	0.08340835	13.0	2222.541754722595
79	96.98491	4.0063815	100.0	82.0	181.79245	30.665064	14.649937	61.537064	-6.930668	800000	-1.2417634e-08	37.228615	-0.011591993	-6.693378	0.40290967	0.015134702	0.091709174	33.0	2250.8471009731293
80	96.95472	3.4926646	100.0	84.0	179.39622	31.2083	13.692529	60.923847	-3.1317854	810000	-1.2417635e-09	28.889236	-0.007802265	-3.5235493	0.3919864	0.015112388	0.08010801	18.0	2278.8042788505554
81	97.66182	2.9492366	100.0	86.2	175.4909	31.091812	14.27938	61.606487	-3.6928387	820000	-1.0244548e-08	25.860756	-0.008702516	-5.990307	0.40846086	0.015617404	0.08750876	12.0	2306.5154807567596
82	96.73724	5.1332808	100.0	74.8	186.70589	30.48026	14.908984	61.713234	-10.869752	830000	-4.0357313e-09	40.200527	-0.0074402033	-8.280505	0.39738235	0.015556048	0.07970797	10.0	2333.412839412689
83	96.94616	3.0774903	100.0	86.0	185.65384	30.412575	13.630871	60.094776	2.534072	840000	-1.4125059e-08	30.486511	-0.011577945	-5.8571186	0.39632455	0.015042494	0.08190819	44.0	2362.0678372383118
84	97.14444	3.4588406	100.0	85.6	181.74074	30.590603	14.182464	61.03479	-4.1854243	850000	6.208817e-09	28.946074	-0.007905782	-3.4077568	0.39708504	0.015799746	0.084008396	16.0	2390.8210594654083
85	96.74615	4.2551537	100.0	76.0	187.96153	30.033134	14.751415	60.803207	-13.093359	860000	-1.8626451e-08	34.070805	-0.009691585	-4.7410817	0.4020985	0.015142913	0.07140714	25.0	2418.6336550712585
86	96.125496	4.8044033	100.0	76.0	187.80392	29.852287	14.793528	59.683098	-9.581853	870000	2.7551625e-09	35.45697	-0.009139252	-6.4606113	0.39952978	0.015823456	0.07860786	19.0	2446.5735540390015
87	96.98491	4.118957	100.0	76.0	179.62263	30.397093	13.801408	61.063538	-8.392243	880000	3.1044085e-08	31.302391	-0.007500457	-5.8478904	0.39441547	0.015136407	0.07220722	15.0	2474.5595042705536
88	96.73208	3.4294932	100.0	88.0	184.24529	30.376694	14.475374	61.29936	-7.188994	890000	3.5390258e-08	30.39052	-0.01085643	-4.619498	0.4059643	0.015023577	0.08090809	24.0	2502.2334365844727
89	96.39636	5.070484	100.0	72.0	180.14546	30.532621	14.3499775	60.98267	-10.795529	900000	-6.829699e-09	35.81146	-0.011321117	-6.1040444	0.39553645	0.015633633	0.0940094	33.0	2531.7285425662994
90	96.76153	3.9237025	100.0	80.0	186.8077	29.972017	14.967105	61.409435	-17.157537	910000	-2.1109978e-08	31.415323	-0.008994686	-4.9792705	0.4074595	0.015248999	0.09010901	19.0	2558.4669218063354
91	95.960785	5.407333	100.0	74.2	188.68628	29.597603	14.846751	61.697063	-15.539534	920000	-1.4901161e-08	32.05267	-0.012807574	-4.016769	0.40613964	0.015298509	0.10111011	33.0	2586.164628505707
92	95.91764	4.255594	100.0	81.4	189.64706	28.835783	14.689015	59.992977	-9.564907	930000	-4.967054e-09	28.263506	-0.011894432	-5.0371633	0.40926066	0.015612003	0.09260926	27.0	2613.5685245990753
93	94.112	9.015734	100.0	57.4	194.88	28.189371	15.636433	61.739613	-20.022799	940000	-3.3217173e-08	42.01004	-0.010008085	-11.552872	0.4193202	0.015618647	0.07950795	12.0	2642.7700729370117
94	96.55556	4.2083983	100.0	74.0	179.05556	30.273756	13.976462	59.010075	-4.1613545	950000	1.2417634e-08	30.258657	-0.007055731	-5.830914	0.40544996	0.015650606	0.08270827	12.0	2669.4585263729095
95	95.882355	6.630077	100.0	58.0	191.84314	29.069237	15.674679	60.58838	-10.944799	960000	7.450581e-09	32.11333	-0.0077762404	-8.271096	0.40721563	0.016145641	0.08680868	12.0	2697.4323251247406
96	96.871704	4.572947	100.0	73.6	183.33963	29.874058	15.211547	60.895123	-16.091572	970000	3.7252903e-09	31.081366	-0.00837807	-6.2037406	0.40628362	0.015359406	0.1080108	10.0	2726.4999916553497
97	96.43846	4.7136526	100.0	78.0	186.84616	30.062231	14.866225	59.53726	-13.511199	980000	1.8626451e-08	31.531744	-0.011100747	-4.737304	0.3939929	0.015073441	0.095909595	28.0	2754.9079880714417
98	97.64151	2.6946092	100.0	88.0	181.16982	30.52392	14.059149	60.255283	-5.3787546	990000	-3.0423205e-08	29.42852	-0.0128021715	-4.452168	0.39167666	0.01502207	0.09570957	33.0	2782.195953607559
99	97.41112	2.979042	100.0	88.0	181.98148	30.587528	14.552346	61.15231	-9.910164	1000000	3.7252903e-09	29.10785	-0.011434585	-4.015185	0.3859519	0.015003151	0.09820982	42.0	2810.340900659561
100	97.35274	2.982851	100.0	88.0	177.96364	31.008339	14.476753	61.142277	-0.5228617	1010000	-2.6077032e-08	25.394552	-0.00517359	-3.2408803	0.39305365	0.01509045	0.07670767	9.0	2838.439619779587
101	96.471695	4.4856324	100.0	77.2	184.92453	30.1991	15.150637	61.35397	-9.94937	1020000	4.967054e-09	29.011671	-0.012285382	-3.8891163	0.39587975	0.0150217265	0.10161016	43.0	2868.045752763748
102	94.66808	8.640457	100.0	49.0	198.74467	27.170792	16.310688	61.356747	-28.913952	1030000	-2.8560558e-08	62.43572	-0.009222954	-26.571627	0.40571252	0.015752235	0.07750776	9.0	2894.288811445236
103	95.588234	6.143437	100.0	64.0	191.2745	28.205433	15.593604	57.191833	-30.429861	1040000	9.934108e-09	41.635998	-0.009311345	-9.601398	0.38972935	0.01571071	0.09920991	14.0	2922.6429908275604
104	97.03076	3.7891316	100.0	82.6	186.8077	29.176035	14.755278	60.63698	-14.510831	1050000	2.4486022e-08	36.61379	-0.0063911392	-8.338184	0.38664022	0.015387182	0.0660066	8.0	2948.777070045471
105	94.6423	12.797736	100.0	9.4	186.9423	29.871998	14.93795	59.87751	-13.930279	1060000	-7.450581e-09	59.619934	-0.01809329	-26.729967	0.38997307	0.015050285	0.10891089	68.0	2979.35396194458
106	97.51637	2.8994527	100.0	86.2	178.03636	30.370989	15.301217	60.753986	-10.257018	1070000	-3.1131396e-08	26.508154	-0.0075143264	-6.1339793	0.383257	0.015149757	0.07130713	11.0	3006.69739484787
107	96.58491	5.368229	100.0	78.0	185.05661	30.136913	15.312007	62.11598	-17.275751	1080000	-2.483527e-09	33.27063	-0.008248066	-7.54419	0.3851349	0.015986433	0.09160916	9.0	3035.79399394989
108	95.349014	7.721408	100.0	55.6	190.7451	29.163733	15.61641	58.908844	-20.945726	1090000	-1.4280279e-08	36.669365	-0.011338887	-7.972688	0.38796186	0.015397787	0.0850085	21.0	3063.943171262741
109	97.23703	3.685019	100.0	77.8	179.90741	30.051352	14.807715	59.35333	-6.2186866	1100000	0.0	34.190765	-0.012830556	-7.52321	0.3779753	0.015221335	0.10031003	60.0	3093.811779022217
110	96.92831	3.8017063	100.0	82.6	182.71698	30.277971	15.076252	62.229397	-10.700382	1110000	-9.934108e-09	31.769808	-0.007708832	-6.834101	0.38722345	0.015063122	0.081608154	10.0	3120.7734932899475
111	97.21851	3.6747925	100.0	84.4	181.77777	30.620508	14.159805	61.36483	-8.575618	1120000	-1.14863115e-08	31.26162	-0.008636841	-5.8648477	0.38190973	0.01588755	0.075907595	13.0	3150.633581161499
112	96.67547	4.9559917	100.0	76.0	182.90565	30.067919	14.827049	62.052673	-14.757779	1130000	5.5879354e-09	29.419588	-0.008584772	-4.6863747	0.37608925	0.015323336	0.07830783	14.0	3179.2952451705933
113	95.62264	6.4244423	100.0	72.0	181.30188	30.175898	14.713174	61.11403	-17.256199	1140000	-6.208817e-09	34.438663	-0.013539833	-6.520302	0.37743917	0.0150037585	0.09560957	37.0	3207.7135808467865
114	95.350945	6.725777	100.0	65.8	185.4717	29.48067	15.056356	61.78974	-4.041456	1150000	-1.8626451e-09	34.718517	-0.008912544	-8.426826	0.37378454	0.015567633	0.09460946	13.0	3236.38148355484
115	95.95849	5.2844176	100.0	76.0	182.18867	29.669153	14.665892	61.516403	-12.503565	1160000	-1.0554989e-08	37.79791	-0.008123937	-7.935278	0.38026348	0.015062681	0.081608154	13.0	3265.0077769756317
116	96.739624	5.433173	100.0	66.4	186.43396	29.45847	15.583285	61.83269	-16.430267	1170000	8.071463e-09	31.66696	-0.0069461167	-9.753348	0.37506756	0.015026615	0.08180818	11.0	3292.8483324050903
117	96.77308	5.349627	100.0	65.2	185.13461	30.002836	15.363773	59.395054	-20.707212	1180000	2.4214387e-08	31.352127	-0.0067366064	-5.083738	0.37002087	0.01653465	0.07970797	9.0	3320.791673183441
118	95.64074	11.155227	100.0	19.6	180.85185	30.354937	14.75889	59.309544	-20.557873	1190000	1.3038516e-08	39.748394	-0.01029283	-9.985507	0.37518653	0.015781777	0.10051005	13.0	3348.3448424339294
119	95.78149	7.54132	100.0	47.8	181.18518	30.214884	15.194193	59.427666	-16.836693	1200000	-3.8805106e-10	33.554996	-0.0088294735	-8.286956	0.3743633	0.015594336	0.08190819	10.0	3376.7504370212555
120	97.47407	3.042002	100.0	88.6	176.18518	30.689491	14.417986	59.96085	-1.5887086	1210000	6.208817e-09	28.17327	-0.009784826	-5.8028665	0.36374852	0.015199062	0.08280828	24.0	3405.538690805435
121	96.88214	3.4601357	100.0	83.2	176.55357	31.100765	14.853291	62.463646	-8.158894	1220000	4.4237822e-09	26.121729	-0.008981827	-4.18733	0.36674193	0.015531776	0.08080808	25.0	3433.672192335129
122	97.14909	4.3934197	100.0	72.4	178.21819	30.94707	14.878165	61.76817	-5.925577	1230000	2.8560558e-08	29.057108	-0.013314907	-6.0941606	0.35852364	0.015239832	0.09090909	57.0	3462.4421651363373
123	97.57778	2.7993824	100.0	89.8	180.61111	29.991207	15.305383	62.157406	-10.107824	1240000	-1.7229468e-08	29.570002	-0.005856322	-5.9579825	0.36305046	0.015644304	0.06990699	8.0	3489.4249942302704
124	96.323074	4.8209724	100.0	76.0	183.61539	30.736448	14.593433	60.614338	-12.951089	1250000	2.4835268e-08	34.422268	-0.013553712	-5.419897	0.36493823	0.015198027	0.097009696	39.0	3517.656436920166
125	95.66297	6.1667953	100.0	75.4	182.31482	30.25281	14.946899	61.243206	-8.745951	1260000	0.0	36.01904	-0.009359402	-7.080007	0.36209217	0.01539354	0.09840984	12.0	3545.033881187439
126	96.64616	4.4295535	100.0	77.2	184.78847	29.749243	14.61353	61.562187	-3.8590868	1270000	-4.967054e-09	32.978943	-0.007973393	-5.5535755	0.35158324	0.015185515	0.08440844	20.0	3572.6153542995453
127	97.154724	3.3341324	100.0	86.2	183.79245	30.001326	14.423586	62.475906	-12.704975	1280000	-1.7384687e-08	28.584656	-0.0061743315	-4.012449	0.350364	0.017173892	0.069106914	7.0	3601.5615661144257
128	96.78077	4.111945	100.0	84.0	183.67308	30.033627	14.423544	60.323402	-9.85993	1290000	-1.2417634e-08	29.820938	-0.006368285	-3.8470726	0.35937595	0.015104235	0.09320932	9.0	3628.787318944931
129	97.13928	3.3532326	100.0	86.8	175.28572	31.356937	13.744278	59.997833	-4.956914	1300000	-8.692344e-08	29.01887	-0.0052333907	-5.1199193	0.35756338	0.015741529	0.06690669	11.0	3656.079782485962
130	96.68519	4.135949	100.0	74.8	180.25926	30.973759	14.663343	60.56175	-6.110735	1310000	6.829699e-09	30.733416	-0.007416196	-4.856194	0.3496476	0.015013223	0.073407345	15.0	3682.1284034252167
131	97.3	3.180671	100.0	88.0	178.96297	30.908373	14.338334	60.6314	-4.3612614	1320000	-3.4148495e-09	24.115583	-0.008595209	-3.8124142	0.3461089	0.015152272	0.07670767	33.0	3708.6235859394073
132	95.99259	8.204693	100.0	44.2	179.85185	30.850927	15.022788	61.5275	-7.1274557	1330000	-3.228585e-08	35.709084	-0.0076797004	-10.149675	0.3553029	0.015194044	0.07880788	11.0	3736.5277950763702
133	97.34545	3.3750865	100.0	85.6	176.96364	30.745312	14.957488	62.48593	-5.872452	1340000	3.7252903e-09	29.16604	-0.006075207	-5.9861894	0.35485157	0.015678413	0.085608564	8.0	3763.7918453216553
134	97.11852	3.3859227	100.0	87.4	180.27777	31.204433	14.340549	61.989635	-7.8796353	1350000	-1.1175871e-08	32.21114	-0.008986463	-6.560507	0.35883394	0.015558864	0.078007795	17.0	3791.6254239082336
135	95.63138	10.681512	100.0	26.2	189.2549	29.250828	15.101593	61.558605	-15.748409	1360000	-2.7318796e-08	39.077564	-0.009697187	-11.5855255	0.3643919	0.015094363	0.08030803	12.0	3819.172329902649
136	95.814545	10.5746765	100.0	22.0	179.6909	30.016535	15.156066	61.01548	-19.42834	1370000	-3.228585e-08	28.680426	-0.0074106543	-6.211042	0.36770186	0.01516068	0.07630763	10.0	3847.5761601924896
137	94.85556	15.117928	100.0	-10.0	177.22223	31.203648	14.423401	60.51879	-6.1375613	1380000	1.4901161e-08	86.34684	-0.009221932	-18.890518	0.36999512	0.01583105	0.07980799	16.0	3873.7418768405914
138	95.708	5.3546557	100.0	79.6	194.54	27.687092	17.537128	59.8178	-29.53544	1390000	-2.142042e-08	46.504364	-0.008988327	-22.5486	0.36643782	0.015182552	0.07950795	9.0	3900.9301431179047
139	96.94903	3.856005	100.0	82.6	185.7451	29.409264	15.035442	60.007988	-10.429394	1400000	-1.3659398e-08	33.433323	-0.009371923	-8.488156	0.36923233	0.015947627	0.07650766	13.0	3927.8694598674774
140	96.408	4.997753	100.0	80.2	182.4	29.122095	15.150193	61.174694	-23.515617	1410000	-4.967054e-09	51.312435	-0.00884844	-19.922447	0.37455547	0.016209975	0.07670767	10.0	3953.404375553131
141	97.0	4.276107	100.0	76.6	177.07272	30.638971	14.717394	60.466236	-13.313333	1420000	2.7318796e-08	33.92322	-0.009079485	-8.513469	0.36149573	0.015318177	0.08770877	15.0	3980.3008074760437
142	97.26666	3.5354288	100.0	83.8	175.87038	31.159016	14.371119	61.218822	-20.400698	1430000	-4.7827293e-09	30.454233	-0.010031192	-4.7881274	0.3574674	0.015026222	0.091509156	44.0	4008.1777324676514
143	97.02593	4.05226	100.0	76.0	182.7037	30.682026	14.940878	62.249554	-16.31887	1440000	1.4687733e-08	34.26924	-0.009038107	-5.3906198	0.36142918	0.015036457	0.081408136	17.0	4035.844689130783
144	97.13214	4.060661	100.0	76.6	171.91072	31.406422	14.363294	60.836246	-3.703582	1450000	5.122274e-08	25.860483	-0.007758628	-5.1430035	0.35871494	0.01511237	0.07910791	14.0	4061.5220098495483
145	95.99622	12.27696	100.0	10.0	180.0	30.699932	15.34599	61.38602	-14.594497	1460000	3.0112762e-08	50.9433	-0.011687138	-15.507428	0.37094745	0.015354454	0.0880088	28.0	4088.203376531601
146	97.02908	4.0947714	100.0	80.8	176.67273	30.61395	15.222036	61.50321	-11.411519	1470000	-4.5324366e-08	33.254032	-0.008445423	-7.869798	0.37360477	0.015811738	0.08510851	10.0	4115.13299369812
147	95.73599	10.607803	100.0	27.4	193.0	29.243687	15.401713	61.11119	-15.831847	1480000	-1.2883295e-08	41.07636	-0.0077461055	-10.268807	0.37713945	0.016051473	0.079807974	9.0	4140.811514139175
148	89.41818	29.050959	100.0	-80.0	180.05455	28.75722	15.38241	58.476833	-38.928837	1490000	9.934108e-09	111.28475	-0.007931323	-36.109623	0.38540936	0.015141035	0.07220722	10.0	4169.511266469955
149	96.98077	4.1540084	100.0	85.0	185.84616	28.654476	14.854834	59.652542	-22.237892	1500000	9.313226e-09	44.357662	-0.0067384257	-16.904715	0.37094525	0.015017633	0.08150815	11.0	4198.948028326035
150	94.19999	21.770292	100.0	-60.0	185.45284	29.893038	14.084228	57.465244	-35.31914	1510000	2.9802322e-08	86.61554	-0.013558469	-39.00365	0.37512818	0.015257885	0.09460946	24.0	4226.184816598892
151	97.31852	3.6396005	100.0	84.0	179.94444	30.60595	13.924634	57.888798	-3.02253	1520000	-1.9868216e-08	39.849865	-0.008765348	-11.191166	0.3825039	0.015095619	0.080508046	14.0	4252.696779966354
152	97.62963	2.6444654	100.0	91.6	176.22223	30.819427	13.985417	60.671566	0.5251337	1530000	3.7252903e-09	26.942657	-0.009618321	-4.828237	0.36598372	0.015559887	0.08260826	26.0	4279.029988527298
153	95.745094	8.107134	100.0	56.2	189.43137	29.49172	15.760891	62.641087	-52.508194	1540000	2.8871e-08	57.809704	-0.0053323493	-27.071417	0.37788045	0.015127434	0.04480448	5.0	4306.477452278137
154	95.8037	5.4932275	100.0	68.2	180.5	30.275642	14.132689	59.84049	-18.644169	1550000	1.8626451e-08	32.18729	-0.01270881	-6.1883597	0.37320217	0.015198226	0.090309024	31.0	4336.018635749817
155	94.90385	16.425472	100.0	-20.0	186.61539	29.353075	15.019582	58.886566	-25.764381	1560000	-4.967054e-09	56.22986	-0.014148478	-25.719559	0.38194653	0.01506025	0.10031003	26.0	4363.318211317062
156	95.799995	9.227218	100.0	34.6	186.07692	29.68725	15.105487	59.8323	-30.206226	1570000	8.071463e-09	33.93314	-0.011944973	-7.9313674	0.3656405	0.015311755	0.090009004	30.0	4391.186849594116
157	96.739624	4.5924606	100.0	81.4	184.13208	29.990973	15.036705	60.622387	-22.204863	1580000	2.483527e-09	36.040997	-0.00783966	-8.263313	0.36170998	0.015475805	0.08680868	9.0	4416.811259031296
158	97.0	3.7875738	100.0	83.2	175.66072	31.052671	14.347159	60.29509	-0.76320964	1590000	1.5522042e-08	29.902328	-0.0071736495	-5.916647	0.3731675	0.015700059	0.08050805	15.0	4445.36670422554
159	97.30182	3.1301172	100.0	86.8	174.65454	31.07265	14.619249	61.951347	-7.7380276	1600000	3.973643e-08	26.311441	-0.010614197	-4.4151382	0.37597835	0.01505734	0.0850085	27.0	4472.661207437515
160	96.57778	4.232269	100.0	79.0	182.51852	30.730814	14.940397	62.549885	-28.668978	1610000	3.973643e-08	34.71191	-0.011407032	-7.853657	0.3689982	0.015234239	0.09580958	21.0	4500.769487142563
161	96.80754	3.1926718	100.0	88.0	182.81133	30.118261	14.340077	60.978386	-3.4132898	1620000	-9.313226e-09	27.721458	-0.015497543	-5.6917	0.37342176	0.015031909	0.09460946	52.0	4527.432190895081
162	96.50769	4.62609	100.0	77.8	186.15384	29.755426	14.833739	60.68682	-16.007133	1630000	6.208817e-09	29.034315	-0.008942	-4.5785027	0.37813386	0.015056323	0.082908295	19.0	4554.8166337013245
163	96.559265	3.6715877	100.0	86.8	179.40741	30.444452	14.370292	59.485474	-1.8107731	1640000	-7.450581e-09	29.979218	-0.0073351786	-5.9367537	0.391059	0.015927775	0.100410044	11.0	4580.805389642715
164	96.113205	4.619485	100.0	82.0	182.20755	30.200539	14.657706	61.820698	-1.5737867	1650000	-6.2088173e-10	33.521183	-0.009497843	-4.8524647	0.37480417	0.015421803	0.083808385	15.0	4607.091643333435
165	96.66792	3.8242416	100.0	83.2	182.90565	29.799017	14.370159	62.882927	-4.870576	1660000	1.7074248e-08	28.467087	-0.008137279	-4.989266	0.37778723	0.015082985	0.08770877	11.0	4633.149468660355
166	95.89616	4.911445	100.0	78.4	184.15384	29.99031	14.5347185	61.737476	-11.670956	1670000	1.9868216e-08	31.241648	-0.016412849	-6.2481537	0.38324523	0.012627824	0.097809784	79.0	4661.353611469269
167	95.89435	6.1955066	100.0	60.4	183.69812	29.639524	15.3329315	61.3489	-20.640636	1680000	1.9247333e-08	31.65362	-0.011319744	-5.9829354	0.38637862	0.01543048	0.087408744	19.0	4691.011667013168
168	96.23396	3.7225952	100.0	82.0	182.54716	29.799898	15.057661	61.114464	-6.3213534	1690000	2.3593506e-08	28.563202	-0.010012373	-5.424024	0.37655246	0.0150210485	0.10411041	28.0	4719.021975278854
169	96.19231	4.53295	100.0	74.0	184.01923	29.751045	14.734688	62.606197	-16.529808	1700000	1.7384687e-08	30.30929	-0.009566497	-5.191005	0.3845085	0.015769236	0.08520853	16.0	4746.727877378464
170	96.565384	4.304509	100.0	76.0	182.5	30.303484	14.277386	61.3559	-2.7859485	1710000	-1.4280279e-08	33.350925	-0.008636624	-6.636414	0.3834602	0.015587469	0.083808385	13.0	4771.650143861771
171	97.05556	3.5759306	100.0	83.8	179.92592	30.41073	14.230259	62.56375	0.12594162	1720000	-4.656613e-09	33.12518	-0.0069686323	-6.824283	0.3828747	0.01516522	0.08980898	9.0	4798.202330350876
172	96.120766	4.5942273	100.0	74.0	184.5849	30.515823	14.229368	62.246445	-2.874194	1730000	1.3659398e-08	34.238316	-0.017210934	-6.7952304	0.3863558	0.0144976415	0.10851085	79.0	4829.262036085129
173	96.1804	4.495271	100.0	83.2	191.43137	29.149166	14.802629	61.743523	-16.070414	1740000	1.3659398e-08	36.349747	-0.009983501	-8.280961	0.3914292	0.01530804	0.090009004	13.0	4857.008422613144
174	95.56863	8.624941	100.0	42.4	189.62746	28.95016	14.900122	59.72552	-16.626192	1750000	-1.1175871e-08	38.873184	-0.011335882	-12.772683	0.38118324	0.015241432	0.08870888	16.0	4884.435042142868
175	96.4	4.196471	100.0	80.8	179.74074	30.574923	14.377493	59.90761	-10.510161	1760000	-1.8626451e-08	34.298016	-0.007891268	-6.3593483	0.37977862	0.015188456	0.08030803	9.0	4909.790102481842
176	96.92075	3.53299	100.0	88.0	182.94339	30.350412	14.392291	61.314945	-16.962265	1770000	4.2413983e-08	32.148758	-0.007901327	-5.7359414	0.3698382	0.015631476	0.09050906	14.0	4937.685916900635
177	95.964005	5.4559608	100.0	76.6	193.92	29.349245	15.014891	61.222946	-13.075804	1780000	3.3527613e-08	36.69962	-0.011096151	-10.922023	0.38646662	0.015786653	0.08250824	13.0	4965.378171682358
178	93.77308	10.772759	100.0	32.0	186.96153	29.485712	14.033293	60.591534	-13.380299	1790000	3.1044085e-09	55.71162	-0.0099478895	-12.954842	0.38646778	0.0158979	0.09390939	14.0	4993.504083871841
179	96.17359	5.4931917	100.0	76.0	183.37737	28.77111	14.85412	61.582897	-10.069999	1800000	-3.4769375e-08	33.253216	-0.0070845056	-6.1969686	0.38938853	0.015025386	0.09810981	8.0	5021.257053613663
180	96.89811	3.425459	100.0	87.4	182.67924	29.920753	14.576032	62.350113	-2.839394	1810000	1.5522043e-09	28.49585	-0.006953411	-6.6465397	0.38345003	0.015727311	0.09460946	9.0	5048.219563961029
181	96.30943	5.1620626	100.0	74.8	185.16982	30.176413	14.213193	61.72698	-3.6099162	1820000	-8.071463e-09	31.46626	-0.007821587	-5.9815	0.39523518	0.015998328	0.08080808	10.0	5075.598068714142
182	95.54584	4.924047	100.0	80.2	200.66667	28.611092	15.116775	60.05668	-13.290641	1830000	-9.934108e-09	37.879154	-0.008681518	-10.569951	0.38339642	0.01618752	0.08920892	9.0	5103.2996118068695
183	95.117645	15.176514	100.0	-10.0	189.90196	28.971128	13.874891	57.43892	-9.197801	1840000	3.7252903e-09	84.71214	-0.0137270065	-19.603294	0.3813509	0.012703367	0.09670967	79.0	5132.309017419815
184	97.275475	3.7269492	100.0	81.4	183.4717	29.247444	14.647791	58.19914	-26.64534	1850000	5.3939098e-09	36.815777	-0.009956186	-12.222775	0.37657928	0.015240405	0.092409246	17.0	5159.760136842728
185	92.52157	22.069412	100.0	-20.0	187.84314	29.477478	14.886072	61.12263	-20.109377	1860000	1.1175871e-08	131.39613	-0.011757945	-41.375584	0.37550855	0.01530371	0.08890889	21.0	5186.90442943573
186	96.772545	3.3632429	100.0	90.4	187.58824	28.463097	15.182355	55.963345	-31.298433	1870000	-1.2902698e-09	35.184933	-0.012087929	-12.538997	0.3774517	0.015341878	0.09230924	22.0	5214.674898862839
187	94.047066	16.70879	100.0	-20.0	192.15686	29.196228	15.023978	61.44086	-47.328842	1880000	1.1175871e-08	91.2766	-0.011080648	-19.944685	0.3714092	0.015173823	0.08350835	25.0	5242.878087043762
188	96.588234	4.18108	100.0	84.4	192.43137	28.002926	14.99856	57.136944	-26.684383	1890000	-2.3593506e-08	40.30051	-0.0129282335	-13.448203	0.3709738	0.015200101	0.08720872	19.0	5273.4291841983795
189	96.784904	4.9489236	100.0	69.4	183.43396	30.189302	13.928413	61.24258	-18.097439	1900000	-1.1175871e-08	35.580566	-0.007963859	-7.47587	0.37926748	0.01505017	0.07220722	11.0	5301.154936313629
190	96.53585	5.41748	100.0	66.4	184.18867	30.334007	14.343901	60.832317	-2.2932568	1910000	-2.4214387e-08	35.947063	-0.010298383	-7.5464897	0.37451375	0.015554364	0.07920792	14.0	5327.256072759628
191	96.68461	3.8107831	100.0	83.8	188.48077	29.18798	15.232628	61.44071	-17.600245	1920000	3.7252903e-08	31.402039	-0.01668467	-8.677683	0.36585984	0.013423567	0.104210414	79.0	5355.617961645126
192	95.807846	4.91352	100.0	78.4	191.82353	28.921606	15.426855	61.16214	-24.694689	1930000	7.761021e-09	30.21372	-0.008306899	-5.8914514	0.36414143	0.015004657	0.06630663	13.0	5382.459353923798
193	96.52308	4.6434655	100.0	73.6	186.88461	29.595692	14.463724	60.509647	-6.814865	1940000	3.5390258e-08	34.167866	-0.007990717	-8.642723	0.36869928	0.0158185	0.09010901	8.0	5409.185837507248
194	96.3577	5.2349916	100.0	76.0	184.6923	29.699495	14.7713	60.36919	-7.659515	1950000	7.1983473e-09	36.335384	-0.0107473815	-7.026419	0.36551937	0.015221208	0.0980098	22.0	5436.321360349655
195	96.34119	6.2670374	100.0	58.6	189.52942	29.543427	14.329053	60.150158	-8.511452	1960000	-9.002785e-09	35.876522	-0.008889865	-9.529955	0.36887154	0.015610236	0.071807176	10.0	5463.143628835678
196	97.07407	3.5740414	100.0	83.8	182.59259	30.110504	13.833138	59.78254	0.2491763	1970000	-7.450581e-09	31.428986	-0.008926988	-7.3999214	0.38125113	0.015407593	0.07330733	14.0	5489.7295072078705
197	96.73703	5.099139	100.0	73.6	182.98148	30.14705	14.716503	61.775913	-16.802675	1980000	1.3348957e-08	31.488287	-0.008004066	-5.252178	0.37410256	0.015457236	0.087608755	10.0	5518.220294475555
198	96.06038	6.473934	100.0	64.0	182.5849	30.070992	14.864315	62.040154	-12.720332	1990000	2.8560558e-08	34.061996	-0.006304316	-6.450834	0.38911125	0.017013513	0.081308134	7.0	5544.448273897171
199	97.271706	3.2202408	100.0	87.4	186.07547	29.974634	14.358684	60.364605	-4.870387	2000000	-4.967054e-09	28.530092	-0.00460319	-5.8310204	0.38631773	0.018081604	0.07970797	7.0	5572.858189105988
200	96.82641	3.7551546	100.0	85.0	183.71698	30.644062	14.518981	61.83058	-5.391796	2010000	-7.450581e-09	27.449013	-0.006328564	-6.992958	0.3796039	0.015177507	0.07370737	8.0	5599.782379150391
201	95.86531	5.033827	100.0	76.0	195.89796	29.07543	15.079581	61.261597	-15.275213	2020000	1.2417635e-09	36.51353	-0.010434459	-9.290536	0.36677864	0.015167791	0.08580858	19.0	5626.881820440292
202	96.85661	3.7395139	100.0	84.4	182.86792	29.081205	14.490473	61.058994	-27.555683	2030000	1.3504177e-08	29.816757	-0.007240537	-6.787182	0.36331376	0.01560286	0.09260926	13.0	5653.169998168945
203	96.09615	6.2413616	100.0	73.6	185.92308	30.003914	14.722361	60.652916	-16.093933	2040000	8.692344e-09	35.536613	-0.008537643	-6.884603	0.36109284	0.015806733	0.08440844	14.0	5678.815888166428
204	96.90588	4.2747507	100.0	76.0	186.09804	29.073864	15.430097	60.323364	-13.044256	2050000	2.6387474e-08	32.35009	-0.009500888	-7.0566154	0.35620514	0.015258607	0.091509156	22.0	5706.5829205513
205	97.0923	3.457091	100.0	88.0	185.38461	30.174541	14.5885515	59.834293	0.029884398	2060000	2.0489097e-08	27.202883	-0.009373312	-5.306902	0.35427094	0.015743375	0.07880788	16.0	5734.526752233505
206	97.12452	4.3142986	100.0	73.6	184.43396	29.971643	14.260573	60.879673	-6.623599	2070000	5.7431557e-09	28.10234	-0.007338938	-3.8792934	0.35916838	0.015643062	0.0670067	10.0	5760.928240537643
207	96.08461	4.979087	100.0	71.2	187.25	29.845285	14.289787	60.96366	-13.735583	2080000	-8.071463e-09	30.49887	-0.008575323	-5.913381	0.376145	0.01574424	0.08320832	10.0	5785.975471019745
208	97.20741	3.5471349	100.0	86.8	182.18518	29.681562	14.349528	60.287254	-5.3021016	2090000	2.2662183e-08	29.444487	-0.00677366	-4.8922133	0.36831126	0.015174481	0.08320832	10.0	5812.641349315643
209	95.85384	5.4811726	100.0	77.8	187.5	29.513485	15.039618	62.00575	-13.770217	2100000	-8.692344e-09	34.70943	-0.0074087344	-8.088558	0.38277128	0.015306759	0.0930093	8.0	5839.6524085998535
210	97.28302	3.0262828	100.0	89.8	182.92453	29.889677	14.704759	60.837944	-8.951091	2110000	-2.3903945e-08	31.209665	-0.0065498147	-6.933019	0.36898318	0.015208483	0.07680768	11.0	5868.661992311478
211	96.36981	8.871782	100.0	36.4	186.0	30.075907	14.598621	59.25003	-18.423512	2120000	2.2351742e-08	32.691425	-0.008369395	-6.6633897	0.37310612	0.015264499	0.086508654	10.0	5895.862557411194
212	96.07547	10.402845	100.0	24.4	186.28302	29.788982	14.868323	59.231377	-17.934202	2130000	-2.483527e-09	35.975525	-0.008919467	-8.913199	0.36994517	0.015403056	0.07650765	13.0	5923.031836032867
213	97.52452	2.9716206	100.0	88.6	185.8868	29.963272	14.650142	59.44777	-11.886791	2140000	8.692344e-09	26.066238	-0.013310705	-4.69041	0.3613685	0.015390792	0.09180918	41.0	5950.865542173386
214	96.5923	5.274607	100.0	72.0	187.01923	30.338682	14.229146	61.689465	-3.7549288	2150000	1.6608587e-08	33.181854	-0.008926873	-5.5603585	0.3659569	0.015088789	0.08280828	15.0	5977.514956474304
215	97.04151	3.6342936	100.0	80.8	186.1132	29.698023	14.405361	60.915035	-0.59934103	2160000	2.483527e-09	29.450003	-0.006375032	-5.0959606	0.36895907	0.015109078	0.100410044	8.0	6003.870569944382
216	97.305664	3.3077621	100.0	83.2	185.54716	29.6338	14.651797	59.865566	-21.710209	2170000	3.5700698e-08	35.032974	-0.009071271	-7.7308545	0.3841029	0.0154655995	0.10871088	10.0	6031.356664419174
217	95.647995	11.776624	100.0	15.4	189.64	29.250214	15.25608	60.717175	-20.666533	2180000	-4.718701e-08	39.438934	-0.007791611	-12.603505	0.38310853	0.015414375	0.076207615	10.0	6059.0816769599915
218	94.9	8.567964	100.0	46.0	194.16	28.737944	15.606939	59.554993	-29.594128	2190000	1.086543e-08	42.803497	-0.008851703	-15.035398	0.38674244	0.016008407	0.10771077	9.0	6085.965176343918
219	96.78519	4.193796	100.0	76.0	180.53703	30.114508	14.162238	62.99672	-17.662323	2200000	2.9802322e-08	33.174717	-0.008488807	-9.320073	0.3889216	0.015040484	0.08750876	14.0	6113.800776481628
220	96.6423	4.239437	100.0	82.6	190.38461	29.835526	14.7894335	61.53079	-11.653188	2210000	2.6077032e-08	29.96142	-0.009798373	-6.8716125	0.39654526	0.01523289	0.09140914	12.0	6140.300420761108
221	97.31698	2.7809145	100.0	88.0	182.60378	29.958376	14.508107	63.214745	-10.432678	2220000	-6.829699e-09	28.887636	-0.0051622516	-6.556888	0.3994545	0.015617243	0.07760776	8.0	6168.248945474625
222	96.40377	7.1630597	100.0	56.0	184.54716	29.987562	14.5909	61.485176	-20.81007	2230000	-1.1175871e-08	46.953907	-0.007501704	-12.487999	0.40716624	0.015243836	0.08370837	9.0	6194.202792882919
223	97.41509	3.2701857	100.0	87.4	182.75471	30.420444	13.917191	59.750175	-10.529689	2240000	-1.9868216e-08	28.15036	-0.0073975674	-4.1397395	0.39042506	0.015157912	0.08240824	15.0	6222.038429021835
224	95.856	6.629756	100.0	56.0	194.76	29.462132	14.866921	67.18729	-16.793056	2250000	-2.3283064e-08	42.121517	-0.00997169	-6.310476	0.38605097	0.0154768815	0.09340934	12.0	6248.45987868309
225	96.55472	4.4050813	100.0	82.6	184.98112	29.618982	13.7826805	64.73482	-6.6868405	2260000	-1.5172796e-08	29.548384	-0.008510982	-7.764122	0.37222287	0.015332899	0.08160816	12.0	6275.647811412811
226	97.203705	4.0731263	100.0	76.0	177.2037	30.332752	14.359937	62.591198	-6.417967	2270000	1.7384687e-08	32.238758	-0.009282705	-6.852329	0.3937806	0.015266989	0.082008205	16.0	6301.539276838303
227	97.292305	3.1565464	100.0	88.6	183.73077	30.590555	14.615442	62.160526	-0.761083	2280000	-3.1044087e-10	32.78521	-0.011530022	-6.0197253	0.39797533	0.0151670305	0.08780878	24.0	6327.821131944656
228	97.26667	3.9457433	100.0	82.0	177.7037	31.371952	13.942565	61.730103	-7.6505456	2290000	3.199966e-08	30.179245	-0.014053808	-4.166773	0.39136115	0.015145571	0.1030103	57.0	6356.4636261463165
229	97.033966	3.3600843	100.0	86.8	185.77359	30.596169	14.406533	62.73908	-6.4831676	2300000	2.0178655e-08	27.851496	-0.013209646	-7.5038447	0.40016857	0.0150971925	0.10101011	25.0	6384.81406211853
230	96.48077	5.1156263	100.0	79.0	187.53847	29.697638	14.527615	61.73264	-10.522855	2310000	7.450581e-09	40.14369	-0.010729056	-9.235214	0.40142393	0.015251991	0.08000801	13.0	6412.315787553787
231	97.17037	3.0383732	100.0	86.8	178.27777	30.166992	14.115368	60.22793	-5.5347424	2320000	1.4280279e-08	33.500065	-0.014493699	-6.8903623	0.38842675	0.015067295	0.102410235	58.0	6440.635437011719
232	97.22963	3.2658517	100.0	83.8	179.16667	31.300545	14.139365	64.00321	-0.42550677	2330000	-1.9247333e-08	26.565145	-0.007278112	-3.0528889	0.39185205	0.01515562	0.08850885	13.0	6465.481570720673
233	96.54814	4.7269416	100.0	73.0	178.03703	30.937237	14.587572	63.572945	-8.730721	2340000	3.3527613e-08	30.52862	-0.006588939	-5.1627026	0.38597712	0.015501832	0.078707874	9.0	6491.839019060135
234	97.24074	2.8955598	100.0	89.8	178.09259	30.808874	14.3915415	62.826553	-0.63120604	2350000	-6.488214e-08	30.342804	-0.010595434	-5.9108415	0.39729038	0.015529841	0.09590959	18.0	6518.459887742996
235	96.64151	4.417522	100.0	82.0	182.64151	30.309189	14.771341	62.77119	-6.56709	2360000	-1.2417635e-09	30.49288	-0.00881983	-5.613086	0.39426157	0.015098494	0.08090809	13.0	6546.956642150879
236	97.11923	3.2948117	100.0	86.2	186.5	29.894566	14.767104	63.25915	-7.9939365	2370000	-1.7384687e-08	28.383072	-0.009046616	-4.4772973	0.38130817	0.015023995	0.07920792	18.0	6573.831667661667
237	96.6151	4.992953	100.0	77.8	186.4151	30.17353	14.619354	62.205486	-12.467697	2380000	3.7252903e-09	38.0632	-0.008623473	-8.157693	0.3971096	0.01615374	0.073407345	12.0	6600.983574151993
238	97.25819	2.5896778	100.0	90.0	177.61818	30.5554	14.328413	64.49806	-5.074793	2390000	2.0489097e-08	28.245367	-0.010341544	-5.8484216	0.39216825	0.015256043	0.08960896	23.0	6627.979637384415
239	96.83704	3.2798092	100.0	86.2	180.16667	30.738333	15.080243	62.350296	-15.546799	2400000	7.450581e-09	28.597555	-0.007263031	-4.860698	0.39343488	0.015690295	0.072507255	9.0	6652.830090999603
240	96.559265	4.64509	100.0	73.6	179.64815	30.902939	14.524951	67.27437	-7.4283824	2410000	-1.2417634e-08	38.379025	-0.008806995	-8.0042	0.39446566	0.015060413	0.07180718	8.0	6679.289551973343
241	96.556366	6.280092	100.0	56.2	176.52727	31.230782	13.748839	60.599457	-8.2694435	2420000	3.3527613e-08	36.77921	-0.014131409	-5.4312367	0.3911868	0.015073924	0.10341034	53.0	6705.984995365143
242	95.59622	14.886768	100.0	-10.0	179.4151	30.874165	14.112546	63.16796	-9.529677	2430000	2.483527e-09	83.549736	-0.008201408	-19.043852	0.38022268	0.015780376	0.08350835	10.0	6731.9424295425415
243	97.66182	3.1778488	100.0	82.0	177.14546	30.736027	14.637062	60.485336	-9.140271	2440000	3.7252903e-09	33.77222	-0.0074907206	-10.073655	0.38378358	0.015413914	0.07750775	8.0	6757.474418640137
244	97.35185	3.4696426	100.0	81.4	180.75926	30.931799	15.118129	61.860573	-23.272032	2450000	4.346172e-09	30.83458	-0.0075084544	-5.8786144	0.3911153	0.0157189	0.08330833	11.0	6783.585031270981
245	97.523636	3.2155282	100.0	85.6	179.03636	31.038008	14.380241	63.551517	-4.5472608	2460000	6.829699e-09	30.93341	-0.0066856816	-5.3258443	0.38018036	0.015201588	0.08010801	8.0	6813.0755960941315
246	97.10384	5.40989	100.0	64.6	183.67308	30.4929	14.653432	62.565483	-7.2771735	2470000	1.3659398e-08	36.459797	-0.009361331	-6.4923472	0.40050712	0.015238188	0.091709174	19.0	6839.363413333893
247	96.3423	6.0745797	100.0	64.6	188.6923	30.012827	15.050071	63.26345	-22.24027	2480000	4.967054e-09	37.49635	-0.0107480725	-8.239035	0.3897172	0.0151162995	0.090309024	16.0	6865.535943031311
248	97.39636	3.10928	100.0	85.6	178.4	30.993755	14.115679	58.5995	-6.763656	2490000	1.2417634e-08	28.971413	-0.013273741	-5.2432613	0.39678773	0.01513683	0.09280928	40.0	6893.982801914215
249	96.84615	6.611135	100.0	55.0	186.71153	30.368164	14.647685	61.46428	-26.1778	2500000	2.2662183e-08	40.834106	-0.008968994	-11.357956	0.40186897	0.015523379	0.082908295	10.0	6920.6950759887695
