Epoch	AverageEpRet	StdEpRet	MaxEpRet	MinEpRet	EpLen	AverageVVals	StdVVals	MaxVVals	MinVVals	TotalEnvInteracts	LossPi	LossV	DeltaLossPi	DeltaLossV	Entropy	KL	ClipFrac	StopIter	Time
0	97.755554	2.7378461	100.0	88.0	177.94444	31.417088	15.06229	62.1128	-10.440265	10000	9.934108e-09	32.66333	-0.006429695	-5.0641117	0.3827839	0.016401544	0.06860686	6.0	31.11098003387451
1	97.44	4.355544	100.0	79.0	174.47273	31.206347	15.162744	61.664223	-37.56806	20000	4.9670536e-08	33.33716	-0.008202718	-6.9586644	0.36718348	0.01503035	0.0910091	16.0	60.08557653427124
2	98.36272	2.2956038	100.0	88.6	166.47458	32.5817	14.776217	62.551743	-5.869833	30000	2.173086e-09	20.10343	-0.0062141735	-3.909858	0.3912131	0.015357469	0.080008	10.0	89.28629231452942
3	96.72857	8.30838	100.0	40.0	174.625	32.281918	15.010249	61.801033	-7.3920608	40000	-1.9868216e-08	46.283848	-0.0074101924	-7.248558	0.38822556	0.01533851	0.070007004	14.0	118.99729466438293
4	97.947365	3.1468225	100.0	85.0	172.5965	31.07152	15.429466	61.020687	-19.263466	50000	-1.0244548e-08	26.820227	-0.006431956	-7.145266	0.38703534	0.017023891	0.08440844	10.0	149.15301132202148
5	97.16491	4.640799	100.0	76.0	169.82455	32.254425	15.228279	62.082016	-2.047692	60000	-2.483527e-09	27.218184	-0.0067514223	-3.5414467	0.3872819	0.015489752	0.08530853	18.0	176.27971076965332
6	97.625	4.2661567	100.0	71.2	174.42857	32.03121	14.944348	62.176857	-19.130466	70000	-2.9181441e-08	30.86067	-0.007050934	-6.189663	0.38622883	0.015971025	0.106610656	15.0	206.80717778205872
7	97.81481	3.2495816	100.0	82.0	177.96297	31.09526	15.000892	61.824184	-1.5282403	80000	-4.967054e-09	29.451796	-0.0058361045	-4.367575	0.3967476	0.015157045	0.12331233	9.0	234.12001276016235
8	97.91428	3.1784673	100.0	85.0	173.82143	31.794594	14.768815	62.44415	-4.6561303	90000	-2.7318796e-08	25.420088	-0.0061932257	-3.5354187	0.39993158	0.016016006	0.07460746	9.0	265.5059127807617
9	98.055176	3.1123323	100.0	85.6	169.82759	32.385582	14.977885	62.25407	-14.502503	100000	-1.3659398e-08	26.30704	-0.006235704	-6.010542	0.39595142	0.015553744	0.0730073	10.0	294.42173743247986
10	98.189835	2.4983857	100.0	88.0	167.91525	32.568398	15.1799	61.095978	-1.8623352	110000	-1.9247333e-08	24.100122	-0.004409629	-3.6858242	0.4054803	0.016829256	0.0830083	7.0	323.1684396266937
11	97.50345	3.497633	100.0	86.2	170.36208	32.700935	14.704752	61.59093	-26.347782	120000	-1.4901161e-08	30.231054	-0.008976276	-4.0750566	0.40728775	0.01520243	0.105510555	16.0	351.6177136898041
12	97.73684	3.8689325	100.0	80.8	173.35088	32.05395	14.65943	61.11063	-11.62549	130000	-1.2417634e-08	28.335478	-0.005346591	-3.8709526	0.40810964	0.015058704	0.08830883	8.0	381.1733286380768
13	97.87931	2.7903628	100.0	89.2	170.65517	32.280178	14.813679	61.57401	-0.5955536	140000	5.7431557e-09	27.064308	-0.006478164	-4.410071	0.40139863	0.015066733	0.07480748	12.0	410.17817068099976
14	98.02106	3.1867454	100.0	81.4	167.78947	32.504448	14.58731	63.773808	0.6343399	150000	-4.656613e-09	21.820639	-0.0070785633	-2.7828724	0.40574387	0.015031564	0.0790079	14.0	439.7597622871399
15	97.86786	3.8899643	100.0	75.4	173.14285	32.163097	15.036558	62.258366	-8.721834	160000	6.208817e-09	30.30333	-0.0056245527	-5.0848794	0.40372387	0.015401155	0.07220722	9.0	468.4306697845459
16	96.75862	6.5264196	100.0	62.0	169.74138	32.2549	14.917928	61.149384	-1.4468007	170000	-3.7252903e-09	36.85046	-0.0064437618	-8.314987	0.40372595	0.015308899	0.07820782	12.0	497.75191712379456
17	96.607414	4.719692	100.0	83.8	178.87038	30.713102	15.863982	61.566734	-18.329363	180000	-5.665546e-09	36.387363	-0.0049769226	-10.11371	0.40312397	0.015428438	0.05280528	6.0	524.2482626438141
18	97.82456	3.531725	100.0	83.8	170.57895	31.37212	14.74634	59.836525	-11.281265	190000	-1.4901161e-08	26.08525	-0.0064273495	-4.326574	0.4019239	0.016898155	0.07690769	8.0	552.766339302063
19	96.87142	4.2148433	100.0	80.2	175.07143	31.859358	14.93056	59.267036	-11.9211445	200000	-2.2351742e-08	32.377827	-0.005779933	-5.265522	0.39597666	0.015511386	0.07180718	9.0	581.756085395813
20	97.50877	3.6607106	100.0	80.2	171.1579	31.538507	14.626097	60.57061	-11.123651	210000	2.8560558e-08	26.593634	-0.0052319597	-5.520922	0.39914504	0.01577618	0.06730673	7.0	611.1168534755707
21	97.11786	6.8188577	100.0	52.6	173.10715	31.58537	15.0812645	67.604774	-19.900417	220000	-3.1664968e-08	29.280535	-0.004268535	-6.1901817	0.40439072	0.018489148	0.05940594	5.0	641.353269815445
22	97.57545	3.440333	100.0	82.6	172.33333	32.17959	15.095241	62.34863	-16.41381	230000	-1.2145999e-08	24.878105	-0.0061026993	-3.8816612	0.39353243	0.015040423	0.07480748	10.0	668.1320717334747
23	96.617546	8.386897	100.0	41.8	172.26315	31.583643	15.186624	62.459496	-21.030388	240000	-4.0978193e-08	32.909767	-0.0047773556	-5.977678	0.39382777	0.015740829	0.063106306	6.0	698.6523370742798
24	97.635086	4.1249137	100.0	74.0	171.0	31.806255	14.889429	61.5474	-7.602107	250000	1.1175871e-08	29.410727	-0.004893625	-4.175675	0.38604787	0.017070832	0.0660066	7.0	725.8710792064667
25	98.403435	2.2023475	100.0	91.6	168.75862	32.15629	15.16731	61.224472	-2.664899	260000	1.6763806e-08	23.031256	-0.00878862	-3.9480813	0.3872464	0.0153718665	0.08230823	21.0	756.6188294887543
26	97.72759	3.069022	100.0	83.8	167.17241	33.136883	14.734138	61.531208	-1.4221809	270000	-1.4280279e-08	21.87098	-0.006233687	-3.3908546	0.38983226	0.015649954	0.09300929	13.0	786.3730554580688
27	97.79273	2.9413576	100.0	88.0	174.01819	32.22137	14.838996	62.346554	-1.0943618	280000	8.692344e-09	25.684143	-0.0081434995	-2.1495476	0.38670048	0.015194178	0.075007506	21.0	814.5259194374084
28	97.625	4.1443706	100.0	73.6	172.85715	31.992502	14.869251	61.834473	-19.079124	290000	6.829699e-09	25.360695	-0.008505228	-3.574435	0.3957177	0.016145447	0.08520851	15.0	842.5428812503815
29	98.22807	2.3346179	100.0	92.8	172.36842	32.071644	14.985341	61.523426	2.6836557	300000	1.808318e-08	21.576355	-0.005496943	-2.118039	0.38240865	0.015506186	0.07370737	12.0	872.0634639263153
30	97.65455	3.4853363	100.0	83.8	173.92728	31.652784	15.251941	61.888603	-12.127324	310000	2.7939677e-08	29.677069	-0.006977118	-4.524147	0.39454913	0.015499353	0.08510851	9.0	900.2955162525177
31	96.89123	6.6654463	100.0	52.0	170.14035	32.059162	14.786498	61.31244	-4.357784	320000	1.9868216e-08	33.365047	-0.0063139494	-3.8675416	0.38387862	0.015496978	0.07750775	11.0	930.0768799781799
32	97.97586	2.23825	100.0	92.0	171.77586	31.76536	15.234965	62.82841	-4.8031826	330000	-1.4590721e-08	23.649643	-0.0053593293	-3.4815807	0.39004853	0.01510967	0.06810681	10.0	959.5948162078857
33	97.575005	3.2443495	100.0	86.8	173.5	31.888676	15.147688	62.443264	-1.1348072	340000	2.2351742e-08	24.074226	-0.0037253115	-2.7500694	0.38952693	0.01619353	0.04920492	6.0	990.5105931758881
34	95.8037	14.844353	100.0	-10.0	178.96297	31.20234	15.19461	62.34299	-10.617112	350000	4.967054e-09	70.158195	-0.013765593	-20.171003	0.38573977	0.015042837	0.09200921	61.0	1023.0195398330688
35	97.96491	2.2151387	100.0	94.0	171.4386	31.206724	15.280872	63.01453	-12.771473	360000	-2.4835268e-08	30.682981	-0.0053001703	-6.8860817	0.38927364	0.015161482	0.05250525	8.0	1052.0960309505463
36	97.417244	5.1121607	100.0	64.0	168.01724	32.598053	14.915374	62.954525	-7.8692575	370000	-1.3504177e-08	30.530792	-0.0059108804	-3.6447544	0.39304563	0.015274349	0.0740074	15.0	1081.0096185207367
37	96.55273	5.9882264	100.0	73.0	175.92728	31.767183	15.28027	64.00708	-7.6959934	380000	9.934108e-09	39.729904	-0.006206146	-6.559438	0.40386176	0.015468164	0.06680668	10.0	1108.9133007526398
38	97.778564	2.2359655	100.0	92.0	173.82143	31.277447	15.002856	62.899014	-4.201997	390000	-3.7252903e-08	30.489586	-0.0075720064	-6.483328	0.40317512	0.0155561	0.09560957	13.0	1137.3349118232727
39	96.82105	6.2043204	100.0	64.0	173.36842	31.896841	14.851139	65.11942	-11.480393	400000	-1.3659398e-08	35.29215	-0.0065113213	-5.78109	0.3967993	0.01503029	0.0730073	9.0	1165.7193751335144
40	96.55357	5.1448994	100.0	76.0	175.28572	31.173765	15.219706	62.92038	-11.884732	410000	4.967054e-09	34.843815	-0.0072885454	-5.991755	0.404297	0.016127564	0.08890889	10.0	1196.526103258133
41	97.54036	3.235974	100.0	88.6	172.45615	31.904772	14.4499235	61.471165	-15.915798	420000	-9.313226e-10	30.225805	-0.005312963	-5.8678036	0.40103963	0.016185315	0.07820782	7.0	1225.6840989589691
42	98.077194	2.4393713	100.0	88.6	170.57895	32.198196	14.58502	61.976643	-0.9828675	430000	5.502564e-08	25.933203	-0.009335493	-2.9724305	0.3894	0.015048766	0.08980898	41.0	1256.0393595695496
43	98.057144	3.2363372	100.0	80.0	173.71428	32.137352	14.680993	62.036194	1.7067354	440000	2.0178655e-08	26.780008	-0.008685471	-3.4992669	0.39274904	0.016343094	0.082808286	19.0	1285.878407716751
44	96.71637	6.1858125	100.0	64.0	175.98181	31.685015	15.149596	61.49244	-10.114585	450000	1.5522042e-08	34.593075	-0.0064842408	-5.478075	0.3873949	0.015409824	0.07640764	11.0	1316.0524134635925
45	97.108765	3.8284383	100.0	82.0	172.54385	31.384415	14.808931	61.110058	-7.5974236	460000	1.800557e-08	29.812017	-0.0044084066	-3.5443764	0.3931903	0.01643985	0.07020702	9.0	1345.3373229503632
46	98.084206	2.426447	100.0	88.0	170.5614	32.044537	14.839431	62.628857	-1.2992189	470000	1.0554989e-08	25.113474	-0.005306825	-3.1645901	0.38675234	0.015583153	0.04730473	13.0	1375.2567665576935
47	97.75636	3.623899	100.0	76.0	173.52727	32.55129	14.601778	62.213444	1.3493078	480000	7.2953603e-09	29.917992	-0.0068494403	-4.972675	0.38929453	0.015080124	0.06570657	18.0	1404.1096551418304
48	97.905266	3.4137194	100.0	76.0	171.80702	31.89396	15.216872	62.751858	-6.263415	490000	-3.228585e-08	24.100645	-0.0056744167	-3.6393814	0.38484868	0.015764235	0.07830783	16.0	1432.0857377052307
49	97.221825	3.8417177	100.0	76.6	175.6909	31.683289	15.022862	62.75487	-16.251417	500000	6.208817e-09	33.91733	-0.0069830962	-7.0574975	0.38580832	0.015518225	0.07150715	14.0	1460.8971881866455
50	96.71228	4.194067	100.0	82.0	173.98245	31.952927	14.457366	62.3928	-5.804982	510000	0.0	30.020327	-0.00672703	-3.4680996	0.38721767	0.0159859	0.0680068	11.0	1489.2890357971191
51	96.99286	4.5508184	100.0	76.0	172.80357	31.361395	15.090981	62.022423	-2.861026	520000	1.7384687e-08	31.015734	-0.0053007356	-4.7990108	0.37508693	0.016701486	0.09240923	8.0	1521.2177515029907
52	97.13793	6.916568	100.0	47.8	169.39655	32.206753	14.835148	63.221363	-19.470325	530000	-1.3038516e-08	27.819885	-0.007099858	-5.920367	0.3921832	0.015078052	0.077107705	13.0	1549.176866531372
53	97.954384	2.6630723	100.0	88.0	171.91228	32.512386	14.865167	62.05299	-1.6848032	540000	1.3659398e-08	27.21418	-0.0076203477	-2.50792	0.37117663	0.015350178	0.07890789	21.0	1578.5740394592285
54	96.91273	4.406568	100.0	77.2	176.10909	32.06741	14.699145	62.19316	-9.062883	550000	3.1664968e-08	41.39289	-0.009020162	-7.146744	0.37456408	0.015785763	0.084908485	11.0	1606.3779165744781
55	97.57857	3.4689803	100.0	84.4	173.28572	31.639727	14.225553	62.786247	-5.888334	560000	-1.7384687e-08	28.580406	-0.0040614917	-4.06173	0.36592436	0.017111247	0.06750675	6.0	1633.400545835495
56	97.22857	4.2369847	100.0	75.4	174.375	31.987427	14.586597	62.954323	-11.452541	570000	-2.4214387e-08	29.728376	-0.004785923	-3.7866657	0.36560282	0.015321302	0.0660066	6.0	1662.8380403518677
57	95.65	7.961269	100.0	52.0	176.58928	31.197758	15.259565	62.943214	-22.81678	580000	-1.1796753e-08	40.694656	-0.0067842943	-7.9039807	0.3703557	0.015444218	0.06120612	10.0	1691.2134244441986
58	96.836365	6.2642527	100.0	66.0	177.85454	30.560963	15.022639	58.960857	-18.42924	590000	0.0	32.82485	-0.007954839	-4.875543	0.36112753	0.016387833	0.086608656	14.0	1720.094428062439
59	97.96296	2.9072256	100.0	84.0	177.51852	31.40781	14.383808	66.59817	-4.071017	600000	3.632158e-08	29.225441	-0.007589284	-3.3986557	0.36298382	0.015194436	0.09050905	25.0	1747.9570052623749
60	96.65357	14.499679	100.0	-10.0	174.80357	31.384552	15.190258	62.271538	-13.477051	610000	3.7252903e-08	82.22007	-0.005798741	-18.218512	0.36001745	0.01589636	0.07690769	9.0	1777.5348925590515
61	93.10197	20.322586	100.0	-40.0	190.56863	29.129349	16.218187	59.756783	-31.22168	620000	-2.4835268e-08	103.783104	-0.009756298	-35.96613	0.38361087	0.016011778	0.08440844	9.0	1806.8789381980896
62	97.12727	5.232119	100.0	75.4	175.6909	30.198086	14.839174	57.96777	-22.563293	630000	1.4901161e-08	42.333866	-0.005244585	-12.728111	0.3759503	0.01549496	0.086408645	7.0	1835.8989634513855
63	97.557144	3.9358633	100.0	76.0	174.625	31.549444	14.952295	62.59489	-8.465456	640000	-1.9868216e-08	30.49698	-0.008483787	-5.3710213	0.36205098	0.015179179	0.08080808	22.0	1864.8478593826294
64	98.224556	2.9233654	100.0	86.2	169.19298	32.39577	14.722354	62.74269	-8.090663	650000	1.808318e-08	27.066788	-0.006968096	-3.1509888	0.3644595	0.015433569	0.076007605	20.0	1894.267570734024
65	97.68519	2.7136424	100.0	89.2	180.85185	31.313545	15.173863	61.946957	-4.6479917	660000	1.4280279e-08	28.554153	-0.0048318217	-3.44649	0.36409917	0.015174146	0.0710071	7.0	1924.445885181427
66	98.02545	3.592731	100.0	76.0	178.01819	30.553457	15.480422	61.610794	-23.339146	670000	-2.727999e-08	33.93317	-0.007766163	-7.7510448	0.37011635	0.015228624	0.081308134	10.0	1952.0181968212128
67	95.72	9.43432	100.0	40.0	194.2	29.737055	15.280744	62.122368	-22.883018	680000	6.208817e-09	40.93152	-0.008445993	-10.281291	0.37451443	0.015579917	0.075307526	9.0	1981.272610425949
68	97.935715	2.7443724	100.0	88.0	170.67857	31.640709	13.997369	62.207195	-3.1832557	690000	8.692344e-09	27.881159	-0.005922765	-6.076057	0.3727959	0.01604435	0.08030803	12.0	2009.6292798519135
69	97.957146	3.0330825	100.0	86.8	176.25	31.802698	14.963645	62.507908	-7.5444455	700000	-3.1897798e-08	30.35408	-0.0065326877	-4.543878	0.36715665	0.015820833	0.08290829	10.0	2039.7544355392456
70	95.509094	17.329107	100.0	-30.0	175.4909	31.375977	14.9197645	59.67945	-22.049128	710000	-2.483527e-09	44.043568	-0.007926002	-14.466774	0.37089142	0.015881183	0.09040904	14.0	2068.4859154224396
71	97.443634	3.6847975	100.0	82.6	177.67273	31.113647	15.260746	61.68114	-17.129438	720000	3.4769375e-08	34.92669	-0.006156216	-5.9315133	0.37338176	0.015374523	0.073607355	11.0	2098.124090909958
72	97.35094	5.029109	100.0	73.0	179.50943	30.514902	14.940926	62.57037	-19.308018	730000	6.208817e-09	35.081192	-0.0070766923	-7.4957585	0.369413	0.017237863	0.09080908	9.0	2126.393663406372
73	95.2868	15.086742	100.0	-10.0	183.45284	30.636095	14.753866	61.004578	-20.69343	740000	-8.071463e-09	47.466797	-0.00818839	-11.683288	0.3724185	0.016385531	0.07970797	9.0	2155.483293533325
74	97.68364	2.990577	100.0	85.6	174.18182	31.028397	14.3867035	60.24462	-4.931358	750000	-1.8626451e-08	31.074402	-0.00756976	-6.0361023	0.37591127	0.015647402	0.08520851	13.0	2185.29456782341
75	97.84562	3.7691295	100.0	79.0	170.0	32.17999	14.56747	62.729877	-15.707479	760000	-9.158005e-09	30.895254	-0.007077765	-5.384126	0.36914515	0.015330587	0.09430943	13.0	2212.8092098236084
76	97.91429	3.2743285	100.0	80.2	174.71428	31.4305	15.070547	60.453766	-23.46183	770000	-2.4136776e-08	31.437769	-0.00596063	-5.7718577	0.3693359	0.017502949	0.08410841	6.0	2241.1622700691223
77	97.0035	8.793339	100.0	34.6	171.19298	31.697088	14.632901	60.675194	-25.099337	780000	-4.346172e-09	29.754385	-0.0086666765	-6.338848	0.37709036	0.015301962	0.08590859	14.0	2271.4555151462555
78	97.98948	3.0392566	100.0	82.0	173.1228	32.69363	14.663876	61.659145	-4.2099977	790000	-4.6410907e-08	28.462572	-0.0066094734	-4.579281	0.36874095	0.015765324	0.061606158	10.0	2300.4449377059937
79	97.67637	3.0224593	100.0	85.0	177.18182	31.750502	14.680707	62.645218	-2.7227254	800000	-3.1044085e-08	27.887772	-0.0057598683	-3.648819	0.35917708	0.015729474	0.08620862	12.0	2331.3781478405
80	97.22963	4.6127696	100.0	76.0	180.14815	31.222988	14.719355	63.718006	-9.539398	810000	3.7252903e-08	32.8388	-0.006158292	-3.7022152	0.3547918	0.015219728	0.07190719	15.0	2360.3321673870087
81	97.92727	2.6657052	100.0	88.0	178.03636	31.06022	14.921352	64.248085	-5.5261865	820000	-7.450581e-09	28.895075	-0.004805457	-4.9123287	0.3535706	0.015392554	0.0610061	8.0	2389.457213640213
82	98.118515	2.4308257	100.0	89.8	177.81482	30.998304	15.178446	61.906754	-9.369097	830000	2.483527e-09	28.84729	-0.006278953	-3.7333329	0.35499194	0.015556395	0.070707075	14.0	2416.826196193695
83	97.65455	3.804964	100.0	76.0	175.96364	31.90648	14.570665	61.15255	-0.03761357	840000	2.2351742e-08	31.62004	-0.006154547	-3.9131424	0.34419835	0.015059705	0.06250625	12.0	2445.6249961853027
84	98.36491	1.9423709	100.0	91.6	172.5965	31.721504	14.867313	62.0868	-4.9651566	850000	-2.9491881e-08	24.922426	-0.0063614994	-3.190745	0.34127665	0.015598472	0.07300731	17.0	2474.800913333893
85	98.41454	1.7993349	100.0	94.0	176.34546	32.0244	14.697467	60.333244	0.9625712	860000	-3.973643e-08	22.938253	-0.007964439	-1.9247602	0.34635696	0.015186983	0.08590859	33.0	2505.784238576889
86	96.91852	12.546655	100.0	6.4	180.24074	30.827368	15.247109	64.36493	-22.332184	870000	-2.483527e-09	39.855457	-0.009122272	-13.106053	0.359634	0.015490261	0.076107614	16.0	2536.1764233112335
87	98.25714	2.3039453	100.0	88.0	174.53572	31.71249	14.88224	62.768883	-2.8053694	880000	4.2219956e-08	27.828842	-0.008960761	-4.0876307	0.37053296	0.015922338	0.09050906	19.0	2565.1705918312073
88	97.778946	3.5218983	100.0	76.6	171.0	32.572056	14.576424	62.88188	-8.405198	890000	-2.4835268e-08	28.241377	-0.006145512	-3.439989	0.3664609	0.015571229	0.08440844	9.0	2593.6097226142883
89	98.234474	2.6779144	100.0	86.0	167.65517	33.00703	14.754024	64.79721	-2.608138	900000	-4.346172e-08	22.190956	-0.0050389986	-2.9434173	0.37712014	0.015530047	0.079607956	11.0	2624.4457602500916
90	98.182144	3.0374515	100.0	83.2	174.08928	32.374386	15.105782	63.351086	-20.851696	910000	-1.5289212e-08	25.227121	-0.0056244708	-3.2633553	0.37015334	0.015567355	0.055705573	10.0	2653.906003475189
91	96.483635	10.949118	100.0	20.2	177.03636	31.4687	15.624872	62.118572	-23.33499	920000	6.208817e-09	39.83957	-0.0077065662	-7.4481997	0.3783771	0.016486855	0.08620862	12.0	2682.9010350704193
92	98.22069	2.9244957	100.0	86.2	168.84483	32.544525	14.380299	61.36624	-9.957386	930000	-3.601114e-08	28.953545	-0.0055418587	-4.2995114	0.3722322	0.016101277	0.075307526	8.0	2713.1344513893127
93	97.38214	3.1835012	100.0	83.2	172.5	32.613785	14.594756	62.38169	-5.7021456	940000	1.7384687e-08	29.262566	-0.005322048	-5.1760063	0.37514928	0.015150686	0.064706475	10.0	2741.312288045883
94	98.08772	2.6741166	100.0	83.8	169.78947	31.913147	14.919745	61.843906	-26.110813	950000	3.5079818e-08	25.957367	-0.004448528	-4.28476	0.37635958	0.016330142	0.07310731	7.0	2769.6141641139984
95	97.876366	2.2383404	100.0	91.6	177.56363	31.993023	14.817935	61.69745	-5.669015	960000	2.483527e-09	26.571785	-0.0039801276	-3.7490928	0.36019006	0.017463742	0.087308735	7.0	2799.3864526748657
96	94.23529	15.588065	100.0	8.2	189.54903	29.785797	15.9837675	62.19419	-28.129913	970000	1.6142925e-08	61.78578	-0.005485986	-20.649736	0.3765169	0.015191012	0.068006806	6.0	2830.1279349327087
97	97.8	3.0433898	100.0	83.8	178.33333	30.610912	14.6628275	59.617214	-18.534872	980000	4.967054e-09	34.94828	-0.006433423	-5.5190616	0.3671409	0.015957331	0.084608465	12.0	2857.581295967102
98	93.92549	17.651659	100.0	-10.0	184.19608	29.845196	15.644362	61.854946	-28.734745	990000	2.9802322e-08	83.705734	-0.008258323	-31.984304	0.36778772	0.0150820995	0.07040704	9.0	2885.330950975418
99	97.82223	3.4712937	100.0	80.2	180.72223	30.143198	15.059457	61.725643	-30.530302	1000000	-4.346172e-09	40.998882	-0.006723525	-11.056237	0.36461	0.015240406	0.097809784	8.0	2913.8695890903473
100	97.625	3.3093076	100.0	82.0	174.08928	32.214836	13.669754	61.95212	-15.873998	1010000	2.2972623e-08	30.646872	-0.005657119	-5.305462	0.35859382	0.016624836	0.091109104	8.0	2943.0923414230347
101	97.37858	4.3315587	100.0	79.6	174.53572	31.57265	14.994991	62.75542	-22.269629	1020000	7.5281905e-09	32.744034	-0.0057121865	-4.7008443	0.3630656	0.016535565	0.08160816	9.0	2971.6868715286255
102	97.887726	2.7884517	100.0	85.0	170.91228	32.15999	14.650164	67.46021	0.9643335	1030000	1.4901161e-08	24.39508	-0.0046580806	-3.3332024	0.36062226	0.015473738	0.07320732	9.0	3000.161372900009
103	98.256134	2.190491	100.0	89.8	171.4386	32.363995	14.950053	63.08739	-0.8968267	1040000	1.0244548e-08	26.343801	-0.0049302126	-2.672292	0.36001524	0.015796687	0.053005304	7.0	3028.2257940769196
104	98.1	2.721869	100.0	86.0	171.82143	32.61436	14.849287	63.610466	-18.622093	1050000	6.829699e-09	26.43689	-0.0031610664	-3.4490306	0.3571895	0.015537617	0.08490849	7.0	3055.9948308467865
105	97.510345	5.818066	100.0	58.6	168.48276	32.481537	15.084775	62.568687	-30.007309	1060000	2.4835268e-08	25.114386	-0.0064547234	-4.8835597	0.36557078	0.015409839	0.084008396	11.0	3084.89812374115
106	98.08772	3.1330762	100.0	82.6	171.42105	32.494057	15.132983	62.390823	-14.583466	1070000	5.0912302e-08	27.142746	-0.008511547	-3.5735824	0.3581731	0.015448059	0.07850785	21.0	3113.7561814785004
107	97.78246	3.393757	100.0	86.8	171.89473	32.06246	15.1223545	63.486614	-13.52361	1080000	-1.3348957e-08	27.397629	-0.006703656	-3.6300125	0.35700706	0.015467714	0.080708064	12.0	3143.658123731613
108	96.29091	14.6577835	100.0	-10.0	174.47273	31.315607	15.890974	61.338867	-25.739578	1090000	-2.9802322e-08	36.96982	-0.008194655	-10.25611	0.3515927	0.01583189	0.06320632	12.0	3171.503080368042
109	92.08727	26.992142	100.0	-50.0	179.92728	29.90487	16.157492	60.695587	-27.719776	1100000	-7.450581e-09	83.86547	-0.006685914	-21.509115	0.35428932	0.017297382	0.0620062	6.0	3200.9060463905334
110	98.37858	1.9133658	100.0	92.8	171.71428	31.725712	13.887186	60.68219	-6.667505	1110000	1.1796753e-08	32.40443	-0.0035751034	-9.808743	0.34951082	0.016335046	0.061806183	6.0	3230.164492368698
111	97.23572	4.242154	100.0	79.0	175.01785	31.941475	15.150926	62.718098	-36.007538	1120000	1.5056381e-08	31.454575	-0.006313262	-4.5552883	0.34819898	0.015724832	0.08690869	10.0	3258.7954432964325
112	95.38983	20.544666	100.0	-60.0	166.05084	32.554832	14.46561	61.767227	-26.718632	1130000	6.208817e-09	63.3343	-0.008851909	-29.002312	0.3651348	0.015235106	0.0770077	15.0	3289.0336124897003
113	98.23572	2.206843	100.0	91.0	173.01785	32.384995	14.9185295	60.527588	-10.027113	1140000	4.0240895e-08	27.701149	-0.0048844498	-5.0200787	0.35527137	0.015810579	0.04910491	6.0	3318.0671343803406
114	97.42857	3.9616787	100.0	82.0	172.60715	32.01844	15.279591	61.82942	-5.867004	1150000	-1.6142925e-08	30.37584	-0.008050226	-5.077502	0.37198055	0.01548947	0.072507255	15.0	3346.9138231277466
115	95.54815	7.5997257	100.0	68.2	181.61111	30.472662	15.187259	61.85203	-16.174364	1160000	9.934108e-09	48.18037	-0.006084699	-11.923604	0.36984453	0.01655574	0.076107614	8.0	3375.3291850090027
116	96.74545	5.3006287	100.0	64.0	177.4	30.782915	14.363933	62.12643	-11.953396	1170000	-3.828124e-08	42.209885	-0.0055266675	-7.463728	0.36084446	0.015967073	0.09550955	8.0	3404.941615343094
117	95.44364	14.818057	100.0	-10.0	179.34546	30.846672	14.493984	64.26969	-23.757786	1180000	-2.483527e-09	74.953	-0.0086202035	-16.358671	0.35703847	0.015395728	0.078907885	11.0	3433.888150215149
118	96.19246	5.0685806	100.0	77.2	183.39622	30.087818	15.067617	63.399452	-17.35453	1190000	1.2417635e-09	40.542046	-0.005743434	-7.7430415	0.35622683	0.016227784	0.07550755	9.0	3461.0788691043854
119	97.825455	3.137354	100.0	82.6	174.09091	30.811104	14.595299	62.93672	-15.585629	1200000	1.9247333e-08	32.027466	-0.005858974	-3.9527142	0.3549552	0.015207781	0.06350636	9.0	3491.670280456543
120	95.21786	14.810724	100.0	-10.0	175.375	31.337357	14.810931	63.711617	-14.138348	1210000	-4.0357313e-09	77.78858	-0.009026159	-23.128706	0.35803655	0.015070575	0.06940694	18.0	3520.4546432495117
121	97.454544	2.6520534	100.0	89.8	175.81818	30.56999	15.194367	64.49729	-42.16569	1220000	3.8805106e-10	41.25775	-0.009385721	-13.056672	0.35740483	0.015429273	0.07970797	17.0	3548.6421048641205
122	97.083626	6.843571	100.0	52.0	176.29091	31.320066	14.596174	65.68242	-11.730602	1230000	-4.4703484e-08	42.739132	-0.0057659573	-5.44544	0.36226296	0.015485078	0.076007605	9.0	3578.3712463378906
123	97.02142	4.8516097	100.0	71.8	174.14285	31.705835	14.372491	61.794205	-7.9764934	1240000	-3.228585e-08	32.919403	-0.0073466008	-4.7933393	0.367703	0.015527477	0.06850685	15.0	3608.2415220737457
124	98.082146	2.3157153	100.0	88.0	173.30357	31.647348	14.907021	61.18791	-9.812069	1250000	8.692344e-09	29.70962	-0.008042965	-3.6087017	0.35520062	0.015043776	0.08680868	32.0	3637.802954673767
125	97.83571	3.0088222	100.0	85.6	173.82143	32.110043	14.844374	61.71351	-8.539385	1260000	3.1044085e-08	28.116282	-0.007916693	-3.9756496	0.36195675	0.015719088	0.08040804	16.0	3667.3646664619446
126	98.045616	2.3767931	100.0	89.8	170.38597	32.355213	14.799035	61.602818	0.56162846	1270000	8.692344e-09	26.86997	-0.008391735	-2.0144265	0.35495505	0.015294012	0.08260826	33.0	3695.952738761902
127	95.90741	11.158502	100.0	29.8	178.0	30.730793	15.709313	62.366047	-29.355555	1280000	-6.208817e-09	45.718445	-0.0084856525	-13.161553	0.37379336	0.016629463	0.06410641	8.0	3723.8287303447723
128	98.28727	1.935604	100.0	94.0	176.8	30.883234	14.806221	61.924923	-6.664444	1290000	-2.1109978e-08	27.827368	-0.0071691205	-4.377693	0.36544362	0.015054538	0.06480648	14.0	3754.1301350593567
129	97.58182	2.7666252	100.0	88.0	175.6	31.984215	14.083675	61.725792	-6.8992815	1300000	-3.7252903e-09	30.56349	-0.0048464644	-3.659495	0.36232856	0.016159022	0.08010801	11.0	3785.473355770111
130	98.30182	2.0647242	100.0	92.0	177.32727	31.377993	14.904058	62.94552	-8.937822	1310000	-1.4901161e-08	28.141237	-0.008986175	-2.7285912	0.35255566	0.015233245	0.08170817	35.0	3814.8551473617554
131	98.13215	4.144062	100.0	70.0	172.57143	32.6043	14.308996	62.679424	-0.7775919	1320000	-9.934108e-09	30.086206	-0.0057788105	-4.2130513	0.36310112	0.015396342	0.06450645	21.0	3845.3655660152435
132	97.725	4.7400365	100.0	66.4	172.19643	31.795828	15.172828	62.82576	-22.952997	1330000	-1.1175871e-08	28.185278	-0.006969048	-3.3853455	0.37389407	0.01667903	0.07980798	10.0	3873.5561883449554
133	97.60357	3.0550869	100.0	86.8	175.91072	32.186108	14.850445	63.011894	-8.682095	1340000	1.7384687e-08	29.731863	-0.006375629	-5.383795	0.3671926	0.015557189	0.07250725	15.0	3901.677950143814
134	97.84912	3.2277918	100.0	80.0	170.66667	31.473724	14.858309	62.665653	-16.931398	1350000	4.967054e-09	28.683897	-0.0050129164	-5.263172	0.3724399	0.017049318	0.07180718	8.0	3930.357895374298
135	97.75715	3.1374953	100.0	85.0	173.78572	32.01745	14.611584	64.74331	-22.294765	1360000	1.1175871e-08	31.730467	-0.006783206	-6.629375	0.37746263	0.015159101	0.061506152	11.0	3957.930029153824
136	96.54444	7.3393326	100.0	58.0	180.18518	31.078009	14.891865	60.97282	-4.238984	1370000	2.4835268e-08	51.187252	-0.008118137	-9.82297	0.3702675	0.01549245	0.07050705	15.0	3986.9056730270386
137	96.057144	10.497871	100.0	23.8	174.17857	30.884787	14.779195	64.13697	-26.936346	1380000	-1.3116126e-08	42.505398	-0.007204627	-10.869836	0.36977354	0.015711812	0.08170817	9.0	4015.8959000110626
138	97.424995	5.200009	100.0	65.2	174.55357	31.280962	14.739004	62.398438	-31.013008	1390000	-1.4901161e-08	33.82188	-0.0059996773	-8.461108	0.37054554	0.015543473	0.06050605	8.0	4044.8459453582764
139	97.46429	4.1212177	100.0	77.8	175.01785	31.962	14.402349	62.10982	-7.9279313	1400000	9.934108e-09	32.390377	-0.0059926813	-4.8127003	0.36713424	0.015583201	0.097009696	6.0	4073.8921151161194
140	98.368965	1.9535297	100.0	92.2	168.55173	32.653103	14.154973	62.32756	-2.576846	1410000	-2.483527e-09	23.466665	-0.0048219124	-3.6289291	0.36528334	0.015267819	0.06440643	14.0	4099.979466199875
141	97.79643	3.3424735	100.0	80.8	172.41072	32.49363	14.78706	62.488327	-1.9233198	1420000	4.967054e-09	26.126177	-0.004925439	-3.4987257	0.36065388	0.015860999	0.063106306	8.0	4130.095783233643
142	97.08772	7.968448	100.0	42.4	172.52632	31.90435	15.205855	62.104126	-10.370583	1430000	3.7252903e-09	31.73734	-0.0064386427	-5.6506753	0.3655566	0.015160968	0.06410641	11.0	4158.676226139069
143	97.63509	5.789297	100.0	58.0	170.3158	32.432816	14.677351	62.08288	-18.493896	1440000	-2.1109978e-08	32.334038	-0.006398422	-5.802723	0.36358812	0.01540969	0.07020702	13.0	4189.6000282764435
144	97.689285	3.784729	100.0	76.0	171.83928	32.03104	15.173244	62.41725	-5.1534443	1450000	-9.934108e-09	25.508581	-0.0063887113	-2.8230534	0.35940042	0.015317604	0.06950695	13.0	4218.5958824157715
145	98.12142	2.5564148	100.0	86.0	173.35715	32.05622	14.844497	61.76285	-4.4004974	1460000	3.5079818e-08	24.333326	-0.003963458	-2.9052744	0.35782132	0.015664289	0.07670767	9.0	4246.492928028107
146	98.32983	2.18174	100.0	90.0	172.29825	32.142254	15.019845	61.67576	1.2508123	1470000	-4.2064737e-08	24.886866	-0.0037769869	-2.7271214	0.35847178	0.015065295	0.05010501	9.0	4275.574363231659
147	97.58246	3.7321324	100.0	85.0	171.70175	32.424915	14.688009	61.177364	-7.652596	1480000	-1.1175871e-08	27.412085	-0.0048031793	-2.96422	0.37542728	0.016061844	0.06590659	11.0	4306.3375153541565
148	97.27636	4.506398	100.0	76.0	179.2	31.645498	14.565588	60.411972	-4.2672915	1490000	-1.7384687e-08	33.23288	-0.0024406516	-5.029635	0.3735876	0.016027411	0.086708665	6.0	4335.620643615723
149	96.87273	6.780653	100.0	67.6	176.16364	31.251286	14.646468	61.797565	-21.937841	1500000	1.1796753e-08	38.90928	-0.005661177	-6.5426025	0.36782146	0.016360471	0.07560756	8.0	4364.615714073181
150	98.31228	2.3293753	100.0	88.0	170.57895	32.367764	14.444022	62.200073	-9.443552	1510000	-4.967054e-09	25.097694	-0.0030782141	-3.5800521	0.37632003	0.016272942	0.06770677	6.0	4393.308721065521
151	97.88363	2.5537682	100.0	89.8	176.58182	32.105434	14.779455	63.171005	-0.71618956	1520000	1.4901161e-08	27.694578	-0.0057639605	-2.851331	0.36790848	0.015545596	0.07590759	16.0	4422.087234735489
152	97.49642	3.783987	100.0	78.4	174.01785	31.705145	14.640924	63.277077	-8.4466095	1530000	-1.4590721e-08	31.059381	-0.0060143196	-5.137604	0.3805449	0.017004663	0.07930792	9.0	4451.090840816498
153	98.049995	2.0946357	100.0	92.0	173.42857	32.183304	14.456057	62.92905	-1.8614993	1540000	1.2417635e-09	27.331347	-0.0038387214	-3.6470292	0.37538612	0.01632577	0.08220822	7.0	4477.401946783066
154	98.52143	1.6338724	100.0	95.2	171.85715	32.094673	15.081498	62.385044	-4.0176997	1550000	-3.4458935e-08	26.261864	-0.007483767	-2.803175	0.38386002	0.015065309	0.07010701	21.0	4505.604167222977
155	97.63928	4.1806393	100.0	74.2	173.73215	32.386738	14.912826	62.257633	-9.778873	1560000	1.4280279e-08	27.380606	-0.006559504	-3.5510597	0.37803915	0.015264146	0.05530553	14.0	4536.012352466583
156	97.638596	3.361169	100.0	86.0	173.08772	32.183033	14.713593	62.884853	-0.2330131	1570000	2.483527e-09	26.53745	-0.007602245	-3.145373	0.37448823	0.015211559	0.06930693	36.0	4565.960108995438
157	96.807144	9.495034	100.0	29.2	175.26785	31.364393	15.369565	62.338017	-8.942978	1580000	6.208817e-09	38.922768	-0.0064192116	-10.286576	0.37812734	0.015081328	0.07070707	9.0	4594.769126176834
158	97.76141	3.5042703	100.0	80.8	172.98245	31.537796	14.823189	61.796925	-6.5936913	1590000	-4.0978193e-08	26.817213	-0.0076349466	-5.010796	0.38705054	0.015595242	0.09010901	11.0	4623.645156860352
159	97.93817	2.6625683	100.0	88.6	176.21819	32.1401	14.651315	65.60884	-0.98892725	1600000	1.5289212e-08	27.841097	-0.008863654	-3.8179176	0.37866333	0.015298218	0.09370937	24.0	4654.772125959396
160	97.10526	4.547775	100.0	72.0	170.77193	32.362232	14.633825	64.78278	-3.3881938	1610000	-1.9247333e-08	28.584702	-0.0049416632	-5.108	0.39006504	0.016753873	0.06510651	8.0	4684.422038793564
161	98.200005	2.2221458	100.0	89.2	168.05173	32.7312	14.875216	61.21268	-8.44623	1620000	3.4148496e-08	23.879112	-0.0067768297	-3.5023174	0.38539806	0.015126656	0.08270827	17.0	4713.987564086914
162	97.42857	4.3908067	100.0	73.6	174.33928	32.256454	14.867633	62.58678	-0.36640674	1630000	-4.5634806e-08	30.772657	-0.0048570815	-3.4162781	0.38578948	0.015082914	0.06420642	10.0	4742.693122386932
163	97.703575	2.5416508	100.0	88.0	174.05357	31.995285	14.44948	61.67183	-12.042237	1640000	1.3038516e-08	27.276194	-0.005802858	-3.7658436	0.3858998	0.015379131	0.07910791	10.0	4774.9203815460205
164	97.42857	3.6569755	100.0	79.6	173.71428	31.38024	15.155449	61.697987	-19.169804	1650000	-9.934108e-09	29.932829	-0.006389892	-3.7089245	0.39509797	0.01653886	0.10081008	7.0	4801.688841104507
165	94.35849	11.611468	100.0	30.4	182.28302	30.289188	15.396212	61.037537	-19.34845	1660000	-2.3593506e-08	51.642654	-0.008238367	-15.051471	0.40426597	0.015098487	0.08490849	6.0	4830.763792991638
166	96.91481	3.6465313	100.0	79.6	180.25926	31.055231	14.128662	60.445927	-8.05571	1670000	3.8805106e-09	33.718437	-0.005286937	-7.5798225	0.38711777	0.015427199	0.06710672	9.0	4859.549877405167
167	96.63274	4.7654457	100.0	76.0	179.72728	30.65153	14.988219	61.482224	-9.220207	1680000	3.3527613e-08	33.05495	-0.0073934495	-5.47409	0.3936107	0.01580594	0.07650765	12.0	4887.132598638535
168	96.1963	6.1686773	100.0	71.2	179.05556	30.509676	15.0669775	61.819336	-12.003456	1690000	-1.0554989e-08	36.6543	-0.008547958	-7.1926217	0.40296996	0.015012391	0.08980898	12.0	4914.712978839874
169	97.03793	3.8466215	100.0	83.2	170.39655	31.700811	14.618788	63.21872	-5.133451	1700000	-2.6853135e-08	30.121284	-0.006904839	-4.479795	0.3984759	0.015036211	0.0590059	16.0	4944.773379087448
170	97.48	3.2510922	100.0	86.0	177.05455	31.602669	14.6582365	62.213722	-6.223091	1710000	-3.0112762e-08	30.424797	-0.005212812	-3.4021218	0.39200702	0.015758602	0.095909595	11.0	4973.076731920242
171	98.30176	2.0413697	100.0	91.6	171.2807	31.920908	14.789606	62.95877	0.20582259	1720000	2.3981556e-08	26.194887	-0.0057511437	-3.7025928	0.39520136	0.01661761	0.118511856	9.0	5000.491959571838
172	97.814545	3.3160448	100.0	80.8	176.47273	31.720726	15.014373	63.227905	-10.880377	1730000	2.9802322e-08	29.956186	-0.0063449214	-5.047876	0.38826653	0.015344511	0.08050805	13.0	5029.036798000336
173	96.25926	5.6455336	100.0	64.6	179.72223	30.619984	15.086894	62.261795	-19.517345	1740000	-6.829699e-09	31.194199	-0.008487016	-5.915256	0.39788294	0.01579248	0.08920892	14.0	5057.368911266327
174	96.84444	4.973361	100.0	72.4	177.40741	30.751467	15.158815	61.365257	-9.080154	1750000	1.8626451e-08	40.63721	-0.005816838	-9.334519	0.39796504	0.015134122	0.08850885	7.0	5085.272406339645
175	96.684616	4.0858755	100.0	76.0	189.67308	30.27492	14.297949	62.59651	-5.419358	1760000	1.2417635e-09	40.228546	-0.006548213	-8.131362	0.39309776	0.016279144	0.08620862	9.0	5112.7788763046265
176	96.14815	7.155748	100.0	55.0	179.64815	30.55558	14.062456	62.408337	-23.522161	1770000	1.8626451e-08	42.96921	-0.006122732	-9.83684	0.3832803	0.0155922575	0.062806286	8.0	5139.677636146545
177	96.625465	4.5344825	100.0	72.4	177.89091	30.794659	14.935201	62.23728	-11.172843	1780000	1.9868216e-08	37.463936	-0.007675234	-8.159574	0.37364474	0.015198653	0.10361037	13.0	5168.536021232605
178	97.71071	3.3455555	100.0	78.0	173.60715	31.308006	14.856517	63.374348	-22.2175	1790000	1.1175871e-08	30.6437	-0.0076501276	-4.9329853	0.39339125	0.01520712	0.0830083	24.0	5196.992396116257
179	95.841515	7.5257907	100.0	62.2	179.77359	30.451904	15.280049	62.978584	-5.777471	1800000	-1.1796753e-08	46.362278	-0.005279737	-9.866648	0.39387357	0.015470105	0.0510051	7.0	5223.546971797943
180	97.7158	2.9115493	100.0	88.6	170.5965	31.129034	14.958291	63.61555	-11.01149	1810000	0.0	31.909555	-0.006721239	-7.1087284	0.40261266	0.016413659	0.07130713	10.0	5252.188418626785
181	97.53214	3.400478	100.0	81.4	172.625	32.083702	15.163581	64.116104	-6.991842	1820000	2.4835268e-08	27.137655	-0.0073532164	-2.8395424	0.40287325	0.015099638	0.08280828	19.0	5279.922254085541
182	96.840004	4.86881	100.0	74.2	177.29091	31.58755	14.911583	64.56453	-10.539529	1830000	-2.6697913e-08	33.415375	-0.005972069	-4.4426713	0.39321277	0.015521499	0.07770777	10.0	5306.832641363144
183	96.977776	4.6585116	100.0	76.0	179.05556	30.835194	15.248771	65.29306	-9.407296	1840000	-1.6142925e-08	37.910664	-0.006800762	-6.3849654	0.39938262	0.015101976	0.08780879	9.0	5336.543494939804
184	97.71379	2.5768502	100.0	90.0	170.31035	32.07603	14.288458	63.828064	-0.4388674	1850000	1.6453365e-08	24.549276	-0.004996503	-2.9396636	0.38970676	0.015868552	0.07410741	10.0	5363.431263208389
185	97.00351	4.637224	100.0	73.0	172.29825	32.11607	14.998344	64.17806	-0.5984637	1860000	3.7252903e-09	32.69795	-0.0056386697	-5.6508307	0.39134857	0.015185639	0.06710672	9.0	5391.19943356514
186	96.559265	6.12492	100.0	65.2	179.33333	31.13911	15.119165	64.73369	-14.997548	1870000	0.0	36.476334	-0.0068400837	-6.485659	0.3855884	0.01611515	0.11181118	9.0	5419.173783779144
187	97.90714	2.7276275	100.0	86.2	172.46428	31.256044	14.612633	63.46934	-6.791272	1880000	-4.0978193e-08	30.573763	-0.004848733	-5.892428	0.3945867	0.015479215	0.070707075	9.0	5446.006463050842
188	97.36071	3.5897515	100.0	85.0	172.08928	32.120197	14.898439	62.375347	-8.943903	1890000	-1.2417635e-09	28.322641	-0.007639772	-3.5730927	0.39241037	0.0150375785	0.06840684	16.0	5474.637760877609
189	97.472725	4.270383	100.0	74.2	175.65454	31.78118	14.644937	62.093422	-7.634536	1900000	3.7252903e-09	30.648224	-0.0091066705	-4.0424137	0.38300955	0.015477243	0.08330833	26.0	5502.219042062759
190	97.95517	2.4783323	100.0	91.6	169.22414	32.616592	14.29874	63.35813	-10.115972	1910000	-8.071463e-09	26.191877	-0.0065027014	-2.389941	0.38724113	0.015115957	0.06690669	17.0	5530.040073156357
191	97.33454	3.7004285	100.0	82.6	176.27272	31.643307	15.027275	62.65598	-5.9610705	1920000	0.0	38.71509	-0.008721477	-6.775991	0.38163733	0.015353874	0.096909694	17.0	5559.897072315216
192	94.792	10.562876	100.0	34.6	194.38	28.942553	15.578883	65.066154	-27.749588	1930000	8.692344e-09	55.692806	-0.009809281	-18.216913	0.3889258	0.016447246	0.085608564	9.0	5588.030751466751
193	96.71071	4.8872895	100.0	76.0	172.78572	31.101658	13.864109	59.693398	-12.582379	1940000	3.4769375e-08	38.326843	-0.0065893866	-8.037146	0.387849	0.01594398	0.08240824	9.0	5615.336806058884
194	97.56364	2.750231	100.0	90.4	176.03636	31.607845	14.369611	62.116314	-6.139223	1950000	-1.839362e-08	29.763956	-0.0050427895	-3.6686585	0.37720165	0.01583586	0.05780578	10.0	5643.898610830307
195	96.14815	5.519016	100.0	74.2	181.72223	31.427467	14.527521	65.17244	-1.6582335	1960000	8.692344e-09	41.089893	-0.0060382686	-7.507649	0.38227215	0.0156094385	0.07850785	9.0	5671.652192831039
196	98.09999	2.237026	100.0	92.0	175.625	31.118132	14.719098	63.31274	-3.7752209	1970000	1.2417635e-09	30.81872	-0.009447715	-5.857664	0.3657891	0.015111443	0.09160916	51.0	5702.624794960022
197	97.10384	4.812562	100.0	76.0	183.96153	31.019045	14.442948	62.479797	-3.5857427	1980000	2.173086e-08	42.293476	-0.0063354955	-6.3750515	0.38041663	0.01557253	0.07020702	9.0	5730.239856958389
198	97.957146	2.6212637	100.0	86.2	176.67857	31.680363	14.504376	62.119583	-15.486163	1990000	-2.7939677e-09	31.570814	-0.005924143	-3.4476242	0.38312888	0.01519319	0.07210721	13.0	5758.3943881988525
199	97.962265	2.8425493	100.0	82.6	180.24529	31.430971	14.206886	60.661964	0.60373837	2000000	2.483527e-09	35.932163	-0.0065237903	-5.498667	0.38967165	0.015521467	0.0710071	9.0	5785.990603923798
200	94.60741	17.69574	100.0	-20.0	179.94444	30.991058	14.506667	61.384098	-23.889042	2010000	2.2351742e-08	79.18507	-0.009389675	-34.511684	0.39426586	0.015913544	0.08090809	13.0	5816.32762503624
201	95.161545	17.806828	100.0	-30.0	182.0	30.018631	14.9275675	56.855553	-29.148676	2020000	4.4703484e-08	67.41301	-0.009666887	-20.176262	0.3846699	0.015615971	0.07980798	17.0	5843.192681312561
202	97.825005	4.334588	100.0	71.8	175.625	30.110373	15.288685	60.795376	-50.988167	2030000	4.967054e-09	47.289577	-0.007536371	-19.679771	0.38020825	0.015029463	0.075007506	11.0	5872.005947351456
203	97.46296	3.0291975	100.0	86.2	180.68518	31.708937	14.095116	61.67474	-27.547796	2040000	4.967054e-09	33.452133	-0.0074633	-5.875344	0.36548615	0.015397721	0.07130713	15.0	5900.619620800018
204	97.36666	3.9147866	100.0	81.4	182.11111	30.702915	14.532591	60.903496	-26.654135	2050000	2.3283064e-08	36.654663	-0.0060810167	-4.8310266	0.3827566	0.015666654	0.07330733	6.0	5929.096307516098
205	97.69819	3.8164947	100.0	74.0	177.14546	31.210228	14.404681	60.695854	-2.3547583	2060000	4.346172e-09	32.161896	-0.0075003193	-4.1090074	0.38837376	0.015063342	0.07740775	12.0	5956.490233898163
206	98.01132	2.1092484	100.0	92.0	178.49057	30.702581	14.980669	61.754227	-28.106092	2070000	-2.2196522e-08	41.170208	-0.006318824	-6.6833034	0.37915036	0.015336558	0.07410741	9.0	5984.669150114059
207	97.18112	3.291674	100.0	86.2	183.83018	30.47061	14.777983	62.032894	-7.2914395	2080000	5.0912302e-08	37.754887	-0.0059950803	-5.9610844	0.38815346	0.01567582	0.074107416	10.0	6011.724866867065
208	96.01481	6.1706414	100.0	70.0	181.46297	30.304087	14.671263	62.155308	-13.960619	2090000	1.8626451e-08	43.93465	-0.0057719	-8.518529	0.3908819	0.016628437	0.07020702	9.0	6039.499690532684
209	97.65819	2.944498	100.0	84.4	178.6	30.297926	14.583626	60.99878	-20.04781	2100000	4.0357313e-09	39.038563	-0.005202941	-10.538835	0.38682938	0.015519959	0.058105808	7.0	6069.701900243759
210	96.04906	8.748641	100.0	54.4	183.35849	31.533104	13.993996	63.076992	-18.867075	2110000	1.9868216e-08	58.28827	-0.0075825755	-17.829132	0.38607892	0.015486099	0.076107614	10.0	6097.247709989548
211	96.99637	5.1166024	100.0	68.0	175.8	30.840422	14.444537	62.66286	-1.2097152	2120000	-9.934108e-09	37.59245	-0.0062686317	-6.7414985	0.37745342	0.015291207	0.08510851	9.0	6127.530537843704
212	96.754715	5.7850347	100.0	68.0	184.18867	30.039228	15.293421	62.39729	-18.967796	2130000	-1.2417634e-08	35.81239	-0.005106243	-4.572148	0.38581148	0.015123761	0.12931293	6.0	6156.596186637878
213	97.9	2.2236936	100.0	90.0	179.61111	31.250942	13.926816	61.874527	-7.6952043	2140000	-2.9181441e-08	31.092024	-0.0052847625	-4.244845	0.36282745	0.015707808	0.07630763	17.0	6183.592872142792
214	97.31273	4.0548534	100.0	76.0	178.12727	31.221466	14.594302	62.16699	-17.11126	2150000	-1.6763806e-08	34.577057	-0.007162232	-4.5459056	0.37438056	0.0152856605	0.08510851	11.0	6212.997781038284
215	98.08727	2.307856	100.0	91.0	174.98181	31.776846	14.007029	62.02903	-1.8068515	2160000	1.4590721e-08	28.82811	-0.0051108883	-3.221543	0.36319193	0.015524593	0.05590559	11.0	6239.384740352631
216	97.75	3.1591709	100.0	86.2	174.55357	31.698902	15.017714	63.76725	-19.898685	2170000	9.623666e-09	32.29892	-0.0057812654	-4.5059166	0.3634403	0.016217142	0.06910691	8.0	6267.557647705078
217	97.417854	4.2887354	100.0	76.6	173.625	32.536594	14.070749	62.554596	-7.980337	2180000	-4.8428774e-08	35.07237	-0.004864381	-4.448774	0.35728356	0.015020914	0.076807685	12.0	6296.0266127586365
218	97.68572	2.7497683	100.0	89.2	173.58928	32.05214	14.512561	63.8102	-12.389702	2190000	3.4614157e-08	28.257421	-0.0061311848	-3.0951622	0.35930994	0.015758308	0.06570657	16.0	6325.008640527725
219	98.01786	2.7957306	100.0	87.4	176.625	31.943079	14.554035	63.924282	2.4767623	2200000	7.993852e-09	28.136751	-0.005815342	-2.6633568	0.36582682	0.015340999	0.07940794	14.0	6353.476453065872
220	97.515785	4.518647	100.0	69.4	171.1579	32.20807	14.626108	62.825573	-10.151157	2210000	3.9115548e-08	30.871185	-0.0064881276	-4.5238853	0.3718344	0.015678411	0.10331034	10.0	6380.650271654129
221	96.83929	6.3599663	100.0	58.0	176.51785	31.421997	15.021446	64.3163	-30.544603	2220000	-2.7318796e-08	36.803547	-0.008365964	-9.277452	0.37881187	0.016029563	0.09660966	11.0	6409.257217645645
222	97.97894	2.3666348	100.0	91.6	170.10527	31.888382	14.862046	61.039818	-2.9810288	2230000	-3.259629e-08	28.185831	-0.005731312	-4.202659	0.37464514	0.015442994	0.08280828	11.0	6436.335503578186
223	97.58519	5.3565955	100.0	61.6	179.90741	31.480486	15.111195	61.41371	-18.585371	2240000	9.934108e-09	31.123138	-0.0072597507	-4.877355	0.36140528	0.015307705	0.095909595	13.0	6463.54176568985
224	97.764915	2.9954634	100.0	85.0	169.7193	32.40972	14.496207	61.088856	-1.3234148	2250000	1.9868216e-08	27.877039	-0.0050832513	-5.670651	0.3707954	0.015040976	0.10771078	7.0	6492.0342791080475
225	97.807014	3.649362	100.0	79.6	171.73685	32.70342	14.314221	62.227222	-0.333867	2260000	-3.973643e-08	29.692205	-0.005650019	-4.0168567	0.3627142	0.015525338	0.07280728	11.0	6519.312063455582
226	97.41429	4.5459332	100.0	70.0	175.42857	31.909819	14.728914	61.870373	-3.3898013	2270000	1.2417635e-09	35.4792	-0.006540194	-3.8400314	0.36135468	0.015130095	0.0840084	11.0	6547.937571763992
227	97.23273	4.3048825	100.0	81.4	177.10909	31.31663	15.005637	62.00355	-12.307802	2280000	-4.5634806e-08	32.751606	-0.00804712	-4.556544	0.37050557	0.015538062	0.0810081	11.0	6577.009418487549
228	97.45263	5.47614	100.0	61.0	172.05263	31.790413	14.434699	62.66875	-0.9527117	2290000	-6.2088173e-10	33.658207	-0.005753912	-5.4087873	0.36557364	0.015502349	0.07420742	7.0	6606.091115951538
229	97.44211	4.296672	100.0	76.0	172.98245	32.276367	14.696316	63.03086	1.3079789	2300000	3.5700698e-08	29.117605	-0.006637579	-3.0384471	0.3689754	0.015864847	0.07670767	13.0	6635.615489721298
230	98.09286	2.359771	100.0	91.0	171.57143	32.438717	14.061555	63.506367	-0.6888719	2310000	1.6142925e-08	28.726166	-0.005477945	-2.6399658	0.3662432	0.015198439	0.064706475	18.0	6663.8739330768585
231	98.38596	1.8671151	100.0	94.0	172.0351	32.21775	14.678212	62.148705	-4.153594	2320000	-2.5456151e-08	26.434805	-0.0051295566	-2.0138836	0.3703289	0.015189399	0.06230623	24.0	6694.326119661331
232	98.08001	2.3459363	100.0	89.8	176.65454	32.071136	14.872201	64.18386	-20.910734	2330000	-6.208817e-09	29.745295	-0.007981582	-3.514558	0.3718895	0.015076854	0.076807685	29.0	6720.575684309006
233	98.40357	2.245787	100.0	89.2	175.14285	32.030758	14.233242	61.839897	-12.322613	2340000	-2.1109978e-08	28.949076	-0.006127555	-2.2969959	0.3795998	0.015116827	0.09160916	14.0	6752.190155029297
234	97.762955	3.2664566	100.0	84.4	181.33333	31.656715	14.208447	63.581047	-2.3490696	2350000	3.1044085e-09	32.337727	-0.0066891382	-5.301075	0.37057292	0.015463312	0.07140714	17.0	6778.789722442627
235	97.95555	2.4737632	100.0	90.0	177.42592	31.669128	13.911379	62.406532	-3.2385974	2360000	1.8626451e-09	32.35915	-0.0072603156	-4.042324	0.37165275	0.015029631	0.083808385	41.0	6808.839115381241
236	98.125	2.3921187	100.0	89.2	175.25	31.849775	14.437462	62.663082	0.084519744	2370000	3.228585e-08	26.698267	-0.004776785	-2.0252979	0.37374893	0.015163866	0.073307335	15.0	6837.822897434235
237	98.23397	2.1090052	100.0	92.0	180.26414	31.628302	14.237872	62.34585	-9.452854	2380000	-2.3593506e-08	34.802563	-0.0052292645	-3.6491604	0.36626217	0.016574072	0.07970797	8.0	6864.923894166946
238	98.229095	2.0726507	100.0	91.0	176.96364	31.982306	13.93729	63.10543	-0.8831569	2390000	1.4901161e-08	30.852036	-0.006972719	-2.4479115	0.36593977	0.01536484	0.069006905	23.0	6894.699792385101
239	98.24912	2.197696	100.0	91.6	170.63158	32.727142	13.931528	61.608482	2.3016257	2400000	1.5522042e-08	25.017729	-0.005136044	-3.2033813	0.37448502	0.015529894	0.06080608	12.0	6922.294725179672
240	98.225	2.0110626	100.0	92.8	173.08928	32.61946	14.520334	62.724754	-20.18853	2410000	-3.8494665e-08	28.42383	-0.01008425	-2.5229073	0.3798864	0.015139796	0.087608755	54.0	6950.927543878555
241	97.99629	2.7234218	100.0	86.2	179.22223	32.070408	14.298032	62.117294	-4.126748	2420000	8.692344e-09	33.460697	-0.006761642	-3.7192433	0.36307263	0.015691204	0.09570957	12.0	6979.457567691803
242	97.8	3.8442402	100.0	76.6	179.27272	31.688044	14.234595	62.369965	-10.213411	2430000	-1.2417635e-09	36.822414	-0.0061537675	-4.0690265	0.36868525	0.015047138	0.07370737	11.0	7008.342193841934
243	97.847275	2.4580739	100.0	88.6	175.38182	31.902813	14.114222	62.22416	-0.113431215	2440000	3.1044085e-08	29.677269	-0.0066875503	-2.1369445	0.3696806	0.015103557	0.08430842	15.0	7035.545205593109
244	97.86428	3.2885313	100.0	79.6	175.48215	32.04037	14.174198	63.126472	1.6918122	2450000	2.483527e-09	30.479376	-0.0038318352	-2.265992	0.37371624	0.016298512	0.074407436	13.0	7065.001591920853
245	98.24642	1.9755613	100.0	92.0	174.23215	32.143147	14.337127	65.152504	-3.3612597	2460000	3.1044085e-08	28.855082	-0.006327754	-2.4342396	0.36941418	0.016089166	0.0739074	21.0	7094.010592222214
246	98.38546	2.0999928	100.0	90.4	177.70909	31.818312	14.263343	63.41427	-10.203263	2470000	-1.0089328e-08	31.358896	-0.0074447147	-4.392868	0.36594892	0.015023702	0.08180818	19.0	7121.495776176453
247	98.29123	2.4926755	100.0	85.0	171.5614	32.415787	14.089852	60.266895	3.2633033	2480000	-1.8626451e-09	27.59939	-0.0054637543	-5.771314	0.37348017	0.015000832	0.08420842	10.0	7150.8650069236755
248	97.93455	4.2796865	100.0	72.0	176.41818	31.878387	14.7174425	62.707138	-11.092648	2490000	2.9802322e-08	34.642452	-0.0073870737	-4.6240964	0.37711617	0.015118633	0.087508745	15.0	7179.122920036316
249	98.21755	3.0399172	100.0	80.2	174.4035	31.942305	14.366829	60.629578	-25.064302	2500000	-9.934108e-09	32.14621	-0.008157844	-4.9063563	0.37714484	0.015227622	0.09060905	17.0	7209.59690451622
