Epoch	AverageEpRet	StdEpRet	MaxEpRet	MinEpRet	EpLen	AverageVVals	StdVVals	MaxVVals	MinVVals	TotalEnvInteracts	LossPi	LossV	DeltaLossPi	DeltaLossV	Entropy	KL	ClipFrac	StopIter	Time
0	-87.291664	9.945599	-70.0	-100.0	198.70833	0.055292748	0.10143095	0.50484055	-0.40739548	10000	-1.7695129e-08	1702.0319	-0.014373737	-451.74307	3.440687	0.015065037	0.13731372	33.0	19.495431661605835
1	-87.5	9.682458	-60.0	-100.0	199.29167	-7.1192408	4.3852253	8.881552	-8.991619	20000	-1.2417635e-09	1213.1381	-0.014939081	-345.802	3.4312227	0.015094002	0.18161815	41.0	38.952438831329346
2	-86.666664	10.671874	-50.0	-100.0	197.5625	-13.876403	1.6312915	12.793511	-14.487527	30000	-2.9181441e-08	915.85675	-0.012678462	-220.93097	3.4299698	0.0150322085	0.14661467	46.0	58.04277229309082
3	-87.291664	12.203071	-60.0	-100.0	198.75	-19.464123	0.602437	13.7759285	-19.603098	40000	-7.450581e-09	713.0717	-0.016244156	-124.14288	3.420118	0.014238772	0.14141415	79.0	77.79949522018433
4	-89.166664	9.753917	-70.0	-100.0	198.66667	-23.605255	1.2139457	17.23585	-23.726244	50000	-1.1796753e-08	547.85077	-0.014831922	-78.18524	3.4105785	0.015085523	0.105110504	42.0	97.30680084228516
5	-86.25	8.809322	-70.0	-100.0	199.10417	-26.941528	0.91338253	9.807389	-27.104546	60000	-1.7462298e-10	465.17114	-0.015172187	-101.16592	3.3948328	0.0150427185	0.13141315	43.0	116.93830513954163
6	-87.708336	10.847347	-60.0	-100.0	198.95833	-26.464487	5.9355035	8.88506	-30.425158	70000	-6.208817e-09	360.22363	-0.015990898	-52.286602	3.3709679	0.015042807	0.13881387	43.0	136.5010838508606
7	-88.125	9.277268	-60.0	-100.0	199.5625	-28.380377	7.4360147	24.070494	-33.409927	80000	1.4901161e-08	323.4758	-0.017842798	-48.75711	3.34294	0.015097839	0.18211822	55.0	156.71077156066895
8	-86.25	9.270248	-60.0	-100.0	199.58333	-30.311808	8.088742	-13.039018	-36.146362	90000	-1.2417635e-09	271.31223	-0.016051007	-27.692362	3.3297007	0.015065499	0.13261326	47.0	177.39041662216187
9	-86.041664	10.750889	-60.0	-100.0	199.5	-31.615362	9.244159	6.0217514	-38.452843	100000	-1.4901161e-08	238.11507	-0.015948473	-18.3824	3.3199728	0.015063302	0.15861587	41.0	196.88451504707336
10	-89.166664	9.090593	-70.0	-100.0	201.3125	-32.274746	10.12167	-8.969335	-40.37201	110000	-9.002785e-09	224.41112	-0.020154389	-14.650787	3.2967587	0.013715561	0.14231421	79.0	218.33439588546753
11	-87.916664	9.991316	-60.0	-100.0	200.64583	-33.87305	10.036282	4.606874	-41.99328	120000	-1.2417635e-09	213.06987	-0.018517433	-12.049286	3.2660577	0.014098238	0.12421242	79.0	239.582359790802
12	-86.666664	10.671874	-60.0	-100.0	201.1875	-34.08601	11.203956	-13.089119	-43.50976	130000	6.519258e-09	212.336	-0.01930248	-7.6787467	3.2426589	0.014846628	0.19761975	79.0	261.18924617767334
13	-83.958336	11.67968	-50.0	-100.0	201.54167	-34.64335	11.953678	5.4762297	-44.78004	140000	-8.692344e-09	190.34682	-0.017222106	-5.8579407	3.2321806	0.012034934	0.119811974	79.0	284.7669997215271
14	-85.625	12.400647	-40.0	-100.0	200.70833	-34.239296	12.672253	1.218353	-45.721657	150000	1.5522043e-10	183.72139	-0.011358854	-12.449681	3.2407792	0.015084821	0.14381438	21.0	304.59701013565063
15	-82.5	9.013878	-60.0	-100.0	199.45833	-34.262302	12.209891	-10.116254	-46.679325	160000	-7.450581e-09	169.94504	-0.018873526	-19.26591	3.2400606	0.0114470525	0.13911392	79.0	325.58292388916016
16	-81.041664	11.9442425	-50.0	-100.0	199.77083	-32.5946	12.55451	20.685663	-47.698364	170000	3.259629e-09	161.07088	-0.018965293	-14.166473	3.219457	0.015081834	0.15091509	62.0	347.40583848953247
17	-80.208336	11.987768	-60.0	-100.0	204.5625	-32.13451	13.171771	-0.20309436	-49.012447	180000	1.2417634e-08	168.34804	-0.020080028	-10.157603	3.1631937	0.013513632	0.16601661	79.0	370.48852705955505
18	-79.791664	11.635002	-50.0	-100.0	199.02083	-31.899485	13.95006	-8.913117	-50.300106	190000	7.1401396e-09	148.89514	-0.015507889	-12.443416	3.157212	0.015166637	0.09990999	43.0	391.47334361076355
19	-79.166664	11.873173	-60.0	-100.0	201.60417	-33.08044	13.675875	-9.162542	-51.595394	200000	1.2417635e-09	132.5993	-0.018819803	-7.1119056	3.1489048	0.0136683285	0.12941295	79.0	413.1306459903717
20	-80.416664	14.427741	-40.0	-100.0	202.77083	-32.5554	13.71037	-10.490492	-52.570236	210000	-6.2088173e-10	168.84825	-0.02163575	-9.003047	3.1349142	0.0134170605	0.14261426	79.0	435.03009366989136
21	-77.708336	11.224895	-50.0	-100.0	203.20833	-33.145355	14.41101	-6.7715807	-53.556244	220000	0.0	135.95595	-0.018343588	-4.3005013	3.1128426	0.013836585	0.13731374	79.0	458.2096507549286
22	-78.541664	12.908264	-50.0	-100.0	203.9375	-32.95965	14.860096	-3.6234083	-54.405193	230000	9.934108e-09	135.9981	-0.022090616	-5.4247284	3.0704162	0.014472074	0.149915	79.0	481.4566912651062
23	-75.625	12.059963	-40.0	-100.0	203.875	-32.74683	15.082526	2.6704445	-55.159473	240000	2.483527e-09	123.249695	-0.022777863	-4.2564673	3.0717106	0.011462655	0.13341333	79.0	503.95015716552734
24	-75.833336	13.819269	-40.0	-100.0	204.125	-32.346996	14.96387	-1.0292171	-55.661915	250000	7.1401396e-09	137.99123	-0.023311844	-5.711136	3.059921	0.013033922	0.13821383	79.0	527.169376373291
25	-76.666664	14.191155	-30.0	-100.0	205.83333	-32.913494	15.433574	-3.4138591	-56.14504	260000	-2.483527e-09	142.90862	-0.0210618	-4.0264893	3.047943	0.011617403	0.13641365	79.0	550.1222696304321
26	-76.875	15.021686	-40.0	-100.0	203.04167	-32.574497	15.109775	-1.5496974	-56.643578	270000	3.7252903e-09	123.46505	-0.022338897	-4.4695	3.0324879	0.012827352	0.12321233	79.0	573.1269094944
27	-74.680855	13.815049	-40.0	-100.0	206.31915	-33.210896	16.104567	-4.145294	-57.20711	280000	4.967054e-09	131.93314	-0.023270497	-6.0730643	3.0432777	0.015045568	0.14871487	74.0	596.1607053279877
28	-77.708336	11.590151	-60.0	-100.0	206.97917	-31.981144	15.791095	-5.250082	-57.439026	290000	1.8626451e-09	136.97139	-0.023561323	-8.748281	3.0688527	0.012336153	0.13961397	79.0	622.0691530704498
29	-76.666664	13.437096	-50.0	-100.0	205.45833	-33.294014	15.926545	-6.226718	-57.698452	300000	4.656613e-09	131.96141	-0.02474165	-4.3506775	3.0385902	0.014617919	0.15711571	79.0	644.5503630638123
30	-70.85107	13.500163	-40.0	-100.0	206.08511	-33.05454	15.527075	-6.469801	-57.82128	310000	1.5522042e-08	149.35837	-0.022957318	-8.244064	3.005615	0.014453049	0.14761476	79.0	668.862359046936
31	-74.347824	12.623679	-50.0	-100.0	208.08696	-31.202917	15.772049	-6.5701556	-57.41643	320000	-3.7252903e-09	144.92389	-0.024086589	-6.118454	2.9801729	0.009444837	0.14161415	79.0	692.6853446960449
32	-72.12766	13.036148	-40.0	-100.0	206.51064	-32.460472	15.920958	2.0756156	-57.445435	330000	1.8626451e-09	141.36296	-0.021866715	-7.177681	2.9573927	0.01500367	0.15421541	55.0	715.17591547966
33	-70.0	14.875369	-40.0	-100.0	208.31915	-31.55452	16.612438	2.464017	-57.806675	340000	9.313226e-09	156.7522	-0.021344392	-8.070048	2.9326992	0.0105040595	0.13521351	79.0	739.5221016407013
34	-68.695656	15.408734	-20.0	-100.0	208.71739	-31.487862	17.29585	-3.2484906	-57.974728	350000	-4.967054e-09	154.19598	-0.023276253	-4.8380585	2.884742	0.011009082	0.1390139	79.0	764.3932421207428
35	-63.666668	18.624954	4.0	-90.0	204.54167	-30.544249	16.57905	-3.6825871	-57.710304	360000	-3.1044085e-09	166.05258	-0.024203723	-7.087143	2.8607464	0.013501107	0.15891589	79.0	788.0541708469391
36	-66.59574	17.415646	-30.0	-100.0	209.04256	-29.254217	17.07318	-1.7269956	-57.27126	370000	2.7163576e-09	167.50319	-0.023507884	-7.6680756	2.8539212	0.013515479	0.1570157	79.0	813.0584845542908
37	-65.95744	14.826597	-30.0	-90.0	208.82979	-29.404474	17.152727	-2.8410194	-57.284668	380000	-3.1044085e-09	155.27728	-0.026413053	-7.869016	2.8247004	0.011252989	0.15381539	79.0	837.3271386623383
38	-65.77778	16.122984	-30.0	-100.0	215.82222	-30.123278	17.24044	-2.3031762	-57.63604	390000	7.450581e-09	169.08514	-0.024337932	-10.850886	2.7955208	0.011179715	0.13481349	79.0	860.3914897441864
39	-64.565216	16.511724	-20.0	-90.0	212.78261	-28.692163	16.105886	-0.5355968	-54.79564	400000	1.6142925e-08	163.37755	-0.024000704	-9.20544	2.7676735	0.009826231	0.1491149	79.0	886.3314709663391
40	-63.47826	12.197183	-30.0	-80.0	211.58696	-29.085562	16.977741	-0.00746572	-56.534245	410000	9.313226e-09	153.22755	-0.023248404	-6.108297	2.7241452	0.011572018	0.14531453	79.0	909.8338055610657
41	-64.0	14.96663	-40.0	-100.0	219.31111	-29.798496	17.158	0.13687259	-56.611053	420000	-6.2088173e-10	189.17671	-0.025288397	-10.719884	2.714961	0.01327726	0.18731873	79.0	934.2969048023224
42	-60.68182	15.28483	-30.0	-90.0	220.22728	-28.352755	16.873562	-0.7502794	-54.273243	430000	1.5522042e-08	172.73384	-0.025766721	-11.4205885	2.6546988	0.015078849	0.1549155	68.0	959.6698589324951
43	-62.857143	14.521858	-30.0	-90.0	224.57143	-27.015034	16.033577	2.5288687	-54.21813	440000	1.1175871e-08	182.56987	-0.024622748	-11.926824	2.640453	0.014343352	0.1668167	79.0	984.2810847759247
44	-60.23256	16.351995	-20.0	-90.0	222.86046	-26.76833	15.629601	-0.4468537	-52.763954	450000	-6.2088173e-10	213.14941	-0.026382968	-14.328232	2.563629	0.014236416	0.16651665	79.0	1008.7288289070129
45	-60.930233	15.673107	-20.0	-90.0	224.02325	-25.971523	16.582228	3.602528	-53.60689	460000	7.450581e-09	187.81317	-0.023594027	-13.048345	2.4851255	0.009046993	0.14861487	79.0	1033.0578789710999
46	-57.857143	19.090725	-20.0	-90.0	223.7619	-26.683115	15.989231	0.25377363	-53.85749	470000	1.2417635e-09	212.39375	-0.023175413	-6.406418	2.4164507	0.0124223335	0.12441244	79.0	1062.5407807826996
47	-50.95238	16.155424	-20.0	-90.0	231.7619	-25.878798	15.648596	0.31613392	-54.514294	480000	4.346172e-09	203.34814	-0.024669973	-18.906942	2.4095685	0.010169431	0.14081408	79.0	1090.9625072479248
48	-58.75	16.611366	-20.0	-90.0	240.0	-23.05759	16.050646	3.6766539	-50.87767	490000	-2.483527e-09	203.33083	-0.0241547	-10.69344	2.406559	0.014962419	0.15121512	79.0	1119.2954428195953
49	-55.15	22.72394	4.0	-100.0	243.6	-24.878632	15.6008835	2.3263474	-51.506207	500000	2.483527e-09	245.84563	-0.024809808	-23.041773	2.3364246	0.010593977	0.15031503	79.0	1146.7568514347076
50	-54.166668	17.539637	-20.0	-80.0	265.1389	-23.27537	13.939586	2.3684263	-48.865376	510000	1.5522043e-09	223.92287	-0.02179616	-23.254156	2.3392575	0.011166205	0.13971396	79.0	1173.7924809455872
51	-54.615383	18.37587	-20.0	-90.0	246.64102	-19.761265	11.888031	1.1523874	-43.7217	520000	7.605801e-09	216.93587	-0.02367271	-15.431514	2.306073	0.012187861	0.16671668	79.0	1201.0728299617767
52	-46.37838	23.141577	8.0	-100.0	262.43243	-22.511656	13.420076	1.9332874	-46.433716	530000	9.934108e-09	268.39154	-0.02465788	-23.806707	2.2299898	0.0139884995	0.16121612	79.0	1228.5629551410675
53	-48.333332	21.921577	-10.0	-90.0	270.91666	-18.88198	13.674881	7.055299	-43.726627	540000	-9.934108e-09	250.06416	-0.02384235	-9.223821	2.2277038	0.011765483	0.14581458	79.0	1255.9432690143585
54	-31.0	31.653454	74.0	-90.0	282.44116	-19.595621	12.953902	3.8792312	-41.530495	550000	3.1044085e-09	327.99014	-0.02466241	-53.446606	2.1967723	0.01204922	0.15311532	79.0	1284.2447102069855
55	-25.161291	33.95167	94.0	-70.0	295.03226	-13.579791	11.967498	7.6829085	-40.70027	560000	5.2774944e-09	292.80576	-0.020238336	-28.784616	2.1496983	0.0130766705	0.14081408	79.0	1312.0926351547241
56	-30.235294	26.993526	72.0	-70.0	281.97058	-11.333531	13.16457	11.551671	-36.47245	570000	-7.450581e-09	270.56644	-0.020678	-16.224478	2.1085682	0.01139518	0.12611263	79.0	1338.3210546970367
57	-15.096774	34.156525	62.0	-70.0	305.3871	-13.53786	13.035273	9.932775	-34.97475	580000	1.3038516e-08	317.57788	-0.022582432	-48.328247	2.0889828	0.013569108	0.15551555	79.0	1366.5568523406982
58	-10.689655	39.09061	98.0	-60.0	326.86206	-9.116164	13.297113	14.5533	-35.608162	590000	0.0	288.0231	-0.018844211	-17.142899	2.0567849	0.00960243	0.12751275	79.0	1393.5679829120636
59	6.413793	44.335335	100.0	-50.0	315.68967	-6.6078224	12.135522	14.581005	-31.131138	600000	1.2417635e-09	287.35254	-0.020959303	-17.96083	2.0195441	0.009689036	0.14081408	79.0	1420.6687273979187
60	9.428572	42.543617	76.0	-60.0	337.9643	-4.0357375	12.589005	17.03626	-30.46086	610000	4.967054e-09	251.6556	-0.02056415	-11.371445	1.9708123	0.010967658	0.13941394	79.0	1447.141705274582
61	6.785714	41.187164	94.0	-60.0	333.10715	-2.3650088	12.482099	17.854395	-31.275394	620000	7.450581e-09	264.23416	-0.021000238	-8.8342285	1.9412674	0.008757033	0.124812484	79.0	1476.17351770401
62	20.551723	44.249752	96.0	-60.0	331.4138	-2.4761221	12.126608	17.258858	-30.866049	630000	1.2417634e-08	253.81807	-0.022139356	-37.03703	1.9549366	0.0150348125	0.14721473	59.0	1501.7653620243073
63	21.76923	44.349407	94.0	-40.0	351.46155	-0.82784593	15.21216	22.881914	-29.553484	640000	-1.9868216e-08	217.39192	-0.019968195	-22.502432	1.8993692	0.010467897	0.12551254	79.0	1531.2428743839264
64	31.133333	45.667446	96.0	-50.0	313.46667	2.3228626	12.313676	20.661757	-27.311111	650000	-1.2417634e-08	253.54216	-0.018839879	-12.386897	1.8608156	0.009271165	0.12551256	79.0	1559.5347783565521
65	39.448277	43.599735	98.0	-40.0	329.89655	3.9306562	12.79122	22.502018	-29.941916	660000	-1.2417634e-08	204.35027	-0.019950563	-16.630005	1.823917	0.008330069	0.13831383	79.0	1586.4018831253052
66	53.0625	43.85768	96.0	-40.0	299.8125	6.733849	11.742908	23.474	-26.937433	670000	2.483527e-09	234.9543	-0.020894146	-28.771662	1.8002993	0.01368437	0.1411141	79.0	1617.2986481189728
67	50.533333	40.54276	96.0	-40.0	318.56668	9.435812	12.848178	28.080828	-29.038656	680000	7.450581e-09	220.47931	-0.01699699	-12.789703	1.7429112	0.010267638	0.13141315	79.0	1645.4005599021912
68	55.612904	36.714836	100.0	-30.0	307.74194	9.332493	12.232297	26.500275	-29.726374	690000	-1.9868216e-08	201.61719	-0.018504003	-16.554464	1.7406718	0.00918899	0.12891288	79.0	1673.414705991745
69	71.37143	28.720411	96.0	-40.0	274.48572	11.885537	12.718842	29.56916	-27.893938	700000	1.2417634e-08	154.76634	-0.016521258	-22.846914	1.7185422	0.007973628	0.110011004	79.0	1702.849110841751
70	58.625	36.927082	98.0	-40.0	300.46875	14.401871	12.544229	31.587841	-23.541195	710000	-9.002785e-09	195.726	-0.019199928	-24.230608	1.6773167	0.010236383	0.14511451	79.0	1732.1980781555176
71	71.0	28.084955	96.0	-10.0	287.64706	11.942835	14.300338	31.276564	-26.839266	720000	2.4835268e-08	146.0909	-0.018148692	-25.389017	1.6501293	0.013641733	0.13741374	79.0	1759.5987260341644
72	72.181816	24.669273	98.0	-20.0	280.57574	16.046024	12.410472	32.235634	-25.159983	730000	-9.934108e-09	117.232475	-0.01669321	-5.771521	1.6234528	0.011523935	0.11241124	79.0	1788.0447762012482
73	75.0625	23.17857	98.0	6.0	286.28125	15.398019	13.013957	32.580185	-33.958176	740000	-1.9868216e-08	113.52515	-0.017856412	-2.5237072	1.5889769	0.009145834	0.12171218	79.0	1815.0779104232788
74	80.47369	20.61902	100.0	20.0	251.02632	16.898556	12.591819	33.166622	-31.814741	750000	-1.2417634e-08	120.513306	-0.018337412	-15.075142	1.5723104	0.0077714003	0.119511954	79.0	1844.8205070495605
75	64.375	34.725487	98.0	-40.0	292.21875	17.874304	12.0842	34.950104	-24.653744	760000	2.3593506e-08	178.46596	-0.015587677	-30.223557	1.5283909	0.01074621	0.11051106	79.0	1869.0328073501587
76	73.08572	23.11879	98.0	-10.0	272.74286	14.878949	13.412966	32.119095	-28.25578	770000	2.483527e-09	114.84782	-0.016204102	-8.687325	1.5056182	0.009020292	0.107310735	79.0	1894.0569851398468
77	75.542854	25.954182	98.0	-10.0	264.34286	16.057251	13.197867	34.12953	-29.693401	780000	-1.2417634e-08	114.24317	-0.016027004	-11.449954	1.4970311	0.010335934	0.10511052	79.0	1917.4454922676086
78	74.44444	27.85722	100.0	-10.0	261.16666	17.584581	13.487709	34.6475	-37.358444	790000	1.9868216e-08	146.5374	-0.0149473315	-6.2231803	1.502234	0.008701969	0.10481048	79.0	1942.5308763980865
79	72.171425	28.05045	98.0	-40.0	273.48572	16.873434	13.15088	35.240273	-30.2068	800000	-1.2417635e-09	123.19555	-0.017509809	-4.213651	1.4745833	0.0076678433	0.1080108	79.0	1965.595962524414
80	83.23077	17.538912	98.0	10.0	250.92308	17.348402	13.02178	34.42008	-23.997183	810000	9.934108e-09	95.72119	-0.01642901	-17.856308	1.4403001	0.007644488	0.106410645	79.0	1991.9412004947662
81	84.19512	14.649098	98.0	28.0	237.90244	22.309944	11.563486	35.892815	-13.721219	820000	1.2417635e-09	74.08195	-0.014640175	-3.9636574	1.4142138	0.010115609	0.09920993	79.0	2016.0755319595337
82	89.9	8.555115	98.0	60.0	232.175	22.48365	11.714918	38.756577	-23.369167	830000	-4.967054e-09	59.676342	-0.013384868	-3.9628174	1.4007951	0.0091301175	0.09930993	79.0	2041.7664539813995
83	87.65854	10.846174	100.0	50.0	232.60976	24.360558	11.644585	39.20502	-16.134588	840000	-1.5522043e-10	61.225845	-0.015074988	-5.169613	1.3442348	0.01280268	0.10881088	79.0	2063.9994208812714
84	83.05	16.20486	98.0	10.0	234.15	23.225933	13.366259	40.727764	-23.486137	850000	6.829699e-09	69.40679	-0.012941291	-5.5761313	1.3418926	0.008041053	0.07890789	79.0	2089.6056201457977
85	90.097565	9.212412	98.0	64.0	231.09756	22.17867	13.248426	39.602936	-10.788639	860000	-2.1109978e-08	54.814686	-0.01398435	-9.3153105	1.3348893	0.007210093	0.09980998	79.0	2116.0557930469513
86	89.73333	9.452571	100.0	56.0	215.97778	25.584093	12.185892	40.70292	-7.3289995	870000	-2.483527e-09	54.019077	-0.014336251	-1.3901571	1.3312241	0.008342332	0.10381038	79.0	2144.0311739444733
87	88.53658	12.61841	100.0	36.0	233.85365	25.07421	12.3304205	40.758705	-1.5985494	880000	-1.4901161e-08	63.902485	-0.014246392	-3.3893013	1.3030838	0.011438634	0.09550955	79.0	2172.634108066559
88	86.17778	13.982988	98.0	48.0	216.7111	24.869686	11.592691	39.24278	-7.1502166	890000	1.4901161e-08	71.596375	-0.013981543	-4.25449	1.2629505	0.009294621	0.09460946	79.0	2199.8248722553253
89	91.37778	7.8295417	100.0	64.0	214.88889	24.253668	13.170961	40.024582	-9.507218	900000	-9.934108e-09	48.3092	-0.0136295045	-6.159431	1.2575397	0.008290101	0.08920892	79.0	2226.4341819286346
90	91.91304	6.8519316	100.0	66.0	213.67392	26.169437	12.332057	41.244164	-2.542399	910000	-2.2351742e-08	35.13419	-0.01302972	-2.8763123	1.2405521	0.009054657	0.087308735	79.0	2255.2914333343506
91	85.91111	19.536657	100.0	-10.0	214.26666	26.093925	13.170674	42.58012	-26.361032	920000	2.483527e-09	101.83079	-0.014516421	-17.028288	1.2122293	0.009269009	0.10671067	79.0	2281.078768968582
92	88.666664	10.515597	100.0	60.0	216.02222	23.385677	15.401061	43.062244	-28.281363	930000	-9.934108e-09	52.623627	-0.013410729	-7.927761	1.2227912	0.0062558986	0.08180818	79.0	2308.0247082710266
93	89.61702	8.247639	98.0	64.0	209.08511	24.932854	13.363211	42.346752	-4.7671523	940000	2.1109978e-08	36.189266	-0.0133521855	-1.2860247	1.2182308	0.011021907	0.09390939	79.0	2335.9405167102814
94	92.083336	7.7455187	98.0	60.0	198.47917	26.4048	13.514062	43.15204	-1.1123865	950000	6.2864274e-09	31.709711	-0.0129721835	-1.9951591	1.2125255	0.006087815	0.08780878	79.0	2361.5260179042816
95	90.59574	10.313511	100.0	46.0	203.87234	26.783722	14.1444235	44.70852	-12.911365	960000	-3.7252903e-09	44.378407	-0.012851062	-2.273461	1.1650407	0.0066536865	0.10271027	79.0	2387.662999153137
96	90.680855	8.597641	100.0	60.0	204.78723	26.074673	14.065548	44.582676	-11.566071	970000	-2.173086e-09	36.33553	-0.0131349275	-0.89573413	1.1683666	0.0061803325	0.10001	79.0	2414.800408601761
97	89.91111	11.010747	100.0	56.0	215.44444	25.606045	14.367513	44.56761	-3.6360419	980000	-1.5522043e-09	43.163395	-0.012401844	-1.8690008	1.1484874	0.0059906323	0.07080708	79.0	2442.002870798111
98	88.166664	10.180319	100.0	54.0	203.64583	26.000832	13.7297945	43.884846	-9.625446	990000	2.483527e-09	49.3297	-0.01307537	-2.5313008	1.1283959	0.008752977	0.09670967	79.0	2466.641757965088
99	91.3617	6.7805276	98.0	72.0	206.17021	25.331846	14.182849	44.40265	-0.7103291	1000000	-8.381903e-09	38.64564	-0.011833325	-3.8206208	1.1225697	0.0066373325	0.079307936	79.0	2493.5672991275787
100	91.38776	8.918717	98.0	60.0	199.48979	27.241062	13.625435	44.85941	-2.9466784	1010000	8.071463e-09	39.56772	-0.012950979	-1.5622202	1.114451	0.005009838	0.08250824	79.0	2521.482643842697
101	90.039215	12.738641	98.0	28.0	193.49019	27.683733	13.919454	45.697212	-18.34105	1020000	1.1563922e-08	54.285374	-0.013307982	-2.0408611	1.1238365	0.0036645664	0.07840785	79.0	2546.050641775131
102	91.02041	8.092551	100.0	70.0	199.30612	26.485117	14.283128	46.046616	-18.864166	1030000	1.4901161e-08	36.15582	-0.013455314	-1.4972776	1.1026574	0.008580572	0.092609264	79.0	2573.8668303489685
103	93.56863	7.5075254	100.0	58.0	191.96078	27.65837	13.882927	45.907997	-7.4237204	1040000	-9.934108e-09	30.369436	-0.011924249	-2.3365803	1.0684129	0.0059580617	0.08430842	79.0	2600.179078578949
104	94.53061	4.440546	100.0	78.0	198.93878	28.184534	13.402479	46.50303	-4.149646	1050000	-3.1044085e-09	23.68232	-0.010641828	-0.9400978	1.0653061	0.0055874884	0.0660066	79.0	2624.3779878616333
105	90.85714	13.468027	100.0	10.0	195.12245	28.910034	13.180744	46.677376	-3.6201484	1060000	1.9868216e-08	51.05843	-0.01213606	-5.809311	1.0663505	0.008503483	0.09170917	79.0	2651.4370877742767
106	92.27451	9.933265	98.0	42.0	189.92157	27.629438	14.334352	46.784973	-13.097554	1070000	1.1175871e-08	39.765995	-0.012297057	-1.4587193	1.0558423	0.006066426	0.07470747	79.0	2677.5263381004333
107	93.254906	9.022506	100.0	38.0	189.7255	27.985254	14.201609	47.441097	-23.262413	1080000	0.0	34.17497	-0.014354732	-1.5560042	1.0532598	0.010107939	0.09570957	79.0	2701.1079981327057
108	92.36	8.339687	100.0	58.0	192.48	28.361862	13.784757	47.6925	-4.2904763	1090000	1.4901161e-08	36.384045	-0.011980462	-1.1815001	1.0441791	0.006793782	0.08250826	79.0	2728.13600897789
109	92.92308	7.363753	98.0	60.0	186.9423	28.709879	13.347402	47.177902	-2.9538271	1100000	1.3659398e-08	29.852112	-0.011837937	-1.6099968	1.0318729	0.009749841	0.083808385	79.0	2751.3075847625732
110	90.938774	10.053749	100.0	46.0	195.30612	28.056282	14.312434	48.158863	-6.8656435	1110000	6.2088173e-10	39.053364	-0.012003158	-2.606118	0.9866867	0.0069730594	0.07460746	79.0	2778.211595773697
111	92.80769	5.353067	98.0	74.0	186.32692	28.04675	14.215667	47.250107	-1.5573888	1120000	2.483527e-09	23.473059	-0.010538629	-2.7753658	0.9592219	0.003205482	0.06220622	79.0	2803.1993408203125
112	93.64	5.9691205	100.0	72.0	193.8	28.100784	13.744741	48.30095	-1.0169234	1130000	1.998463e-09	25.63884	-0.011040077	-1.25741	0.924722	0.0054891496	0.07570757	79.0	2829.0184733867645
113	94.80769	4.476599	100.0	70.0	190.73077	28.78061	13.8761215	48.356354	-1.210041	1140000	9.934108e-09	22.902155	-0.010101944	-1.2210528	0.90103483	0.0054976344	0.06640664	79.0	2854.543944835663
114	94.88461	3.4953475	100.0	80.0	183.0	29.840319	13.252057	48.901722	2.65728	1150000	-4.967054e-09	20.708445	-0.011267207	-0.65704125	0.9257028	0.006856891	0.07510751	79.0	2877.978799343109
115	92.509094	10.4739895	98.0	38.0	179.74545	30.38053	13.7022295	49.341763	-13.668099	1160000	1.3969839e-08	39.827187	-0.011431299	-2.6086376	0.90525365	0.0051741926	0.060906094	79.0	2901.855276107788
116	93.76471	5.6519585	98.0	66.0	189.56863	28.775469	14.382077	49.08161	-25.01767	1170000	-2.483527e-09	23.787493	-0.011776649	-2.6733077	0.89764625	0.0025326188	0.06720672	79.0	2927.681941509247
117	93.23077	8.630482	98.0	44.0	184.48077	29.300611	13.339556	48.74849	-9.606693	1180000	2.1109978e-08	33.34772	-0.010420707	-1.6901627	0.91097265	0.0072328155	0.07550755	79.0	2951.1058015823364
118	93.68627	6.829837	100.0	66.0	187.60785	29.184263	13.997458	48.9297	-8.56729	1190000	-8.692344e-09	25.497955	-0.010929639	-0.9043439	0.91678196	0.0065972265	0.07510751	79.0	2977.5679788589478
119	93.28302	11.937538	100.0	14.0	184.98112	29.319883	13.9536085	49.11602	-17.320261	1200000	-9.934108e-09	44.04178	-0.013558567	-2.2961056	0.9291375	0.0075292788	0.0860086	79.0	3002.9516456127167
120	93.43396	7.7252574	100.0	62.0	184.4151	29.779366	14.156878	49.77694	-6.3716493	1210000	-2.483527e-09	27.340612	-0.011274063	-2.0394661	0.90758324	0.0046196147	0.090309024	79.0	3028.0955090522766
121	94.113205	7.3552966	100.0	64.0	180.43396	29.778503	13.791205	49.335293	-21.61735	1220000	0.0	26.4824	-0.010819626	-1.5884857	0.9185572	0.008110673	0.07940794	79.0	3052.752664089203
122	93.46154	6.634588	100.0	68.0	183.65384	29.87502	14.434288	50.045074	-7.2704444	1230000	-1.8626451e-09	25.301004	-0.012682304	-1.4436182	0.903385	0.0058514867	0.07880788	79.0	3075.033237695694
123	93.21568	5.6993766	100.0	72.0	188.07843	28.987444	14.241528	49.62854	-16.199078	1240000	-1.2417635e-09	23.696074	-0.012662351	-1.7645298	0.90102214	0.0054556676	0.10411042	79.0	3100.9043514728546
124	93.50944	5.9419284	100.0	74.0	185.79245	29.3511	13.243255	49.000656	-0.65583384	1250000	9.313226e-09	26.43454	-0.011553158	-1.0944887	0.91362816	0.0065739467	0.07050705	79.0	3127.5363006591797
125	95.245285	3.928155	100.0	80.0	185.90565	29.552729	13.55992	49.26065	1.4248396	1260000	2.483527e-09	20.956367	-0.01184164	-0.9925683	0.9393959	0.009132306	0.08010801	79.0	3154.0824480056763
126	93.73585	7.174775	100.0	56.0	182.94339	30.397137	13.478543	50.08417	-15.353772	1270000	-4.967054e-09	24.307795	-0.012553056	-1.2715584	0.9184871	0.007669639	0.073607355	79.0	3179.290723323822
127	93.666664	6.0827627	100.0	72.0	180.59259	30.042732	13.898398	50.003975	0.61669064	1280000	1.4901161e-08	23.025255	-0.011521977	-0.63416225	0.9201707	0.0069431304	0.074307434	79.0	3203.69708776474
128	95.66038	6.3689795	100.0	60.0	184.4717	29.724941	13.851921	49.830536	-2.1113887	1290000	-9.934108e-09	26.118784	-0.00995409	-1.8076388	0.8989442	0.003876298	0.077107705	79.0	3231.4022102355957
129	95.74074	3.7326646	100.0	82.0	181.35185	30.701994	13.483647	50.01057	-0.28285536	1300000	8.692344e-09	17.623896	-0.0102814315	-0.46006775	0.8919006	0.0059438995	0.06220622	79.0	3257.8795511722565
130	94.45283	6.438581	100.0	68.0	185.98112	30.387072	13.697883	50.469135	-1.3338833	1310000	1.9868216e-08	24.078424	-0.012446351	-1.9208807	0.8983992	0.0053837984	0.07210721	79.0	3284.091469526291
131	96.07547	5.3547688	100.0	74.0	184.37737	29.737303	13.804868	50.2327	-7.4696455	1320000	-1.0554989e-08	24.871775	-0.012920414	-2.2848854	0.8669667	0.0052990257	0.08260826	79.0	3307.71320104599
132	95.14815	5.5190153	100.0	72.0	181.37038	31.158897	13.21608	50.239098	-14.2868185	1330000	-5.8983765e-09	22.776388	-0.010360728	-1.5332857	0.8690834	0.008153135	0.06260627	79.0	3333.183116197586
133	96.62963	4.9564633	100.0	80.0	179.98148	30.720898	13.748979	50.937683	-1.2133579	1340000	2.483527e-09	18.821154	-0.010597802	-1.026069	0.84625816	0.0069463495	0.07530753	79.0	3358.6768991947174
134	95.0566	7.1173854	100.0	66.0	182.15094	31.039066	13.876724	51.117012	-0.8550066	1350000	-4.967054e-09	27.11286	-0.010031988	-1.1168003	0.83379847	0.0033320237	0.07440744	79.0	3382.6126821041107
135	95.84906	6.262787	100.0	70.0	183.79245	30.470066	13.852642	50.556343	-13.412463	1360000	1.1175871e-08	25.156301	-0.012363086	-1.3263575	0.84087735	0.0075771115	0.09090909	79.0	3406.145736217499
136	95.169815	7.890132	100.0	60.0	183.56604	30.551252	14.302246	50.977345	-7.9122753	1370000	3.7252903e-09	29.693388	-0.010874621	-1.210441	0.831834	0.005453428	0.06440643	79.0	3431.9907417297363
137	96.22222	6.202349	100.0	64.0	181.40741	30.679888	14.1323395	50.876896	-10.126601	1380000	4.967054e-09	25.253557	-0.011460755	-1.1438128	0.8268979	0.008456694	0.07410741	79.0	3457.7996468544006
138	96.59259	4.93858	100.0	76.0	179.90741	31.15408	13.897684	51.41738	-1.1039155	1390000	9.934108e-09	19.929838	-0.01163974	-0.65154964	0.85041976	0.006403405	0.080508046	79.0	3480.229268550873
139	96.53846	5.685547	100.0	70.0	184.51923	30.859364	14.238631	51.84858	0.09250322	1400000	5.122274e-09	26.130419	-0.010907953	-1.1338629	0.8354273	0.00466425	0.07750775	79.0	3505.9215981960297
140	97.44444	6.139329	100.0	66.0	180.62962	31.393288	13.66945	51.579487	2.0725443	1410000	-7.450581e-09	24.3189	-0.010814908	-1.1528568	0.85472935	0.0108317295	0.07880788	79.0	3530.9105892181396
141	97.48148	4.9469056	100.0	76.0	177.55556	31.692535	14.353505	52.149662	-1.3771641	1420000	-9.934108e-09	19.147657	-0.009639145	-0.8764598	0.83669025	0.0038519513	0.06870687	79.0	3553.0107946395874
142	98.07407	3.4846323	100.0	84.0	179.35185	31.934929	13.857531	52.204384	-1.687913	1430000	-1.9480163e-08	22.490112	-0.009835009	-0.8127826	0.8548562	0.004417993	0.07050705	79.0	3578.2571489810944
143	96.528305	7.594943	100.0	64.0	178.81133	31.973413	13.434403	52.09182	-12.864335	1440000	-4.967054e-09	29.684237	-0.012639237	-1.5557022	0.8338019	0.0060001984	0.0861086	79.0	3602.626110315323
144	98.111115	4.7674303	100.0	76.0	179.7963	31.333536	13.823758	52.284298	-0.029618148	1450000	-1.5522043e-10	25.9125	-0.010429098	-1.3919048	0.80710226	0.0055575967	0.078907885	79.0	3627.9649786949158
145	96.92593	8.015845	100.0	58.0	182.18518	31.547651	13.91291	52.656036	1.5893795	1460000	-7.450581e-09	35.79958	-0.011875623	-3.6485393	0.7944787	0.009642345	0.07460746	79.0	3651.58802318573
146	98.17857	3.8410711	100.0	82.0	176.41072	31.503962	14.598242	52.913525	-9.552069	1470000	7.605801e-09	19.453028	-0.009264598	-1.8234316	0.76849204	0.0058960505	0.066506654	79.0	3677.1574382781982
147	95.51852	10.168471	100.0	50.0	178.05556	31.976318	14.436258	53.403	-13.169598	1480000	9.934108e-09	38.683617	-0.011816197	-3.039348	0.7875171	0.0086779	0.08010801	79.0	3700.1009628772736
148	97.96296	3.9344773	100.0	82.0	181.59259	30.520775	14.502745	51.94411	-13.276461	1490000	1.2417635e-09	22.760971	-0.011564225	-2.541097	0.77368647	0.0068703904	0.0750075	79.0	3725.2208349704742
149	98.30189	5.1453767	100.0	74.0	183.16982	31.342278	14.107621	53.01138	1.8317603	1500000	-8.692344e-09	20.859098	-0.010418822	-0.8557771	0.7661605	0.004113531	0.07390739	79.0	3750.0024020671844
150	97.70909	7.360022	100.0	54.0	176.70909	32.224674	13.640374	52.99352	-6.0482554	1510000	-1.6142925e-08	28.970726	-0.013289616	-2.8482673	0.7551066	0.011180398	0.07980798	79.0	3773.321943998337
151	99.07407	2.6023624	100.0	88.0	176.66667	32.36195	14.400238	53.08346	-1.7947232	1520000	4.967054e-09	17.266928	-0.009556955	-1.0126114	0.7397191	0.0035502433	0.06340634	79.0	3796.6381838321686
152	97.20755	7.344253	100.0	68.0	180.90565	32.018814	14.398592	53.92349	3.2259457	1530000	-1.2417635e-09	27.45788	-0.009860034	-1.4571546	0.72617406	0.006890435	0.07170717	79.0	3822.0467042922974
153	98.14286	5.878011	100.0	58.0	174.69643	32.35008	13.900242	53.341133	-14.869219	1540000	0.0	22.995514	-0.009617891	-1.1047812	0.7047973	0.005802663	0.068906896	79.0	3844.7078850269318
154	96.98245	7.3041477	100.0	66.0	171.10527	33.05729	13.957937	53.688572	-20.44321	1550000	0.0	29.060614	-0.010888614	-1.9921503	0.6935802	0.0063713193	0.066406645	79.0	3870.9387662410736
155	98.67857	3.3225803	100.0	82.0	176.35715	31.7825	14.834578	53.892715	0.2081373	1560000	2.483527e-09	20.664013	-0.009356561	-2.5109844	0.6863847	0.004501245	0.06810681	79.0	3901.4638044834137
156	98.51852	4.254586	100.0	72.0	180.25926	31.967422	14.277784	53.788876	0.81695706	1570000	2.483527e-09	18.680746	-0.009375111	-1.0573889	0.6797171	0.007968209	0.06490649	79.0	3924.46364235878
157	98.64286	3.7053463	100.0	78.0	173.41072	32.43814	14.48622	53.804234	-16.508194	1580000	-1.2417635e-09	17.644545	-0.009455138	-0.5106201	0.66897374	0.0060518477	0.07060706	79.0	3946.5939893722534
158	98.92857	2.9991493	100.0	80.0	174.80357	32.463943	14.636954	53.997334	-1.0979744	1590000	-1.2417635e-09	15.530918	-0.010038351	-0.40072918	0.67692024	0.0069469954	0.0720072	79.0	3969.7351257801056
159	98.145454	4.192713	100.0	78.0	176.8	32.61669	14.582998	54.473114	-2.8051672	1600000	1.2417635e-09	21.236786	-0.009744146	-1.1739372	0.65838313	0.005826354	0.065706566	79.0	3991.678410053253
160	98.8	4.08278	100.0	70.0	176.78181	32.19626	14.280825	53.716576	1.3378955	1610000	4.346172e-09	19.686392	-0.009730583	-1.1251656	0.6662853	0.0036212273	0.080708064	79.0	4012.624778032303
161	98.35714	4.473847	100.0	72.0	173.33928	32.676205	14.199709	54.388897	-0.5691594	1620000	-8.537124e-10	19.05377	-0.010728675	-0.69266194	0.6708286	0.0065154247	0.07250725	79.0	4034.699209213257
162	98.76363	2.5723257	100.0	86.0	176.45454	31.984852	14.342835	54.248116	-0.4514666	1630000	1.1175871e-08	21.855394	-0.008719503	-0.6499532	0.6736214	0.0054312143	0.06570657	79.0	4056.0892724990845
163	99.07143	1.5567497	100.0	94.0	172.89285	33.042645	13.456111	53.66104	4.209538	1640000	-4.346172e-09	14.965966	-0.009380863	-1.2163168	0.67001504	0.006832509	0.07540754	79.0	4078.3849353790283
164	98.0	9.135002	100.0	34.0	169.5	33.461613	14.067358	54.5346	-14.3822975	1650000	-1.8820476e-09	31.958092	-0.011029859	-1.9131635	0.6626144	0.0076290616	0.08450845	79.0	4098.661698818207
165	99.27273	2.2356985	100.0	88.0	174.0	32.608784	14.808659	55.04387	-9.811305	1660000	-9.507251e-09	16.94105	-0.009478484	-1.1391081	0.66496116	0.004801462	0.07030704	79.0	4119.673459768295
166	98.4	5.439251	100.0	64.0	176.90909	32.508198	14.946081	54.94506	-17.33167	1670000	-9.934108e-09	18.237614	-0.010804596	-2.0145204	0.64795923	0.0070866453	0.06850685	79.0	4140.814551115036
167	98.98182	3.8114226	100.0	74.0	175.45454	32.484753	14.848377	54.90694	-5.83769	1680000	2.0489097e-08	21.28984	-0.010005411	-1.0656757	0.6512787	0.0052336794	0.07140714	79.0	4163.252735853195
168	98.73684	4.6132016	100.0	70.0	173.1579	33.022842	14.11668	54.249954	-5.2259336	1690000	7.2953603e-09	24.634155	-0.0091871545	-1.1143042	0.6436196	0.0054965336	0.07330733	79.0	4186.13299369812
169	99.649124	0.847933	100.0	96.0	168.73685	33.729473	13.675102	54.631615	2.592496	1700000	5.5879354e-09	13.160496	-0.009018458	-0.900994	0.643972	0.007427052	0.06910691	79.0	4206.036642551422
170	98.92857	2.8776052	100.0	86.0	175.19643	33.18819	15.041143	55.540833	-4.560284	1710000	1.4901161e-08	17.048552	-0.009379622	-1.4330572	0.64410836	0.005778331	0.07130713	79.0	4228.536043405533
171	99.12281	3.020806	100.0	82.0	172.6842	32.85511	14.5926695	54.99229	-0.708561	1720000	1.4901161e-08	17.019093	-0.008537526	-0.4311994	0.6323599	0.003036374	0.0610061	79.0	4249.246547698975
172	98.666664	3.5409052	100.0	76.0	171.61403	33.30598	14.245546	55.17615	3.6584508	1730000	-9.313226e-09	15.978953	-0.009639085	-0.45613226	0.62199754	0.0073886043	0.07170717	79.0	4271.620689630508
173	99.14286	1.6842608	100.0	94.0	174.41072	32.718502	14.388116	54.956463	0.34677082	1740000	7.450581e-09	15.611248	-0.009777554	-0.5580098	0.6216145	0.005223535	0.06650665	79.0	4293.903665781021
174	99.12281	2.6495297	100.0	82.0	173.57895	33.145912	13.949923	54.63542	2.7716517	1750000	-5.5879354e-09	19.026289	-0.008132608	-0.49755287	0.6289831	0.004975984	0.05380538	79.0	4314.4246599674225
175	99.1579	1.9805145	100.0	92.0	170.29825	33.755604	13.691578	54.52324	0.7714472	1760000	-8.692344e-09	16.512274	-0.00838603	-0.94609547	0.6126105	0.0051723886	0.05650565	79.0	4336.190233230591
176	98.51724	5.2201247	100.0	70.0	171.94827	33.487446	14.536246	55.373234	-14.651246	1770000	-4.656613e-09	22.05761	-0.008100506	-1.0953875	0.6089898	0.0065823267	0.06280628	79.0	4357.54579615593
177	99.2	1.6884637	100.0	92.0	174.3091	32.607777	14.557728	54.543278	-3.0815804	1780000	1.1796753e-08	17.293219	-0.009029038	-0.77860135	0.60149217	0.008078615	0.07380738	79.0	4379.458802938461
178	98.666664	3.6193113	100.0	80.0	171.98245	33.25462	14.030714	54.388493	-1.3886225	1790000	1.4901161e-08	17.23937	-0.009533828	-0.5905879	0.6049854	0.008282445	0.07750775	79.0	4402.263065338135
179	99.649124	0.9270066	100.0	96.0	170.82455	33.335526	14.130217	54.261887	0.6119308	1800000	0.0	12.932317	-0.0086389445	-0.6508239	0.61786014	0.007213483	0.06270627	79.0	4422.13986325264
180	99.649124	0.9998461	100.0	96.0	171.63158	33.613594	14.477271	55.11827	6.04165	1810000	-1.1175871e-08	13.560237	-0.008345932	-0.28630447	0.62986374	0.003958847	0.063906394	79.0	4444.634121417999
181	98.39286	4.696802	100.0	74.0	174.71428	33.2165	14.46176	55.257626	1.1852463	1820000	1.1175871e-08	17.90984	-0.008725157	-1.2418705	0.60410786	0.005872281	0.05680568	79.0	4467.683759689331
182	99.57143	1.3477117	100.0	94.0	172.28572	32.68205	14.840351	54.10305	0.01909969	1830000	-1.1098261e-08	17.645254	-0.008510835	-1.4427773	0.6072938	0.0060471594	0.067606755	79.0	4489.390854597092
183	97.57143	7.7525506	100.0	48.0	171.42857	33.466034	14.119101	54.31366	-13.423318	1840000	2.483527e-09	30.295479	-0.0104754055	-3.6216965	0.60421205	0.00874642	0.07450745	79.0	4509.912575006485
184	98.75	2.9413917	100.0	82.0	174.17857	32.343452	15.238979	54.9674	-1.2273372	1850000	-7.450581e-09	18.40064	-0.008351653	-1.6730738	0.600806	0.0034146595	0.068006806	79.0	4532.2449316978455
185	99.36842	1.0700316	100.0	96.0	172.75438	33.26864	14.300631	54.76046	4.7472625	1860000	-9.313226e-10	14.657936	-0.008785618	-0.3554252	0.6013791	0.007439085	0.073507346	79.0	4553.783285617828
186	98.90909	2.0473728	100.0	90.0	175.4909	33.05946	14.6018095	54.83862	1.22275	1870000	9.934108e-09	16.67727	-0.008269253	-0.7220602	0.59712356	0.0064926683	0.06080608	79.0	4577.242784023285
187	98.38596	4.391996	100.0	70.0	169.10527	33.545868	13.778081	54.035084	3.3229923	1880000	-1.5522043e-09	20.127565	-0.010873381	-2.7716475	0.60133827	0.012639508	0.080208026	79.0	4598.6479477882385
188	97.03571	6.8971124	100.0	70.0	173.67857	32.695576	15.173783	55.460407	-1.8605785	1890000	1.2417635e-09	24.164856	-0.010518536	-1.3439935	0.6195993	0.00919295	0.08230823	79.0	4620.091773509979
189	98.84746	2.529913	100.0	88.0	167.23729	32.86537	14.654584	54.529087	-1.4699953	1900000	-1.2417634e-08	11.5458145	-0.008948925	-1.1664248	0.62622803	0.0061121173	0.0650065	79.0	4642.783093452454
190	98.0	7.250616	100.0	50.0	173.82143	32.690678	15.406778	55.960167	2.9956307	1910000	0.0	22.79738	-0.008875593	-1.753356	0.61422604	0.004279604	0.059805978	79.0	4663.214634180069
191	99.36842	1.6397644	100.0	92.0	169.94737	32.96226	14.7544	54.91669	-4.2362714	1920000	4.967054e-09	13.203223	-0.009163444	-0.9139309	0.6342464	0.008791065	0.06630663	79.0	4685.655337333679
192	98.63158	2.653244	100.0	88.0	169.94737	33.28819	15.125263	56.094612	0.6673112	1930000	-6.829699e-09	15.107484	-0.008585577	-0.23259227	0.6324546	0.006973999	0.06480648	79.0	4708.345168828964
193	99.649124	1.4078879	100.0	90.0	169.82455	33.507065	14.749127	55.868492	1.7620763	1940000	8.692344e-09	12.731954	-0.008152471	-0.59990406	0.61977166	0.0071482956	0.06770677	79.0	4728.634543895721
194	99.12281	1.9829996	100.0	90.0	171.57895	33.583656	14.773248	56.076263	4.8899665	1950000	1.9402553e-09	12.439725	-0.007912819	-0.5052808	0.62353677	0.007441507	0.058405835	79.0	4750.708456993103
195	98.91228	2.9752235	100.0	82.0	168.9649	33.505905	14.730632	55.973335	3.5559518	1960000	1.2417635e-09	13.355765	-0.007141981	-0.32477698	0.6363507	0.015091196	0.06720672	30.0	4771.673579692841
196	98.70175	3.1676264	100.0	82.0	171.70175	33.313343	14.909067	56.029343	3.0963128	1970000	-1.3659398e-08	15.202388	-0.010979424	-0.810551	0.63490915	0.0067012967	0.08920892	79.0	4793.184005737305
197	98.17857	6.439574	100.0	56.0	172.85715	32.718098	15.184681	55.682392	-3.7816987	1980000	9.934108e-09	21.785543	-0.009452031	-1.1919327	0.62858343	0.010908387	0.074207425	79.0	4828.9517867565155
198	98.42105	4.568955	100.0	76.0	170.85965	32.872013	15.312407	55.757847	0.55387825	1990000	-7.450581e-09	17.182295	-0.008554735	-0.8156068	0.6326367	0.0056320396	0.06990699	79.0	4859.2447192668915
199	99.31035	1.9137154	100.0	90.0	168.72414	33.400692	15.163959	55.933964	2.020844	2000000	3.7252903e-09	14.8313265	-0.008627365	-0.9878041	0.62058705	0.009399228	0.058805883	79.0	4883.2159152030945
200	99.7193	1.1509628	100.0	94.0	169.19298	33.80099	14.724637	56.06214	2.3616645	2010000	6.208817e-09	11.163067	-0.008713572	-0.2225043	0.63806534	0.004247091	0.060206022	79.0	4904.1037940979
201	98.87719	2.7278304	100.0	88.0	172.52632	33.391335	15.072977	56.448414	3.7313242	2020000	6.0535967e-09	16.066801	-0.008472901	-1.0373516	0.61651874	0.004053284	0.05870587	79.0	4926.019949197769
202	99.61404	1.0217698	100.0	94.0	170.54385	33.31534	14.245353	55.536076	6.865957	2030000	9.313226e-10	13.888127	-0.0069041834	-0.5904624	0.6325419	0.003256568	0.050505053	79.0	4948.474650859833
203	99.1579	1.8333124	100.0	90.0	168.89473	33.902977	14.346301	55.675285	3.28275	2040000	-3.7252903e-09	11.9777975	-0.008045609	-1.1379179	0.6175735	0.007433344	0.0740074	79.0	4970.471745491028
204	98.87719	4.03524	100.0	70.0	168.64912	33.483418	14.7946005	56.265156	2.895467	2050000	6.208817e-09	15.879144	-0.008605225	-1.6730394	0.5890228	0.008365058	0.06050605	79.0	4991.880384922028
205	99.47369	1.7780857	100.0	88.0	169.10527	33.67079	14.941002	56.429157	-5.0946956	2060000	-9.313226e-09	12.625752	-0.008605563	-0.64714557	0.5681475	0.008395901	0.052105207	79.0	5013.096305131912
206	98.350876	4.9292936	100.0	74.0	171.70175	33.6307	14.97352	56.613514	3.8626726	2070000	4.346172e-09	23.063751	-0.008086719	-2.0276146	0.55849296	0.0072745844	0.05380538	79.0	5035.807732105255
207	99.26316	3.3008573	100.0	76.0	171.3158	32.924824	15.168731	56.1281	-9.594009	2080000	4.1909516e-09	16.548937	-0.008253468	-1.6556225	0.55839974	0.005259042	0.06250625	79.0	5058.837144136429
208	98.64286	4.7223964	100.0	76.0	173.875	33.103313	14.896238	55.94077	4.0666685	2090000	-7.566996e-09	18.939964	-0.008034921	-0.8447444	0.5447144	0.003576788	0.054805484	79.0	5079.985726356506
209	98.57143	4.203983	100.0	76.0	171.16072	33.271164	14.415395	55.1277	-5.543293	2100000	3.7252903e-09	16.519098	-0.008892178	-1.2559605	0.521984	0.010245805	0.05520552	79.0	5101.347635984421
210	99.4386	2.4780974	100.0	82.0	167.75438	33.655262	14.851511	55.955727	3.6087017	2110000	-8.692344e-09	11.360596	-0.007359767	-0.49607483	0.5230195	0.004145223	0.06250625	79.0	5123.314146518707
211	99.57895	1.4381685	100.0	92.0	169.35088	33.521885	15.111496	56.86678	3.798504	2120000	9.934108e-09	11.149601	-0.0070211594	-0.33584866	0.5040056	0.0066738166	0.06360636	79.0	5145.798679590225
212	99.034485	3.6244645	100.0	80.0	169.10345	33.80887	15.139811	56.766727	-1.2919339	2130000	2.483527e-09	15.019343	-0.00814438	-0.73891896	0.5063607	0.0070683695	0.059105914	79.0	5167.223764896393
213	99.192986	4.0150533	100.0	70.0	169.89473	33.474987	14.975443	56.51223	-14.227604	2140000	8.692344e-09	16.718538	-0.008644675	-0.7430703	0.50521404	0.0048501357	0.06140614	79.0	5189.648727178574
214	99.68421	1.230574	100.0	92.0	170.9649	33.407455	14.91573	56.65615	1.446993	2150000	4.656613e-09	16.631739	-0.007950223	-1.515151	0.49620017	0.0061715804	0.06430643	79.0	5211.95946598053
215	99.694916	1.3685851	100.0	90.0	166.38983	34.453377	13.916636	56.30689	2.8918076	2160000	1.3038516e-08	10.207822	-0.00833768	-2.150824	0.4993476	0.0150596015	0.05440544	54.0	5234.915725231171
216	99.06896	1.6280098	100.0	94.0	168.63792	33.973938	15.322533	57.381737	2.1070135	2170000	7.450581e-09	9.412257	-0.008473478	-0.54009676	0.49908766	0.008996048	0.076007605	79.0	5255.245867729187
217	98.586205	4.44132	100.0	76.0	171.01724	33.332592	15.353733	57.037918	1.8287345	2180000	-1.9868216e-08	17.423513	-0.007875379	-0.9977668	0.4810213	0.008697069	0.055105507	79.0	5277.810754299164
218	99.192986	2.335377	100.0	88.0	169.4035	33.02811	15.520788	56.772568	-11.912885	2190000	-1.1175871e-08	12.580917	-0.0077134687	-2.2655227	0.47300437	0.006017862	0.07140714	79.0	5298.467336177826
219	99.12281	4.5424705	100.0	66.0	170.82455	33.48027	15.171977	56.522396	4.031188	2200000	-1.6763806e-08	20.207176	-0.007533932	-1.6509966	0.4624118	0.0085455915	0.055405542	79.0	5320.90843462944
220	99.655174	1.444988	100.0	90.0	167.89655	33.705505	14.9015045	55.997765	1.9497219	2210000	-3.1044085e-09	13.027489	-0.006004483	-0.5809409	0.4778794	0.0047816765	0.05010501	79.0	5343.963670969009
221	99.655174	1.0594683	100.0	96.0	167.72414	33.971954	14.753366	56.305874	4.765509	2220000	2.7939677e-09	11.376732	-0.0071233124	-0.22878234	0.47100636	0.0046596625	0.055705573	79.0	5364.079911231995
222	99.66102	1.2297192	100.0	92.0	166.66101	34.30161	14.6224785	56.234756	4.8571324	2230000	4.346172e-09	9.597138	-0.0067739277	-0.40475717	0.47259307	0.005744968	0.05090509	79.0	5386.384798049927
223	99.37931	1.972462	100.0	90.0	166.17241	34.34095	14.849663	56.878136	5.215926	2240000	4.967054e-09	8.543862	-0.00687078	0.06875721	0.46546638	0.0069944686	0.0440044	79.0	5408.396076202393
224	99.44827	2.7988446	100.0	82.0	167.63792	33.929226	15.078367	56.81627	2.8384438	2250000	9.934108e-09	11.867896	-0.006861458	-0.50351685	0.45037937	0.006200757	0.04920492	79.0	5431.237902402878
225	99.62069	1.9460621	100.0	86.0	166.55173	34.01454	14.871509	56.717396	3.3363478	2260000	-1.1175871e-08	9.867271	-0.0071773436	-0.5383747	0.4530982	0.006763322	0.073507346	79.0	5451.423676967621
226	99.48276	2.1192172	100.0	86.0	167.43103	34.124348	15.1017685	56.808575	2.0592813	2270000	0.0	9.553259	-0.0065782866	-0.25627646	0.43666148	0.0075319298	0.06260626	79.0	5473.501858472824
227	99.08772	3.245946	100.0	78.0	168.7193	33.829838	15.015255	57.035007	1.2064865	2280000	3.7252903e-09	13.199028	-0.007285426	-0.701807	0.4379858	0.005181434	0.051205117	79.0	5495.766495227814
228	99.26316	2.717883	100.0	82.0	170.22807	33.596462	14.688007	56.31548	2.5068014	2290000	5.5879354e-09	12.310117	-0.007601865	-0.39583778	0.44775915	0.0044996263	0.05260526	79.0	5516.554691314697
229	98.70175	6.4507985	100.0	52.0	169.8772	33.61978	14.645123	56.031544	-11.396807	2300000	1.9868216e-08	19.905296	-0.0104383165	-1.8354074	0.44391847	0.010821241	0.07720772	79.0	5538.415847301483
230	99.37931	2.2653885	100.0	86.0	167.67241	33.561283	15.095001	56.4697	2.8062818	2310000	-7.450581e-09	11.588351	-0.008089091	-0.8948798	0.43030822	0.0031045217	0.05810581	79.0	5561.382267713547
231	99.17242	3.4045503	100.0	76.0	167.27586	34.10807	14.833781	56.635166	-2.0322466	2320000	2.483527e-09	13.313802	-0.0061278394	-0.29651737	0.4354188	0.0033640831	0.04230423	79.0	5583.842808485031
232	99.72414	1.2004755	100.0	92.0	165.05173	34.174107	14.759024	56.57884	-4.461293	2330000	-1.102065e-08	8.448071	-0.0069075874	-0.62464046	0.4280288	0.006175456	0.045104507	79.0	5603.99792098999
233	99.75862	1.1189642	100.0	94.0	167.13792	34.228626	15.143089	57.41947	6.126448	2340000	-8.381903e-09	11.548515	-0.007235875	-0.7875177	0.42454886	0.0022103644	0.05250525	79.0	5625.8097314834595
234	99.36842	2.283669	100.0	86.0	169.29825	33.996426	14.816686	56.94197	0.2935082	2350000	8.071463e-09	13.472178	-0.006641232	-0.3843584	0.41548395	0.005890373	0.05040504	79.0	5648.372802257538
235	99.72414	1.013582	100.0	94.0	168.36208	33.945583	14.546823	56.25459	-1.5380372	2360000	4.656613e-09	9.020379	-0.0062325075	-0.65512544	0.41567576	0.0048752595	0.050305028	79.0	5669.039657115936
236	99.929825	0.3680031	100.0	98.0	170.91228	33.62493	15.202746	57.37057	3.7639437	2370000	-5.5879354e-09	14.1266775	-0.0067140236	-1.192935	0.41983533	0.005763872	0.05190519	79.0	5690.863406896591
237	99.59322	1.7956505	100.0	90.0	166.72882	34.4867	14.000933	55.849243	3.0983813	2380000	1.6142925e-08	10.678036	-0.0074611832	-0.59722346	0.42951855	0.0065555354	0.05780578	79.0	5713.254235744476
238	99.46667	1.9618586	100.0	90.0	166.25	34.26982	14.527304	56.68477	5.470309	2390000	-5.5879354e-09	8.523449	-0.0059456998	-0.50960064	0.42826653	0.005858553	0.042404238	79.0	5736.346343994141
239	99.586205	1.27353	100.0	92.0	168.24138	33.944984	15.081204	57.33	3.2118993	2400000	9.313226e-10	11.626564	-0.0069288793	-0.75446445	0.42216048	0.0070367684	0.064006396	79.0	5756.8368310928345
240	99.13793	4.0533013	100.0	76.0	168.74138	34.053604	14.63033	56.672173	4.4065566	2410000	2.483527e-09	12.370045	-0.0066578984	-0.6463752	0.42239022	0.010188375	0.050205022	79.0	5778.550805807114
241	99.42373	2.4439714	100.0	82.0	164.86441	34.395912	14.621308	56.844078	2.2642722	2420000	6.208817e-09	9.134648	-0.007848998	-0.70667124	0.42511344	0.008492585	0.062906295	79.0	5800.835822343826
242	99.73333	1.2364824	100.0	92.0	164.25	34.467182	15.155608	57.350544	0.3436435	2430000	-4.346172e-09	7.767843	-0.0062609664	-0.392464	0.4382367	0.004191674	0.05650565	79.0	5821.922146320343
243	99.28814	2.8227334	100.0	82.0	166.84746	34.206505	15.060437	57.135387	3.907202	2440000	-3.7252903e-09	9.811522	-0.0078067817	-0.70386857	0.44221175	0.007135641	0.057605762	79.0	5843.401735305786
244	99.355934	2.3416836	100.0	88.0	166.76271	34.169506	15.066408	57.564747	-1.2288444	2450000	-3.4148495e-09	9.737181	-0.006824693	-0.46070513	0.4341135	0.009004273	0.05510551	79.0	5865.719514369965
245	99.965515	0.26033914	100.0	98.0	167.08621	34.10257	14.972689	57.112495	1.168415	2460000	-1.2417635e-09	9.283452	-0.007830165	-0.56088	0.42924908	0.011776991	0.068206824	79.0	5888.667537212372
246	99.655174	2.3529272	100.0	82.0	168.32759	34.13174	14.900132	57.357944	5.066426	2470000	-2.483527e-09	13.430882	-0.0073769074	-0.6177409	0.45919916	0.008070958	0.05010501	79.0	5909.756503820419
247	99.85965	1.0502899	100.0	92.0	168.70175	34.127647	14.714193	57.02761	2.898941	2480000	-3.1044085e-09	10.527153	-0.0073108277	-0.36122575	0.45725456	0.0034322136	0.050105017	79.0	5930.581449508667
248	99.54386	1.7578912	100.0	90.0	171.49123	33.81897	14.923352	57.155075	2.6661592	2490000	3.1044087e-10	13.359585	-0.007579574	-0.65836525	0.45924196	0.013298278	0.06490649	79.0	5954.137940645218
249	99.93104	0.3649312	100.0	98.0	168.24138	33.9162	14.370023	56.55616	-1.9063156	2500000	4.346172e-09	13.122719	-0.0076282346	-0.9226243	0.44592443	0.0075558363	0.05340534	79.0	5974.4027326107025
