Epoch	AverageEpRet	StdEpRet	MaxEpRet	MinEpRet	EpLen	AverageVVals	StdVVals	MaxVVals	MinVVals	TotalEnvInteracts	LossPi	LossV	DeltaLossPi	DeltaLossV	Entropy	KL	ClipFrac	StopIter	Time
0	94.24333	5.4014926	100.0	74.2	162.53334	31.069887	14.749477	61.83506	-6.6351447	10000	6.208817e-09	31.099081	-0.0076991874	-5.8937383	0.38949144	0.015460747	0.08030803	7.0	33.46881580352783
1	94.32333	5.220356	100.0	74.8	162.33333	32.276653	14.75418	62.86544	-7.0430455	20000	-5.029142e-08	25.822845	-0.0070795515	-2.9062164	0.40506724	0.015910389	0.07460746	6.0	63.48533034324646
2	94.0	5.471354	100.0	76.0	172.64285	31.157747	14.589751	62.076275	-10.291362	30000	-2.4835268e-08	33.39059	-0.009867561	-5.82399	0.39300692	0.01563119	0.089308925	12.0	90.25716400146484
3	94.36333	4.508731	100.0	83.2	164.0	31.54242	14.064427	62.649246	-6.8993683	40000	-1.0244548e-08	29.703104	-0.006966055	-6.6459236	0.3982028	0.016026096	0.09190919	10.0	119.9667739868164
4	94.86557	3.9251559	100.0	86.2	161.2459	32.267944	14.217255	62.738968	-9.272194	50000	1.6142925e-08	24.946573	-0.0067946264	-3.7745914	0.40240148	0.015045513	0.06990699	11.0	149.46373796463013
5	94.694916	4.0220337	100.0	86.0	164.94916	32.395233	14.549136	62.64136	-11.165011	60000	-6.208817e-09	27.96456	-0.008013965	-3.0952911	0.40607643	0.015069007	0.09450945	12.0	180.0808069705963
6	94.69837	5.0124598	100.0	73.6	162.98361	32.066124	14.293116	63.268753	-6.329905	70000	7.450581e-09	28.239319	-0.0071848575	-3.7630131	0.42125535	0.015088897	0.10491049	11.0	210.86311793327332
7	94.473335	5.587721	100.0	64.6	163.71666	32.32775	14.721942	63.823673	-7.5111513	80000	5.2154064e-08	31.067652	-0.0094601	-4.530155	0.4218974	0.015892686	0.0930093	10.0	240.23353934288025
8	94.13333	4.676134	100.0	80.2	161.36667	32.145214	14.701153	63.651802	-2.5694647	90000	-2.0489097e-08	26.59913	-0.0091531575	-2.4470398	0.4106789	0.015666382	0.09210921	17.0	272.2960841655731
9	93.706894	4.7657127	100.0	80.8	166.39655	31.535477	14.622056	63.560886	-5.2207384	100000	8.692344e-09	29.648012	-0.011762886	-4.1240335	0.41729602	0.0152171105	0.09770977	24.0	302.39822697639465
10	92.74036	14.484158	100.0	-10.0	168.1579	30.059486	15.018002	63.47479	-57.68891	110000	-5.7121117e-08	49.176666	-0.0068632104	-16.706602	0.407626	0.016043173	0.07560756	8.0	332.7002730369568
11	92.91071	6.71926	100.0	68.0	176.5	30.401543	14.662405	60.283894	-25.38602	120000	-8.692344e-09	38.755383	-0.01391505	-9.375202	0.41118288	0.015187907	0.09920993	32.0	362.1490578651428
12	93.613556	5.3443923	100.0	78.0	166.0678	30.673632	14.574347	62.391632	-10.445736	130000	-1.6142925e-08	30.180649	-0.007245008	-4.6313624	0.4016297	0.015227561	0.09020903	12.0	391.0381455421448
13	93.87144	5.053065	100.0	81.4	173.53572	30.23257	15.307962	62.38131	-9.696363	140000	-5.5879354e-09	34.11176	-0.00854841	-5.863589	0.40375248	0.015050071	0.086408645	12.0	419.6368317604065
14	94.16141	4.8427105	100.0	78.0	169.52632	30.683178	14.6611185	63.296436	-3.661069	150000	-6.208817e-09	30.279303	-0.0074886926	-3.4065342	0.39807025	0.01579464	0.089108914	12.0	450.6561005115509
15	94.49333	5.3333497	100.0	71.8	163.03334	31.544092	14.699672	63.118324	-6.3696556	160000	-4.0978193e-08	25.594526	-0.0080112	-3.4553878	0.39725265	0.015244119	0.09440944	13.0	481.02569699287415
16	93.86316	4.8888216	100.0	78.0	171.08772	31.271286	14.570432	61.63782	-3.1266727	170000	-2.0178657e-09	28.719864	-0.012529318	-4.2022853	0.38712916	0.015266542	0.09140914	38.0	511.0608823299408
17	93.78305	5.6641946	100.0	73.6	166.35593	31.12345	14.764714	63.44408	-7.8568525	180000	-3.228585e-08	25.446352	-0.009827084	-3.31483	0.40222052	0.015340481	0.09360936	17.0	537.6995904445648
18	94.22373	4.480781	100.0	84.0	166.59322	31.108715	14.972651	63.59768	-2.4132307	190000	2.0178655e-08	29.10499	-0.008139559	-4.4406586	0.40043926	0.015257854	0.06830683	11.0	570.0881624221802
19	93.829994	4.572064	100.0	82.6	161.96666	31.774311	14.431503	61.88041	-10.521382	200000	-5.9604645e-08	28.78485	-0.0061314367	-4.586965	0.39287734	0.015235659	0.07280728	8.0	599.689555644989
20	93.22857	5.8145666	100.0	76.0	172.32143	30.785334	14.666101	62.493156	-17.318415	210000	2.8560558e-08	30.040571	-0.007075298	-5.4514656	0.38851035	0.016064478	0.06450645	9.0	629.3651177883148
21	93.929825	5.7762356	100.0	68.0	170.66667	30.671507	14.317301	60.019684	-4.326557	220000	2.0178655e-08	32.11536	-0.008193493	-4.819431	0.38363254	0.015657306	0.098009795	10.0	658.8044559955597
22	93.901695	4.865426	100.0	80.8	165.57628	31.322533	14.545527	63.097965	0.2955705	230000	-4.9049657e-08	28.233397	-0.006932669	-3.7148628	0.37598035	0.016335877	0.094109416	8.0	689.6603963375092
23	93.29153	5.9865746	100.0	74.8	165.47458	31.332373	14.894519	63.042393	-6.5179377	240000	-1.8626451e-08	32.879528	-0.0058934237	-5.6148586	0.37704185	0.01679025	0.06800679	6.0	719.1908438205719
24	93.793106	5.096579	100.0	75.4	169.56897	30.784662	14.453043	60.69849	-8.001016	250000	1.0554989e-08	30.761457	-0.0059493855	-4.206514	0.37409735	0.01505354	0.07680768	6.0	747.2065358161926
25	94.439995	4.5590644	100.0	82.0	162.5	31.87265	14.2474575	63.84805	-8.224115	260000	3.4769375e-08	28.35713	-0.009440894	-4.5543175	0.3710686	0.015508686	0.07220722	13.0	780.0455784797668
26	94.04667	4.8808966	100.0	74.8	163.8	31.82875	14.741203	63.101048	-0.09557974	270000	6.829699e-09	25.287354	-0.010104372	-3.6384106	0.3732338	0.015363358	0.090909086	15.0	810.2179317474365
27	93.07143	6.1303024	100.0	74.2	171.71428	31.020063	14.606398	63.44819	-12.037937	280000	3.1044085e-08	34.513367	-0.009340192	-5.4261794	0.37911224	0.015647752	0.08340833	14.0	839.0828630924225
28	94.027115	4.897382	100.0	82.0	167.91525	31.19167	14.003018	62.773266	-4.9569116	290000	4.1521464e-08	26.603096	-0.008595611	-4.730807	0.36852852	0.01574793	0.08180819	13.0	869.3519024848938
29	93.89491	4.977966	100.0	74.0	166.98305	31.357971	14.790007	63.023083	-7.389589	300000	-1.7384687e-08	32.04507	-0.0060691107	-7.3907323	0.3762811	0.01519351	0.06790679	9.0	900.6660284996033
30	94.48813	4.3059707	100.0	82.0	166.27118	31.356373	14.954449	63.009525	-14.188905	310000	-4.346172e-08	29.267237	-0.006329585	-5.3709702	0.38108516	0.015658354	0.064006396	6.0	929.4105186462402
31	93.24483	6.858978	100.0	61.0	170.53448	30.8753	15.113482	63.505825	-39.213802	320000	1.4202669e-08	29.507498	-0.00659499	-5.8170414	0.38249564	0.015395875	0.076207615	7.0	960.7545666694641
32	92.88928	5.5746775	100.0	78.0	171.58928	30.063852	14.796029	61.430748	-2.5681922	330000	4.967054e-09	35.018158	-0.005150109	-6.027794	0.3862908	0.015497821	0.079507954	5.0	987.6753709316254
33	94.35667	5.0859404	100.0	73.0	159.55	31.228006	14.188713	61.00949	-10.500884	340000	3.1044085e-09	25.018593	-0.003569262	-4.1652894	0.37390366	0.0166627	0.07140714	5.0	1016.3391060829163
34	93.76333	5.337352	100.0	76.0	161.85	32.212387	14.282184	61.296402	-3.8016872	350000	2.483527e-09	26.084322	-0.0076732817	-6.106934	0.372996	0.015038102	0.068506844	13.0	1047.1803414821625
35	93.72881	5.0330114	100.0	74.0	165.67796	31.251406	15.399275	62.525085	-7.215534	360000	-1.071021e-08	28.564575	-0.009318634	-3.747001	0.3760155	0.015145694	0.09380937	18.0	1075.0999464988708
36	94.491806	5.0953627	100.0	76.0	158.81967	31.733784	14.78305	63.099293	-7.631181	370000	-4.3151278e-08	23.927622	-0.007787558	-3.194907	0.37729812	0.015127238	0.07360736	12.0	1104.0897991657257
37	93.80345	4.9334173	100.0	78.0	167.96552	31.312387	14.64557	61.423023	-25.805223	380000	-1.2417634e-08	30.323168	-0.008781905	-3.561964	0.37293723	0.016074875	0.078907885	14.0	1133.0511190891266
38	93.31186	5.759857	100.0	74.8	165.0678	31.017788	14.862702	62.092255	-15.437844	390000	2.2972623e-08	26.268866	-0.0064989845	-3.506326	0.37381807	0.015657619	0.08450845	9.0	1162.9411056041718
39	94.22334	5.307239	100.0	68.2	163.15	31.801777	13.992455	60.548916	-2.8208044	400000	-2.483527e-09	28.243347	-0.008286135	-4.1271644	0.38635024	0.015291947	0.07230723	14.0	1190.9162163734436
40	93.87667	4.9914713	100.0	74.8	163.46666	31.566154	14.864032	62.423775	-15.202415	410000	-1.3659398e-08	27.250845	-0.0064697578	-2.453738	0.37922528	0.015482728	0.06870687	11.0	1220.3318469524384
41	92.80339	6.185109	100.0	78.0	166.67796	31.38905	14.720629	61.64056	-9.51583	420000	5.7121117e-08	26.325296	-0.009180695	-3.085759	0.37610146	0.015044558	0.084708475	16.0	1251.6740736961365
42	93.986435	5.2206717	100.0	79.0	162.72882	30.258902	15.7249	60.04347	-43.149426	430000	-2.6697913e-08	35.444942	-0.006880428	-9.715993	0.37949577	0.0155246705	0.073407345	7.0	1280.0990993976593
43	94.04407	4.273381	100.0	82.0	163.91525	31.75555	14.607254	60.739685	-1.7888112	440000	4.2219956e-08	25.847305	-0.0067903157	-4.361284	0.37753987	0.015181922	0.07810781	10.0	1309.121655702591
44	90.325424	19.413393	100.0	-50.0	168.0339	30.348986	16.312134	63.275833	-51.2478	450000	1.5832484e-08	37.97958	-0.008073203	-10.927547	0.37380147	0.0151689425	0.08830883	9.0	1339.1772861480713
45	94.27666	4.8156815	100.0	80.0	162.3	31.408175	14.502694	58.811768	-6.2639174	460000	-3.7252903e-08	24.88472	-0.008467772	-4.1217427	0.35823122	0.01509017	0.079607956	22.0	1368.619801044464
46	93.891525	5.3870306	100.0	72.4	165.66101	31.587114	14.853948	62.008434	-8.980035	470000	3.0423205e-08	26.121073	-0.005810252	-3.787028	0.34985152	0.015066217	0.06620663	7.0	1398.320302248001
47	91.30667	14.831384	100.0	-10.0	163.31667	31.570766	14.832695	62.00166	-26.915768	480000	1.1175871e-08	66.94544	-0.0067158057	-14.053426	0.35393766	0.016328515	0.08340833	9.0	1428.8938024044037
48	93.254234	5.35022	100.0	78.4	166.30508	29.833939	15.789151	58.76856	-28.207483	490000	-5.5879354e-09	34.88222	-0.007594135	-10.541125	0.34556875	0.015375291	0.07190719	8.0	1457.766592502594
49	93.54577	5.552807	100.0	79.0	164.23729	31.377592	14.643661	61.53072	-14.427358	500000	-1.6142925e-08	28.48088	-0.004712707	-4.8726654	0.3550847	0.015547243	0.064006396	6.0	1486.1156086921692
50	93.94333	5.092621	100.0	71.8	163.5	31.450249	14.877193	61.847664	-17.457155	510000	-7.450581e-09	25.664902	-0.00653189	-5.095375	0.36149633	0.015069157	0.07710771	11.0	1515.8546245098114
51	93.72631	5.153317	100.0	80.0	169.89473	31.050604	15.007239	62.76993	-20.841227	520000	2.3593506e-08	29.889963	-0.0073692105	-3.7228687	0.36558327	0.015129098	0.09440944	13.0	1545.7819168567657
52	93.49	5.7124925	100.0	73.6	164.38333	31.184324	14.813105	62.667816	-7.089393	530000	5.122274e-08	23.089294	-0.006890843	-3.0569725	0.37759104	0.016450385	0.08250826	10.0	1573.7697160243988
53	92.20339	7.3941336	100.0	65.2	166.47458	31.186806	14.6672125	61.424915	-9.724294	540000	1.2417635e-09	31.150507	-0.011659809	-4.9698963	0.3639845	0.015095625	0.09180918	23.0	1604.1551473140717
54	92.656136	5.6094847	100.0	77.8	169.89473	30.55849	14.576525	62.93332	-27.862251	550000	-1.1796753e-08	35.683834	-0.011045099	-5.727059	0.36447105	0.015078117	0.09210921	24.0	1633.1701312065125
55	94.36	4.3142867	100.0	82.6	162.05	31.436733	14.280447	62.34698	-5.0723677	560000	3.0267984e-08	27.246275	-0.007713525	-3.9270878	0.35937396	0.016224746	0.08940894	11.0	1662.913079738617
56	93.416664	5.6469803	100.0	73.0	159.8	32.673634	14.198753	61.845993	-2.9286256	570000	1.0244548e-08	26.182976	-0.00729085	-4.283835	0.35987926	0.015056878	0.07280728	17.0	1691.4700298309326
57	94.29666	4.2908416	100.0	80.8	161.6	31.658005	14.969067	61.669697	-8.4814825	580000	4.780789e-08	27.353857	-0.007964115	-5.0233064	0.352237	0.015039556	0.07840785	15.0	1719.9670753479004
58	93.064285	6.0127373	100.0	78.0	172.64285	30.958195	14.752687	63.30857	-42.591423	590000	2.4835268e-08	32.67055	-0.01291949	-5.708693	0.35098758	0.0151978545	0.08750876	47.0	1751.490812778473
59	94.047455	4.5748525	100.0	81.4	164.84746	31.219614	14.622656	63.377357	-8.999532	600000	-3.0423205e-08	26.308558	-0.007853838	-4.3750634	0.34694836	0.016074182	0.065006495	13.0	1780.4149873256683
60	94.15933	5.021146	100.0	80.2	165.71187	31.369791	15.024669	61.847836	-7.8510513	610000	-8.2266824e-09	27.625656	-0.0077178064	-5.695064	0.3530561	0.016310021	0.096209615	10.0	1809.160921573639
61	94.12204	5.514974	100.0	66.0	166.1017	31.651302	14.87873	63.420444	-28.18066	620000	-4.656613e-08	27.234137	-0.009995765	-4.9362736	0.3598176	0.015155821	0.06810681	22.0	1838.3202941417694
62	93.932205	5.425441	100.0	71.2	165.49153	31.498322	14.886263	63.518036	-2.067181	630000	-4.2219956e-08	29.48073	-0.006527983	-6.0319285	0.36580122	0.015171266	0.08250826	6.0	1866.5549376010895
63	94.329994	4.435286	100.0	82.0	163.03334	31.74006	14.80149	63.486454	0.40431416	640000	-9.914705e-09	24.723368	-0.0056016096	-3.5144367	0.346905	0.015476235	0.070607066	12.0	1896.1882710456848
64	94.20983	4.449266	100.0	77.8	160.98361	31.895517	14.9769535	63.66548	0.88016033	650000	7.450581e-09	27.955114	-0.008156781	-3.7121475	0.35120508	0.0152714355	0.07440744	15.0	1928.4610073566437
65	91.69122	18.308279	100.0	-40.0	167.22807	31.087383	15.353013	63.842834	-40.78714	660000	-1.2417634e-08	65.9128	-0.008485424	-24.645979	0.356048	0.01572275	0.090309024	10.0	1955.8406217098236
66	91.36842	16.994686	100.0	-30.0	171.19298	29.119434	16.321976	58.85088	-67.190926	670000	6.208817e-09	35.41347	-0.01089764	-9.988435	0.3551575	0.0153672965	0.076107614	18.0	1986.219432592392
67	93.675865	6.2554617	100.0	62.8	168.13792	30.513384	15.14172	62.50433	-26.947607	680000	6.3640377e-09	34.010647	-0.007036548	-6.715053	0.3665761	0.015384048	0.07720772	8.0	2017.098084449768
68	93.18597	5.93968	100.0	77.8	172.2807	30.502213	14.981846	63.458595	-31.535664	690000	-2.1109978e-08	30.347702	-0.006638237	-7.1311364	0.35519612	0.015541587	0.08620862	9.0	2048.067142009735
69	93.8678	4.6038465	100.0	80.8	165.28813	31.112038	14.48683	61.64093	-0.10517025	700000	1.7384687e-08	26.929642	-0.0072816038	-5.2326984	0.34597382	0.015158914	0.07550755	10.0	2077.4642431735992
70	93.16429	5.742835	100.0	76.0	174.26785	30.892567	14.458026	64.26183	-10.863593	710000	-8.692344e-09	35.097958	-0.010167185	-5.2437367	0.3340578	0.015075304	0.08810881	19.0	2108.083783388138
71	94.079994	5.045024	100.0	80.0	163.55	30.824606	14.631955	63.196033	-7.011181	720000	-1.3969839e-08	26.986052	-0.007955649	-5.4700413	0.34128857	0.015047434	0.07880788	15.0	2136.7939500808716
72	92.179306	14.281732	100.0	-10.0	167.75862	30.734388	15.911218	63.621933	-56.651543	730000	-5.5879354e-09	43.822643	-0.008657235	-9.749511	0.3469248	0.015278172	0.07630763	13.0	2165.8058652877808
73	92.672424	6.288983	100.0	76.0	169.15517	30.505585	15.115408	61.790813	-22.642025	740000	-1.3659398e-08	29.761148	-0.008920347	-5.4830494	0.3481535	0.015157576	0.071607165	15.0	2197.3160421848297
74	93.55932	5.9081993	100.0	68.0	165.9322	30.896246	14.87974	63.918877	-11.944813	750000	-7.450581e-09	27.753664	-0.0069732964	-3.3219497	0.35754156	0.015323967	0.07920793	11.0	2226.054543018341
75	93.94334	4.530356	100.0	76.6	162.83333	31.684114	14.615096	62.539513	-10.3841095	760000	1.1951973e-08	25.274092	-0.005582025	-3.4235427	0.33995286	0.015909491	0.06660666	9.0	2255.051996231079
76	92.0339	14.33153	100.0	-10.0	165.25424	31.042181	15.992988	62.503613	-56.891575	770000	7.450581e-09	41.81796	-0.01007826	-8.444069	0.3409469	0.015234429	0.084808476	17.0	2286.666707754135
77	93.006676	6.038318	100.0	76.0	165.03334	30.780842	15.131008	62.502026	-15.064409	780000	1.3038516e-08	27.347366	-0.0067899586	-4.7582383	0.33682457	0.016147893	0.07270727	8.0	2314.7613532543182
78	93.06896	5.4312696	100.0	76.0	168.63792	30.631407	15.094586	63.715378	-22.816547	790000	4.967054e-09	34.65921	-0.009683488	-5.01565	0.32219517	0.0151254935	0.07380738	25.0	2345.8795433044434
79	94.167206	4.3573465	100.0	82.0	161.14754	31.26923	14.7742405	64.59108	-29.9567	800000	-1.2417635e-09	25.569029	-0.008982017	-3.740034	0.33318925	0.015243291	0.07910791	12.0	2376.255773305893
80	93.72069	5.250148	100.0	76.0	168.1207	29.752735	16.879541	62.872593	-63.986126	810000	-2.173086e-08	38.97408	-0.0049412274	-8.149143	0.34277537	0.01504204	0.06140614	5.0	2408.585136413574
81	93.99672	5.134454	100.0	76.0	161.68852	31.556042	14.034947	60.629967	-2.914619	820000	-9.934108e-09	32.194523	-0.00536604	-5.652777	0.3343968	0.016988274	0.082908295	7.0	2437.079032897949
82	93.671196	6.0942616	100.0	68.2	163.74576	32.135643	14.559767	63.11222	-9.268413	830000	-1.2417634e-08	32.905952	-0.0043950626	-5.351814	0.31994507	0.01615942	0.07710771	6.0	2465.8692903518677
83	91.82712	7.8163204	100.0	62.0	164.20338	30.554941	15.712942	63.328503	-9.59459	840000	2.483527e-09	30.427206	-0.005659852	-5.8093333	0.32379878	0.017309016	0.08680868	5.0	2496.5883736610413
84	92.6	7.4368143	100.0	62.0	170.15517	29.902617	15.673936	60.61965	-30.047188	850000	2.142042e-08	32.043064	-0.0054484047	-5.771875	0.3140551	0.015754826	0.07050705	6.0	2525.6471738815308
85	94.1322	4.762938	100.0	84.0	165.15254	30.733704	15.162855	62.151283	-0.7577319	860000	-2.2351742e-08	22.836983	-0.0067097046	-3.143947	0.3122233	0.015514237	0.06530654	8.0	2557.4934742450714
86	92.74667	14.394761	100.0	-10.0	162.66667	31.602259	15.325871	64.11722	-56.75588	870000	1.6142925e-08	55.927887	-0.006202591	-12.523089	0.31723896	0.016010113	0.05810581	9.0	2587.6356353759766
87	93.44407	6.0855002	100.0	70.0	167.32204	30.878918	15.170367	61.660007	-15.514849	880000	7.450581e-09	32.390602	-0.007288667	-7.5066185	0.31843352	0.015814925	0.072407246	9.0	2618.7602190971375
88	94.560005	4.8553476	100.0	79.6	163.33333	31.216722	15.338393	63.70002	-10.980165	890000	-8.692344e-09	27.670776	-0.004775886	-4.1579423	0.31470588	0.015375882	0.06360636	8.0	2647.019282102585
89	94.19323	4.367983	100.0	82.0	166.47458	31.569908	15.253285	64.27598	-24.892275	900000	7.450581e-09	28.869959	-0.006980978	-5.391666	0.31579232	0.015669078	0.07920792	9.0	2677.153780937195
90	94.80678	4.360993	100.0	80.0	164.50847	31.481737	15.124579	63.807907	-2.1575968	910000	-2.6697913e-08	25.176691	-0.010708305	-3.2313251	0.30894032	0.015357598	0.08340833	26.0	2708.1634249687195
91	94.37	4.13067	100.0	84.0	162.93333	32.16701	14.85621	63.679203	1.5129309	920000	9.313226e-09	25.442682	-0.0076076575	-3.5734837	0.3084689	0.016653992	0.061406136	10.0	2737.0328936576843
92	93.922585	5.4050574	100.0	70.0	159.64516	32.001415	14.9615755	63.439262	-3.612585	930000	2.4835268e-08	25.725113	-0.0057083145	-3.8270738	0.30373478	0.015122994	0.07130713	8.0	2766.3214814662933
93	94.26896	4.15635	100.0	83.2	168.17241	31.052797	15.406231	64.2204	-26.344189	940000	1.3659398e-08	26.368704	-0.0064053633	-4.638378	0.31178245	0.01559199	0.08540854	9.0	2797.208375930786
94	94.40678	4.438654	100.0	82.6	166.1017	31.169325	15.17014	62.638462	-12.142128	950000	1.6142925e-08	27.286283	-0.007160963	-4.2599244	0.30431172	0.015111826	0.07650765	11.0	2827.396298646927
95	94.33771	4.737647	100.0	78.4	162.13115	31.938131	14.441962	62.379314	-2.854518	960000	-2.2351742e-08	21.417786	-0.005508458	-3.3011177	0.306094	0.015809806	0.063906394	7.0	2856.2615513801575
96	93.88525	5.7098665	100.0	73.6	160.18033	32.0428	14.829647	63.43166	-38.626194	970000	-3.26739e-08	25.982216	-0.007170183	-5.386011	0.30975458	0.015573364	0.07270727	9.0	2887.9045145511627
97	94.43	5.4893622	100.0	64.0	160.1	32.29814	14.513842	62.196793	-11.0792885	980000	-1.3969839e-08	30.432877	-0.010512787	-4.9051423	0.29980242	0.0150176035	0.083808385	22.0	2917.556205511093
98	94.13559	4.76519	100.0	76.6	165.86441	31.515062	15.368918	63.47639	-11.666598	990000	2.3593506e-08	25.895891	-0.008322527	-4.98234	0.29999337	0.015761815	0.077707775	13.0	2948.1271483898163
99	94.95667	3.818043	100.0	84.0	162.23334	31.71224	14.643395	62.119568	-5.278238	1000000	8.692344e-09	26.095314	-0.006011496	-3.4176185	0.30571994	0.015651973	0.07080708	13.0	2976.1697747707367
100	93.917244	5.846311	100.0	74.8	167.89655	31.849972	14.798124	63.44979	-3.054975	1010000	-2.483527e-09	27.057655	-0.009217552	-5.3504357	0.31590986	0.015083498	0.075307526	18.0	3004.7297098636627
101	92.683334	14.327795	100.0	-10.0	162.68333	31.624825	15.009583	61.779846	-57.732845	1020000	-2.483527e-09	59.198215	-0.0071742176	-13.123261	0.3094387	0.0156209925	0.08430842	13.0	3037.1124017238617
102	94.21	4.8245797	100.0	77.2	161.86667	31.47171	14.741497	61.60814	-12.780225	1030000	1.3038516e-08	30.159063	-0.007496722	-5.1819835	0.3138273	0.015406631	0.080708064	10.0	3066.437842130661
103	94.07118	5.200751	100.0	73.6	167.8305	31.353672	15.009077	63.416737	-1.5292083	1040000	-1.6142925e-08	29.308054	-0.00630651	-5.4509544	0.3213751	0.015579375	0.07850785	7.0	3097.593973636627
104	89.62414	20.91431	100.0	-20.0	170.68965	29.929317	16.94279	63.27634	-59.041714	1050000	-3.1044085e-09	76.74042	-0.0072489977	-19.913229	0.31928325	0.015188822	0.07980798	9.0	3124.3980329036713
105	94.96722	4.2391124	100.0	77.2	160.13115	30.569727	15.019072	61.000042	-58.264805	1060000	3.1044085e-08	43.563904	-0.0064148977	-8.179834	0.30932024	0.015555512	0.07380738	9.0	3156.811168909073
106	93.14484	6.7063317	100.0	65.2	168.48276	31.06118	15.021834	60.831966	-23.753523	1070000	-2.3593506e-08	36.503284	-0.007401506	-9.760833	0.30400708	0.015004248	0.08250824	9.0	3185.2548277378082
107	95.14754	3.5054805	100.0	86.0	160.16394	31.5748	14.740521	61.477192	-10.204305	1080000	-1.2417634e-08	23.59672	-0.0059295557	-3.8986576	0.2980256	0.015395065	0.07440744	9.0	3216.2523276805878
108	93.47585	5.787957	100.0	71.8	166.51724	30.397459	15.978776	63.619854	-19.561434	1090000	-8.071463e-09	35.49037	-0.008382134	-7.6336517	0.3053862	0.015574838	0.08770877	14.0	3245.167674779892
109	95.02334	4.100584	100.0	83.2	160.85	31.566448	14.654822	62.92396	-17.11803	1100000	0.0	28.782328	-0.009933674	-4.9578686	0.29612112	0.015213798	0.0739074	28.0	3275.917019367218
110	94.66333	4.4038606	100.0	78.0	163.55	32.346367	14.415972	63.817856	-6.764181	1110000	-1.1796753e-08	27.758493	-0.00918993	-2.479103	0.29394206	0.01554678	0.0750075	22.0	3305.2314550876617
111	93.85763	5.3114586	100.0	76.0	164.50847	32.195877	14.202614	63.460182	-33.344566	1120000	-1.2417634e-08	31.342741	-0.007499736	-3.8900216	0.30142474	0.015338165	0.07220722	15.0	3334.6897552013397
112	93.83104	5.347613	100.0	74.8	167.27586	31.41026	14.307518	62.738617	-5.037551	1130000	6.208817e-09	28.77952	-0.0061996668	-4.264343	0.30389684	0.015942195	0.07290729	9.0	3363.578057527542
113	94.25264	4.622831	100.0	82.0	169.89473	30.791039	14.6978855	63.510265	-0.7754663	1140000	1.0554989e-08	25.65761	-0.0064635905	-4.537098	0.307687	0.015232532	0.081908196	12.0	3393.983903646469
114	94.37967	4.502006	100.0	84.0	163.49153	31.670708	14.534956	63.525356	-0.4572184	1150000	6.6744783e-09	27.756742	-0.007886251	-3.1172378	0.30954266	0.015131428	0.07040704	19.0	3423.388986825943
115	95.0	4.1382656	100.0	80.0	160.4918	32.22921	14.333809	63.5669	2.166172	1160000	-2.5639261e-08	21.734978	-0.0054415823	-2.430151	0.30057576	0.015404227	0.06080608	12.0	3453.0419387817383
116	94.36	4.9287996	100.0	80.2	164.63333	31.876736	14.88329	63.635612	-0.29375112	1170000	1.839362e-08	25.201777	-0.007917621	-3.307315	0.30899796	0.015250448	0.08420842	14.0	3483.666328430176
117	94.45084	4.4608417	100.0	80.0	167.38983	31.416681	14.842212	64.8075	-44.1968	1180000	-7.450581e-09	32.737213	-0.0070000333	-5.4406533	0.3117694	0.015466895	0.083808385	12.0	3511.972505092621
118	93.88621	5.2357016	100.0	76.0	167.46552	31.617142	14.319305	63.98696	0.19032681	1190000	-6.084641e-08	26.46193	-0.011420466	-4.006426	0.30653602	0.0151448725	0.084708475	31.0	3541.427751302719
119	93.29491	15.403735	100.0	-20.0	165.72882	30.974958	15.302175	63.90019	-49.202557	1200000	2.7008355e-08	43.869476	-0.0081876675	-15.758755	0.3181739	0.015564374	0.07220722	12.0	3570.4921000003815
120	92.53333	7.376333	100.0	58.0	172.1228	31.255756	14.647531	62.242043	-13.569449	1210000	1.2417634e-08	33.542706	-0.0070732944	-6.73519	0.31578055	0.015917204	0.061606158	8.0	3601.3740582466125
121	93.25614	5.780518	100.0	72.0	168.61403	30.267479	14.933432	62.7666	-9.6911745	1220000	-1.9868216e-08	38.10566	-0.0064089806	-7.712801	0.31908742	0.015938831	0.0760076	9.0	3628.070169210434
122	93.224556	5.9118757	100.0	71.2	171.92982	30.812765	13.992874	62.266613	-9.251313	1230000	-1.0477379e-08	39.940037	-0.006467599	-6.988401	0.31888416	0.015189777	0.068506844	8.0	3658.7423737049103
123	94.15	5.0543213	100.0	74.0	164.58333	31.553759	14.149866	63.203224	-7.874108	1240000	7.0159636e-08	29.335535	-0.008236602	-7.1690745	0.31703928	0.015076261	0.08390839	13.0	3686.7854635715485
124	92.89123	8.402929	100.0	47.2	172.14035	30.569826	15.185157	64.41606	-42.52897	1250000	-2.3593506e-08	34.193253	-0.0069429204	-7.0577054	0.3181146	0.016346185	0.08010801	8.0	3716.2037341594696
125	94.49	4.389901	100.0	79.6	162.65	31.147896	14.577183	62.03917	-6.269545	1260000	2.0489097e-08	31.346375	-0.005766191	-6.2444954	0.31924754	0.015499727	0.07590759	7.0	3743.958418369293
126	93.56842	5.6486344	100.0	77.8	171.8421	31.031801	14.939991	63.94683	-2.4377446	1270000	-2.0954758e-08	30.68544	-0.009452886	-6.1118007	0.3157064	0.015258551	0.08840885	14.0	3773.1105077266693
127	94.40689	4.7351894	100.0	78.0	168.46552	30.916052	14.744921	63.38202	-3.3432746	1280000	-9.313226e-09	26.41984	-0.008496343	-4.1787777	0.3022945	0.015595769	0.081608154	22.0	3803.86031293869
128	94.803276	4.368965	100.0	78.4	161.57378	31.686481	14.596416	63.58511	-3.6021585	1290000	-1.8626451e-08	26.275726	-0.0059724394	-5.336403	0.31663635	0.015778802	0.06710672	10.0	3834.173164844513
129	92.96491	8.915834	100.0	45.4	171.1228	31.318178	14.914994	63.740837	-40.140953	1300000	6.208817e-09	45.148182	-0.012010905	-8.421447	0.30949157	0.015022323	0.079307936	27.0	3864.977640390396
130	93.72281	5.0223017	100.0	74.8	168.77193	30.177034	15.089388	63.81783	-7.037719	1310000	1.8626451e-08	31.157064	-0.0076671815	-4.6027675	0.30981314	0.01527651	0.07510751	11.0	3894.3852999210358
131	94.861015	3.720808	100.0	88.0	163.84746	31.291168	14.675679	63.28556	-4.3694043	1320000	1.7384687e-08	22.365812	-0.008709624	-3.3699343	0.3124101	0.015363923	0.08410841	22.0	3923.8507845401764
132	94.40345	4.81456	100.0	81.4	168.81035	31.073763	15.057095	63.675243	-4.4863725	1330000	1.2417635e-09	27.143122	-0.009439151	-4.3331923	0.30454898	0.015389073	0.08100811	22.0	3954.753217935562
133	95.1541	4.215722	100.0	80.8	161.7377	32.078842	14.095984	63.02607	-6.229925	1340000	8.381903e-09	25.364243	-0.0064110085	-4.2525687	0.3116754	0.017041588	0.092409246	9.0	3983.471083879471
134	94.432785	4.3699694	100.0	81.4	160.7377	32.160267	14.741167	63.62445	-4.234503	1350000	2.6077032e-08	24.289373	-0.0049434635	-2.9578984	0.307644	0.015886616	0.068506844	7.0	4013.963638782501
135	94.53667	4.8503594	100.0	76.6	162.71666	32.10439	14.486903	63.75432	-6.3294234	1360000	1.2417635e-09	25.257097	-0.008876353	-3.3520286	0.28949073	0.015041118	0.076207615	20.0	4042.7901191711426
136	93.4	5.4590597	100.0	77.8	160.56667	31.893114	15.195194	64.92262	-15.622738	1370000	-7.761021e-09	26.94335	-0.009466092	-3.5508263	0.2989054	0.015495076	0.074307434	21.0	4073.2307274341583
137	94.49667	4.2018237	100.0	84.4	163.8	31.668764	14.53388	61.910164	0.17334652	1380000	-1.7384687e-08	24.825401	-0.007523285	-3.4963481	0.3038949	0.015320328	0.073507346	14.0	4101.512281417847
138	94.79	3.833262	100.0	86.0	162.53334	31.833673	14.81639	64.83736	-4.755164	1390000	2.7415808e-08	26.308777	-0.007497747	-2.5774739	0.30707094	0.01504061	0.075907595	22.0	4131.719979286194
139	94.08136	4.8267784	100.0	76.6	166.35593	31.765106	14.732155	64.35233	-3.7151885	1400000	4.346172e-08	28.092894	-0.007903102	-3.9106643	0.32669804	0.01516075	0.07770777	10.0	4161.8091995716095
140	93.22069	5.723718	100.0	72.4	167.74138	30.963457	14.987554	62.78815	-10.907578	1410000	0.0	31.864988	-0.009139375	-4.9535174	0.3086972	0.0151009485	0.070107006	18.0	4190.236820459366
141	93.53793	4.942595	100.0	82.0	167.81035	30.889923	14.834638	63.95274	-1.4245678	1420000	3.601114e-08	26.093042	-0.009888555	-4.087976	0.32305583	0.015354741	0.08860886	16.0	4218.100090265274
142	93.8339	6.706349	100.0	65.8	164.0339	30.845852	15.254908	63.14032	-21.803846	1430000	4.4703484e-08	32.186905	-0.0073450864	-5.437265	0.3163378	0.015362908	0.08410841	9.0	4248.709362030029
143	94.51333	4.7770796	100.0	73.6	162.48334	31.612532	14.927558	63.68494	-0.8534019	1440000	-5.9604645e-08	29.999338	-0.005804848	-5.153778	0.30942264	0.016643545	0.07920792	7.0	4276.718693256378
144	94.55666	4.479299	100.0	82.0	161.18333	32.444893	14.6037035	63.759785	0.2919761	1450000	9.934108e-09	28.600119	-0.007108903	-3.6281884	0.3158437	0.01608855	0.076807685	13.0	4306.040232419968
145	92.17895	7.306108	100.0	74.2	170.29825	30.980558	14.86775	64.365746	-8.4685	1460000	-1.1175871e-08	36.36578	-0.0068588927	-7.7613773	0.3168028	0.015223944	0.062306225	7.0	4335.164411306381
146	92.71035	6.9897633	100.0	74.2	168.63792	30.147411	14.240493	56.959602	-2.4352489	1470000	2.2351742e-08	30.664373	-0.0051759672	-5.759249	0.31913984	0.01565572	0.08190819	6.0	4363.916534900665
147	92.40339	7.382847	100.0	75.4	167.84746	30.761662	14.114485	57.49846	-44.198296	1480000	1.9868216e-08	33.8907	-0.007685174	-4.184829	0.32491666	0.015074474	0.08670867	14.0	4396.209370613098
148	93.53771	6.084707	100.0	65.8	160.06557	31.636217	14.04845	56.576767	-28.9955	1490000	1.0089328e-08	27.212753	-0.004930517	-5.155828	0.32321325	0.016646309	0.08260826	11.0	4427.0343136787415
149	93.71475	4.4777718	100.0	83.8	159.08197	31.75771	14.844451	60.273094	-10.540935	1500000	-7.450581e-09	25.984426	-0.010059446	-3.2797089	0.31757164	0.015103552	0.08810881	25.0	4457.192170619965
150	93.12334	6.959415	100.0	56.2	162.25	31.504076	14.990348	61.964317	-12.895552	1510000	1.2417635e-09	27.742142	-0.00763105	-3.7910538	0.32272044	0.016023656	0.080008	8.0	4484.081026792526
151	94.74839	4.191071	100.0	83.8	159.75807	32.10215	14.335474	60.39602	-15.707978	1520000	0.0	22.977106	-0.007914909	-3.5695744	0.3181105	0.015801553	0.065806575	22.0	4513.851875543594
152	91.792854	8.461591	100.0	59.2	172.0	30.632166	15.533239	62.235886	-39.703876	1530000	-1.8626451e-09	41.058624	-0.0052027814	-11.158902	0.30840933	0.017278073	0.083108306	5.0	4541.064097642899
153	93.31228	5.971866	100.0	77.2	172.91228	30.007126	14.598027	57.52402	-14.713635	1540000	-3.4303714e-08	35.429214	-0.006531356	-5.286897	0.31599686	0.015307848	0.088208824	10.0	4569.416325569153
154	93.820335	4.9262624	100.0	80.8	166.0	30.810707	14.165356	60.693287	-12.355922	1550000	-2.483527e-09	26.872004	-0.010066158	-4.5497227	0.3178134	0.015067063	0.082308225	21.0	4598.823504686356
155	94.37966	4.89783	100.0	77.8	164.81355	31.20267	14.774938	61.224644	-2.429606	1560000	-9.934108e-09	26.33287	-0.011463363	-5.4939046	0.33025327	0.015421194	0.099409945	25.0	4626.276170969009
156	93.62858	5.123256	100.0	83.2	174.19643	29.942627	15.20745	62.26493	-14.508391	1570000	-3.7252903e-09	34.22825	-0.0090551255	-5.7292485	0.32653552	0.015312151	0.08030803	12.0	4656.248048782349
157	93.95861	5.875579	100.0	68.0	168.46552	30.922848	14.315734	64.02673	-2.446849	1580000	1.7384687e-08	30.369446	-0.0075055133	-5.376333	0.33743572	0.015004575	0.08320832	11.0	4683.382196903229
158	94.72542	4.6804166	100.0	80.8	164.40678	31.604816	14.91507	63.019066	0.32099175	1590000	-2.8560558e-08	28.421144	-0.0071062683	-6.957949	0.32997823	0.015819224	0.07370737	13.0	4710.261375904083
159	93.45334	6.7465415	100.0	57.4	165.8	31.770826	14.657613	63.71295	-13.836174	1600000	1.9868216e-08	29.446272	-0.007748615	-5.843855	0.3305799	0.015141246	0.08280828	10.0	4739.378162384033
160	92.83929	6.353561	100.0	71.8	172.80357	30.040882	15.099897	63.460583	-13.528314	1610000	1.0554989e-08	32.101242	-0.0068724714	-5.772251	0.32713017	0.015445351	0.088108815	8.0	4766.584561347961
161	92.947365	6.1400642	100.0	72.4	170.9649	30.150211	14.606389	61.78117	-2.2502115	1620000	3.9425988e-08	31.042639	-0.0058406615	-4.6294274	0.3236301	0.015795453	0.07960796	7.0	4795.068227529526
162	93.95667	5.556389	100.0	72.4	162.46666	31.283054	14.803118	61.900204	0.5581951	1630000	-2.4835268e-08	26.02395	-0.00633173	-3.5125778	0.3122193	0.015394461	0.08990899	10.0	4823.239869356155
163	93.96	5.323485	100.0	80.0	173.90909	30.583387	14.871192	63.949036	-2.8544931	1640000	-1.3348957e-08	26.87304	-0.0055188723	-4.3465486	0.31697378	0.015087756	0.06740674	10.0	4849.903077363968
164	93.66	5.0261054	100.0	76.0	163.45	31.24752	14.936729	62.564987	-2.4382749	1650000	2.0489097e-08	29.562607	-0.009215856	-4.9162745	0.3093135	0.015227742	0.07470747	18.0	4878.829611778259
165	93.207146	5.513097	100.0	78.0	173.64285	30.547857	14.705718	64.176155	-13.294371	1660000	-4.967054e-09	34.99042	-0.00610459	-6.4353843	0.3290799	0.01553787	0.075207524	6.0	4904.82509303093
166	92.65714	7.80812	100.0	53.2	176.53572	29.879337	14.646902	63.44743	-34.415035	1670000	1.2417635e-09	33.364063	-0.0066176523	-6.2119327	0.32754764	0.016915122	0.06830683	7.0	4931.675476074219
167	93.40364	7.3039455	100.0	55.0	176.5091	30.04677	14.675036	62.07497	-25.292004	1680000	2.9802322e-08	39.15284	-0.006358201	-8.093676	0.33886173	0.015116385	0.07040703	7.0	4959.297550201416
168	93.73448	5.501396	100.0	76.0	168.0	31.204433	14.310265	60.40721	-5.7121477	1690000	-9.002785e-09	24.949707	-0.011528102	-3.4064186	0.32029465	0.015512407	0.086708665	31.0	4988.848612308502
169	94.44827	5.138403	100.0	76.0	168.03448	31.123886	14.526211	61.416164	-4.3120394	1700000	2.6077032e-08	28.840248	-0.004852128	-3.0541515	0.32605317	0.015151384	0.0690069	10.0	5014.38289308548
170	94.1	5.0293274	100.0	79.0	168.0	31.436243	14.666958	63.748867	-2.9669104	1710000	5.3395826e-08	25.694696	-0.005968269	-3.1805305	0.32504538	0.015601613	0.072507255	8.0	5043.181415081024
171	94.11228	5.208228	100.0	77.8	172.8421	31.14061	14.442738	62.582973	-0.9516834	1720000	-1.9868216e-08	30.99246	-0.008445329	-4.3658137	0.32916096	0.0151736075	0.08570858	13.0	5071.096888303757
172	94.53898	4.1845975	100.0	80.2	163.38983	31.699066	14.292486	62.448864	-0.36565578	1730000	-2.6077032e-08	24.595535	-0.00851288	-3.6112983	0.32789868	0.015038065	0.08050805	20.0	5096.55882024765
173	94.38275	5.703149	100.0	65.2	167.7931	31.718771	14.563233	62.918602	-0.4973488	1740000	-2.8560558e-08	30.630783	-0.0075738705	-5.101986	0.3383061	0.015293368	0.07220722	16.0	5126.791207313538
174	93.89333	4.73842	100.0	79.6	161.61667	32.11652	14.487255	63.070126	-0.8894533	1750000	1.2417634e-08	24.66456	-0.005634479	-3.5817432	0.33440638	0.015072081	0.05630563	8.0	5155.762630701065
175	94.7661	4.202526	100.0	86.0	166.33899	31.599512	15.072527	63.406303	-33.543243	1760000	-2.6542693e-08	23.542257	-0.0073210145	-3.524388	0.33187172	0.015337239	0.07170717	14.0	5181.651151418686
176	91.85614	17.191868	100.0	-30.0	170.10527	30.719585	15.53249	63.388763	-37.525036	1770000	-3.7252903e-09	60.776287	-0.007595612	-19.199873	0.3429047	0.0153308	0.08140814	13.0	5209.450732946396
177	91.24728	9.34105	100.0	57.4	175.29091	28.599981	15.395164	58.686546	-15.509046	1780000	-3.290673e-08	50.135265	-0.007409217	-15.484073	0.3546953	0.018613974	0.06610661	5.0	5236.784998655319
178	91.953575	15.400556	100.0	-10.0	175.21428	29.168192	15.640974	61.9694	-61.978214	1790000	-9.934108e-09	71.3749	-0.005409078	-27.452356	0.33514258	0.017359087	0.0520052	5.0	5265.022166252136
179	93.74138	6.3465447	100.0	70.0	170.43103	30.190548	14.987193	63.487225	-12.441811	1800000	1.9868216e-08	32.007618	-0.0087215	-6.905782	0.34384742	0.015142207	0.08460846	14.0	5295.136148691177
180	94.6138	4.4845886	100.0	78.0	170.05173	31.095299	14.51454	63.722485	-5.131281	1810000	-3.7252903e-09	26.902925	-0.006123238	-4.4678493	0.33562776	0.016186992	0.07140714	10.0	5321.188271045685
181	94.80678	4.3133163	100.0	84.0	166.0	31.7904	14.462588	62.90374	-4.615028	1820000	2.8871e-08	27.981237	-0.0069387597	-4.093559	0.3340371	0.015548683	0.077707775	10.0	5349.522025108337
182	94.572876	4.785636	100.0	75.4	165.30508	32.106	14.531121	64.03773	-2.7105768	1830000	-1.2417635e-09	21.587708	-0.008488877	-2.4689476	0.3356377	0.015202389	0.09180918	15.0	5378.465726613998
183	94.175865	4.9863367	100.0	76.6	168.46552	31.257141	14.978602	63.659687	-6.3209376	1840000	7.450581e-09	27.56089	-0.0064632073	-3.4813805	0.33900008	0.015421215	0.09190919	11.0	5405.482706546783
184	92.47797	16.657915	100.0	-30.0	164.52542	30.815207	15.591395	62.282223	-53.78734	1850000	-6.208817e-09	44.7061	-0.0101973405	-13.782588	0.34575757	0.015285608	0.07880788	26.0	5434.513618707657
185	94.23333	5.664058	100.0	66.0	163.35	31.61767	14.748931	61.22831	-3.3587594	1860000	-1.4901161e-08	28.956964	-0.010437858	-5.614248	0.35098338	0.0154025555	0.096809685	21.0	5462.845410823822
186	94.21696	6.4464717	100.0	58.0	165.38983	31.572786	15.066023	63.269817	-10.016415	1870000	-3.7252903e-09	27.854856	-0.004904134	-3.4072025	0.35171875	0.018290518	0.06840684	7.0	5491.076011419296
187	94.28421	4.7384872	100.0	80.2	171.78947	30.496794	15.477562	63.836136	-48.632088	1880000	-1.6142925e-08	36.01166	-0.0043662745	-9.07035	0.3405234	0.016315702	0.07180718	8.0	5518.5970890522
188	94.043335	4.6749105	100.0	82.6	163.06667	31.216469	15.184954	63.838192	-12.511591	1890000	1.2417635e-09	27.66582	-0.008346907	-5.5463843	0.3440665	0.015129949	0.073507346	16.0	5546.7645399570465
189	94.189835	5.184517	100.0	73.6	165.72882	31.664516	14.76716	63.99296	-23.771833	1900000	-1.2417635e-09	26.045227	-0.008147423	-4.5730915	0.33643618	0.015040535	0.07790779	15.0	5574.996588468552
190	93.5614	6.4023504	100.0	75.4	169.36842	30.775513	14.740904	61.700005	-32.55735	1910000	3.228585e-08	28.282495	-0.00781496	-4.845945	0.35743973	0.015422997	0.064006396	14.0	5601.558083057404
191	93.36207	6.0771427	100.0	71.8	168.55173	30.938025	14.646084	60.64594	-13.025614	1920000	1.8626451e-09	30.300554	-0.006075538	-4.7226014	0.34831306	0.016204802	0.06520652	7.0	5631.411477804184
192	94.04746	4.7336287	100.0	82.0	163.84746	31.544254	14.734774	61.562347	-4.44076	1930000	-2.20413e-08	23.298773	-0.007340174	-2.92862	0.33984753	0.015475967	0.067406744	14.0	5658.588488340378
193	93.952545	5.2450895	100.0	80.2	167.69492	31.197306	15.15358	63.24593	-1.3323292	1940000	-1.3659398e-08	23.686432	-0.007545764	-2.5295627	0.34426117	0.01528428	0.084608465	12.0	5688.109914779663
194	93.60689	5.411095	100.0	78.4	169.0	30.991337	15.013693	63.103706	-2.6170762	1950000	-1.5522042e-08	26.089167	-0.007239148	-4.1892066	0.35087433	0.016132554	0.08510852	9.0	5714.708904027939
195	93.46207	5.4971094	100.0	70.0	166.72414	31.126842	15.101037	62.525604	-18.487825	1960000	2.3593506e-08	20.617434	-0.0068007573	-2.5088756	0.3495442	0.01552442	0.077107705	12.0	5742.502070903778
196	93.15172	5.611233	100.0	77.8	170.34483	30.454712	15.234934	63.115326	-4.878232	1970000	-6.9849193e-09	28.358942	-0.007385911	-4.8131375	0.34470782	0.015116933	0.07640764	10.0	5770.807071447372
197	94.0305	5.393758	100.0	73.0	164.47458	30.938992	14.673803	62.003483	-8.422622	1980000	1.3659398e-08	25.336641	-0.007192094	-3.8698559	0.31845403	0.015296745	0.07670767	11.0	5799.372101545334
198	94.88667	3.8464472	100.0	86.0	161.8	32.079662	14.719142	62.16727	0.07976401	1990000	1.0554989e-08	22.273432	-0.0042318664	-3.0258281	0.3221594	0.016796915	0.05770577	8.0	5826.5602214336395
199	94.653336	3.9371507	100.0	84.0	161.58333	32.15983	14.915783	63.672688	-3.3716679	2000000	-5.1610794e-08	21.297415	-0.0053004213	-2.1550884	0.32901832	0.015429559	0.0739074	8.0	5855.8215944767
200	92.899994	6.7923126	100.0	69.4	168.24138	31.087072	15.243553	63.27016	-14.507476	2010000	-1.1175871e-08	27.244658	-0.006481606	-4.6386704	0.332396	0.015607529	0.05170517	6.0	5882.378308296204
201	91.62069	14.6195755	100.0	-10.0	167.3793	30.365513	15.77563	62.782047	-51.475895	2020000	-7.450581e-09	47.568516	-0.007391943	-15.994645	0.33340967	0.015246605	0.07580758	11.0	5908.917710781097
202	93.34385	7.90778	100.0	47.2	166.75438	29.224152	16.859428	59.66237	-44.560326	2030000	2.2972623e-08	43.621403	-0.007395854	-9.302378	0.3310758	0.015622929	0.08390839	12.0	5934.5505611896515
203	93.503334	5.5862327	100.0	72.4	161.75	31.307835	14.981589	57.97884	-24.81904	2040000	-1.9712994e-08	24.430658	-0.0059288517	-3.695301	0.32870167	0.015064135	0.059405938	9.0	5962.588272094727
204	92.560715	6.7830067	100.0	71.2	171.28572	30.578135	14.964098	61.10933	-21.851377	2050000	7.450581e-09	28.795893	-0.0073274286	-5.069781	0.32755235	0.016485387	0.09490949	11.0	5989.2893698215485
205	93.2	6.8510547	100.0	70.0	163.9661	30.676033	14.662078	59.877434	-22.869064	2060000	2.2351742e-08	36.616634	-0.006527999	-8.359262	0.33898392	0.015475202	0.07270727	6.0	6017.795543193817
206	93.38304	5.875232	100.0	71.2	166.35593	31.397465	14.95119	61.106247	-14.25221	2070000	-1.4901161e-08	28.800201	-0.010670389	-5.977345	0.32352865	0.015603879	0.09310931	24.0	6046.418485164642
207	92.57242	7.710668	100.0	63.4	168.77586	30.757563	14.780645	62.777317	-22.143597	2080000	7.450581e-09	33.961826	-0.008562154	-5.8802853	0.32202932	0.015317352	0.064006396	12.0	6072.777493715286
208	94.04667	4.5677657	100.0	81.4	163.96666	30.906944	14.908658	60.32346	-11.589846	2090000	1.6142925e-08	28.62533	-0.010875598	-4.7578683	0.33344772	0.015292731	0.081308134	25.0	6101.846019983292
209	93.46316	6.24934	100.0	71.8	171.3158	30.75286	15.002365	62.732464	-15.085738	2100000	-4.9670536e-08	29.265173	-0.007434618	-4.1105385	0.32300946	0.01580847	0.07640764	10.0	6130.388350725174
210	93.11035	6.915966	100.0	64.0	167.82759	30.911564	14.7284775	61.873478	-15.55919	2110000	3.973643e-08	32.522213	-0.0070616663	-5.1385903	0.32344607	0.015527536	0.07210721	10.0	6157.547632455826
211	91.743866	8.850632	100.0	48.4	173.4386	29.626892	15.607576	61.069126	-35.596607	2120000	1.2417634e-08	40.029446	-0.007841009	-8.947991	0.33666754	0.01511313	0.06450645	9.0	6184.371929883957
212	92.972885	5.0881658	100.0	79.6	166.15254	30.714327	14.5397	60.277172	-4.837114	2130000	-1.1175871e-08	30.137533	-0.011408355	-5.1888547	0.33346128	0.015034489	0.08700871	27.0	6214.4583559036255
213	93.53898	5.39595	100.0	78.0	167.47458	30.715342	14.915442	61.88207	-4.2309747	2140000	-6.519258e-09	31.464195	-0.0072699855	-4.6190205	0.3367363	0.016121397	0.07450745	10.0	6242.620087862015
214	93.78276	4.9858117	100.0	81.4	168.18965	31.036476	14.764819	62.581852	-7.5904617	2150000	2.1109978e-08	26.991705	-0.009622563	-4.36195	0.33494663	0.015309033	0.08230823	18.0	6268.425761461258
215	93.308205	15.0854	100.0	-20.0	161.60655	31.182447	15.272123	61.47989	-27.549305	2160000	6.208817e-09	35.992966	-0.007946502	-11.5023985	0.3335131	0.01620075	0.0860086	19.0	6296.351068735123
216	94.28622	4.205926	100.0	84.0	168.2931	31.531702	15.0105505	60.742867	-13.920512	2170000	-4.967054e-09	26.24878	-0.00772748	-5.140049	0.32359853	0.016008068	0.091809176	13.0	6324.373758792877
217	92.891525	6.8419766	100.0	56.8	167.86441	30.613224	15.626707	62.637714	-32.490738	2180000	-7.0780516e-08	29.943436	-0.009952629	-5.252993	0.33176458	0.015233104	0.083808385	25.0	6353.947030544281
218	94.826225	3.7695022	100.0	88.0	159.86885	31.446941	14.824778	62.444656	-18.15586	2190000	1.3659398e-08	21.963486	-0.008454348	-3.7560387	0.33724657	0.015649792	0.06770677	15.0	6380.725531101227
219	94.420006	4.402075	100.0	84.4	162.16667	32.428593	14.793528	63.435394	-2.5460317	2200000	-1.6142925e-08	24.67159	-0.0107504325	-3.8199375	0.33770764	0.01517655	0.0990099	30.0	6411.195176362991
220	94.2	4.737932	100.0	81.4	163.41667	31.658043	15.017682	63.138046	-10.615207	2210000	1.9868216e-08	25.076181	-0.008024784	-3.7025788	0.33474627	0.015074201	0.08630863	13.0	6437.0452399253845
221	93.833336	5.7445817	100.0	74.8	163.85	31.605352	14.77403	63.26103	-10.750162	2220000	2.9802322e-08	23.225927	-0.008152167	-3.4283745	0.33510354	0.015141062	0.08090809	15.0	6465.094035387039
222	93.9	5.326099	100.0	74.8	161.45	31.88127	14.725624	62.304733	-3.05845	2230000	-1.5754873e-08	21.837275	-0.008662551	-2.550087	0.32468444	0.015182783	0.079507954	21.0	6494.200892210007
223	93.417244	5.4147034	100.0	78.0	168.94827	31.23587	15.037839	61.525307	-18.819925	2240000	-1.1796753e-08	25.861494	-0.008408199	-4.12322	0.3301094	0.01529703	0.08890889	10.0	6521.4345235824585
224	93.630005	5.0555353	100.0	80.0	163.63333	31.255728	14.982006	62.76333	-8.951507	2250000	-1.14863115e-08	25.28713	-0.009177983	-3.2414258	0.340726	0.015201067	0.07510751	17.0	6549.411602973938
225	93.79323	4.706716	100.0	82.0	166.42372	31.284685	14.850761	62.98283	-6.057993	2260000	-1.4901161e-08	22.46491	-0.005868168	-3.1568806	0.33105916	0.016278483	0.08020802	7.0	6578.942083835602
226	93.65085	5.127869	100.0	78.4	165.74576	31.292755	14.990328	63.56646	0.32909393	2270000	-2.0799538e-08	28.427689	-0.00723868	-5.0845265	0.33420524	0.015395072	0.07370737	9.0	6605.92690372467
227	93.4	5.249508	100.0	80.0	163.25	31.497484	14.504873	63.4051	-17.67885	2280000	-1.7384687e-08	27.140993	-0.0089016	-4.3508277	0.33601868	0.0153725045	0.07190719	16.0	6633.827060461044
228	93.19311	5.616842	100.0	78.4	167.7069	31.13841	14.686312	62.661575	-2.9316785	2290000	-3.3527613e-08	28.391226	-0.0076502603	-5.6963997	0.33033592	0.015579668	0.07850785	12.0	6662.268420219421
229	89.915794	19.027514	100.0	-40.0	170.14035	29.753935	15.986618	62.525303	-39.203297	2300000	1.7384687e-08	59.367386	-0.010062538	-18.709871	0.33753586	0.016406322	0.07640764	11.0	6691.571770429611
230	91.655174	8.448529	100.0	65.2	170.58621	29.258802	15.805063	60.796528	-44.307816	2310000	-1.7384687e-08	34.86084	-0.00870479	-9.637359	0.34213552	0.015204308	0.082008205	11.0	6719.478719472885
231	90.10545	17.072332	100.0	-10.0	175.16364	28.13872	16.068676	57.178185	-59.0343	2320000	1.4901161e-08	55.63854	-0.0054854187	-21.91053	0.3449541	0.015816083	0.06610661	6.0	6747.250754594803
232	90.66552	15.533386	100.0	-10.0	166.94827	29.932346	15.273886	60.35077	-18.354084	2330000	4.967054e-09	44.7308	-0.009220857	-12.856408	0.33303705	0.016011385	0.09460946	14.0	6777.425879001617
233	94.05666	4.9940085	100.0	77.8	165.25	30.335932	15.326357	57.60246	-34.160057	2340000	-6.829699e-09	31.99246	-0.008668662	-7.9723496	0.3248275	0.015614141	0.07670767	19.0	6805.76281952858
234	92.0305	9.008381	100.0	44.8	166.66101	30.697903	15.26594	62.273834	-8.3465805	2350000	-2.514571e-08	36.250217	-0.010485393	-6.2755585	0.32635877	0.015283977	0.084008396	17.0	6834.64396238327
235	94.284744	5.2742033	100.0	71.8	163.72882	31.115934	15.007393	61.704525	-19.90119	2360000	3.1005282e-08	23.757233	-0.0062736385	-3.03228	0.31268632	0.017311824	0.07020702	13.0	6864.237760782242
236	92.666664	8.065898	100.0	58.6	169.89473	30.347551	15.518973	62.12907	-19.717806	2370000	-8.071463e-09	32.48012	-0.008873341	-6.4015293	0.3151467	0.015164523	0.0770077	15.0	6891.896013021469
237	93.23606	7.0237546	100.0	60.4	159.95082	31.113914	15.23203	61.420513	-19.290592	2380000	2.7318796e-08	24.613014	-0.007194923	-4.3108964	0.32754472	0.015555423	0.08830883	12.0	6918.70161652565
238	92.48852	15.510779	100.0	-20.0	160.78688	31.116348	15.852261	62.453484	-29.576536	2390000	-1.9868216e-08	32.265564	-0.00973245	-7.4146314	0.32336643	0.015634654	0.085808575	16.0	6945.574199438095
239	93.91333	5.995038	100.0	70.0	161.36667	31.63902	15.351959	59.90798	-11.208492	2400000	2.9802322e-08	27.401932	-0.00847895	-7.295582	0.33233604	0.0153848715	0.07730773	14.0	6974.321756362915
240	93.90333	5.3488307	100.0	70.6	162.71666	31.848854	15.304703	63.731262	-19.101528	2410000	4.967054e-09	24.665457	-0.006262271	-4.316	0.32720807	0.015670037	0.06390639	10.0	7002.138776063919
241	93.89355	5.058843	100.0	76.0	158.58064	31.422497	15.36503	63.464294	-18.04659	2420000	-3.228585e-08	24.950094	-0.005182895	-5.3081374	0.32853213	0.015103839	0.08050805	10.0	7031.210307836533
242	94.33871	4.4936643	100.0	82.0	158.24193	32.37288	14.786466	62.30153	-4.9369974	2430000	-9.934108e-09	19.854204	-0.006344598	-2.1718724	0.3302047	0.015342924	0.1020102	11.0	7057.853160142899
243	93.11035	5.9635878	100.0	70.0	166.56897	31.350164	15.515193	62.42747	-17.935558	2440000	2.7939677e-09	34.46346	-0.008115527	-5.9400096	0.3401723	0.015683746	0.08570858	11.0	7084.400445699692
244	93.23667	5.4626603	100.0	75.4	165.33333	30.868008	14.627674	62.046947	-4.65664	2450000	-2.2351742e-08	23.546785	-0.011521024	-4.6042666	0.3345115	0.015020107	0.08970896	41.0	7115.138242006302
245	92.41017	7.742852	100.0	57.4	168.11864	30.510101	15.779654	62.08638	-23.312376	2460000	-1.3659398e-08	28.085928	-0.009329383	-4.187344	0.34115434	0.015825905	0.07940794	12.0	7145.841551542282
246	93.52542	5.7366967	100.0	72.4	166.1017	30.413172	15.190827	62.615707	-18.245049	2470000	-1.07878195e-08	26.784742	-0.007313946	-4.186724	0.33796823	0.015624263	0.077107705	13.0	7173.368472576141
247	92.185715	7.2422233	100.0	64.0	175.57143	29.979048	15.126573	61.082844	-14.964074	2480000	-1.3659398e-08	34.553738	-0.008713327	-6.736206	0.3360672	0.015532198	0.089308925	17.0	7202.583436965942
248	94.1322	4.9274893	100.0	79.0	166.30508	30.66179	14.828928	61.970337	-9.187211	2490000	-2.6697913e-08	26.175684	-0.0068466025	-4.510157	0.3341645	0.01608392	0.07360736	12.0	7230.930496454239
249	93.250854	5.5932884	100.0	79.6	165.9322	31.422594	14.78627	63.603924	-12.01557	2500000	1.4901161e-08	21.326078	-0.0132366745	-2.3399565	0.34501562	0.0151648475	0.08610862	59.0	7260.287082195282
