Epoch	AverageEpRet	StdEpRet	MaxEpRet	MinEpRet	EpLen	AverageVVals	StdVVals	MaxVVals	MinVVals	TotalEnvInteracts	LossPi	LossV	DeltaLossPi	DeltaLossV	Entropy	KL	ClipFrac	StopIter	Time
0	95.376915	9.246758	100.0	37.6	185.8077	30.066494	14.426952	60.71969	-11.431897	10000	-2.9802322e-08	43.162735	-0.0055091213	-10.440535	0.396471	0.015456333	0.08190819	4.0	28.754231214523315
1	97.223076	2.456907	100.0	89.2	185.01923	29.426792	14.963166	60.774487	-3.5969033	20000	-5.7742e-08	30.557434	-0.009807165	-6.444492	0.3990424	0.015029385	0.10011002	16.0	57.392061948776245
2	93.426926	23.247498	100.0	-70.0	186.0	30.225277	14.229488	61.532864	-16.78833	30000	2.483527e-09	108.24827	-0.008709494	-32.625534	0.39053702	0.015188807	0.07950795	10.0	84.31852149963379
3	96.44231	3.8053272	100.0	86.0	183.07692	29.76937	13.248468	57.881397	-3.0552108	40000	2.6542693e-08	36.714146	-0.0062586907	-9.5519705	0.3820413	0.015461803	0.08160816	8.0	111.4960424900055
4	97.9	2.1823363	100.0	91.0	182.48148	30.132793	14.20327	61.491558	-1.4146858	50000	-1.8626451e-09	30.672476	-0.0049154577	-4.468588	0.387766	0.015586727	0.08080808	9.0	140.18732976913452
5	96.748146	4.173494	100.0	76.0	182.11111	30.896793	14.136167	61.229122	-4.529674	60000	1.0554989e-08	30.580894	-0.00729302	-4.626652	0.386686	0.015337467	0.07130713	13.0	168.4109869003296
6	96.85926	3.3765266	100.0	87.4	182.11111	30.748703	14.1911335	61.68547	-2.1418326	70000	-1.1175871e-08	31.71998	-0.005950518	-6.0539727	0.38617125	0.015597018	0.07580758	11.0	195.96046257019043
7	96.76863	3.4833775	100.0	85.0	187.19608	30.005033	14.923362	62.209312	-5.4954953	80000	-1.47459405e-08	31.542341	-0.007583138	-5.4743686	0.38545933	0.015734999	0.1020102	9.0	223.22154784202576
8	96.89812	4.3478246	100.0	76.0	181.49057	30.029469	14.689043	61.642532	-4.791805	90000	-2.9802322e-08	30.472696	-0.010323317	-3.5539181	0.3947314	0.015111205	0.092909284	34.0	251.71170735359192
9	97.57407	2.5125008	100.0	89.2	178.66667	30.504864	14.777087	62.22743	-16.58112	100000	-2.0178655e-08	26.344095	-0.0062534246	-5.473547	0.3931137	0.015789812	0.075207524	11.0	277.9696407318115
10	96.474075	4.993224	100.0	74.8	179.2963	30.67774	15.224197	61.628265	-26.898464	110000	-1.7384687e-08	36.16379	-0.007370975	-9.638318	0.39733532	0.015478467	0.072507255	10.0	303.62161564826965
11	96.388885	6.7579765	100.0	56.0	179.09259	30.719044	14.654829	60.046547	-13.915797	120000	-1.8626451e-08	35.878254	-0.006674208	-4.8943667	0.3934722	0.015632147	0.10381038	8.0	328.8356091976166
12	97.465454	3.0537138	100.0	88.0	176.74545	30.75445	14.611749	61.716984	-1.7993237	130000	4.967054e-09	25.218424	-0.0075045205	-3.4714272	0.39286867	0.015677994	0.08360836	19.0	355.55329394340515
13	94.516365	21.313307	100.0	-60.0	175.89091	31.124733	15.078915	61.812916	-25.27247	140000	-3.7252903e-08	95.45974	-0.007443434	-30.256027	0.3965694	0.015813565	0.087408744	10.0	382.36373686790466
14	95.128	7.2564197	100.0	67.6	193.48	28.79643	14.96707	57.668888	-42.31252	150000	-3.601114e-08	64.08806	-0.0085008405	-32.564297	0.39788115	0.015638338	0.07090709	8.0	408.0470826625824
15	96.96604	6.5710325	100.0	53.8	181.83018	30.044363	14.300987	61.99045	-18.715582	160000	-4.5324366e-08	34.41569	-0.005599983	-7.9234276	0.3824489	0.015604881	0.098609865	9.0	435.0352611541748
16	94.49819	21.223928	100.0	-60.0	177.6	31.02196	14.465504	62.617794	-55.355503	170000	-4.4703484e-08	85.74408	-0.007629983	-20.690214	0.3894384	0.015171294	0.08140814	12.0	461.7561824321747
17	95.15926	17.4084	100.0	-30.0	179.27777	30.267561	14.47908	57.671875	-25.732487	180000	9.934108e-09	73.53657	-0.006138871	-22.629532	0.38356838	0.017298106	0.1040104	7.0	488.75680780410767
18	97.17359	3.8102217	100.0	83.8	184.73586	29.489944	16.234825	61.41471	-35.674652	190000	4.5945246e-08	44.879147	-0.0067604478	-18.289492	0.3903056	0.016250446	0.08020802	9.0	517.4849565029144
19	96.16471	5.903632	100.0	70.0	186.60785	29.5292	14.962238	61.34764	-18.962408	200000	-1.3659398e-08	39.551125	-0.008621923	-9.345643	0.3898411	0.015968231	0.08170817	12.0	546.2604897022247
20	97.89455	2.5317914	100.0	87.4	178.81818	30.750235	14.020288	60.871975	-5.774715	210000	-1.1175871e-08	26.780626	-0.008990741	-5.700449	0.3871366	0.015219803	0.08520851	20.0	574.4028532505035
21	96.62745	3.2961106	100.0	86.2	192.49019	30.094204	15.086441	61.390118	-17.557274	220000	1.3038516e-08	31.7323	-0.0067190365	-6.5044894	0.38279107	0.015495218	0.088208824	8.0	602.5428099632263
22	97.05185	3.726817	100.0	85.0	181.92592	30.096455	13.959683	60.142403	-2.0674098	230000	3.973643e-08	31.728472	-0.008408351	-5.7286987	0.38181397	0.0153366625	0.074407436	15.0	630.2407166957855
23	97.558495	2.448059	100.0	92.0	180.66037	30.535713	14.521703	62.038704	0.021807984	240000	-1.3348957e-08	25.778147	-0.009870588	-3.4144623	0.38217244	0.015233952	0.10451045	42.0	657.989287853241
24	95.884	6.0686855	100.0	67.0	193.6	29.756346	14.924747	61.59964	-14.959844	250000	-4.967054e-09	35.284004	-0.009205528	-8.499444	0.39177993	0.015813606	0.09760976	11.0	684.8316385746002
25	97.81132	2.5666697	100.0	88.0	180.50943	29.469458	14.440646	61.00247	-11.319094	260000	9.934108e-09	34.283813	-0.004610534	-6.3860373	0.37968734	0.016394006	0.08670867	10.0	712.642007112503
26	96.45769	7.962542	100.0	43.6	184.96153	30.260633	14.894492	62.38666	-27.744354	270000	-4.346172e-09	36.98673	-0.00668358	-12.36145	0.39487758	0.016741138	0.08140814	6.0	738.5638740062714
27	97.470375	2.8074393	100.0	89.2	179.11111	30.522444	14.3995495	60.938377	-10.465261	280000	2.8560558e-08	26.416906	-0.008939225	-3.8625138	0.3994973	0.015392072	0.09850985	19.0	766.5438859462738
28	97.10741	4.4339957	100.0	71.2	181.57408	30.540577	15.019184	61.41984	-27.74201	290000	-1.4901161e-08	34.48894	-0.010489609	-6.146194	0.3954413	0.015277225	0.09650966	23.0	793.9815301895142
29	90.74074	31.791304	100.0	-80.0	179.66667	30.688536	14.34127	61.881405	-42.708187	300000	-4.9049657e-08	148.25298	-0.0060012005	-49.161346	0.40261868	0.016220229	0.070007004	7.0	820.2675216197968
30	97.49812	3.0941508	100.0	88.0	182.60378	29.153236	13.893926	58.013023	-14.286924	310000	-3.973643e-08	37.67343	-0.007496041	-13.841052	0.39407948	0.015221494	0.084708475	12.0	847.65318608284
31	97.81481	2.4678228	100.0	88.0	182.98148	30.28978	14.6325865	62.989872	-2.5390348	320000	-3.8494665e-08	29.617205	-0.0066155517	-3.9344635	0.4029661	0.015392256	0.09130913	12.0	874.9218225479126
32	97.98546	2.140808	100.0	91.0	178.4	31.054216	14.302637	61.489285	0.013326541	330000	-1.4901161e-08	24.71211	-0.007571202	-3.188816	0.39248273	0.015088401	0.07920792	15.0	901.9790351390839
33	96.759995	4.95234	100.0	74.0	176.05455	31.313389	14.957431	61.10985	-3.2690322	340000	-7.450581e-09	29.727148	-0.0054928255	-4.47587	0.39896587	0.015562153	0.09150914	9.0	929.652197599411
34	96.248	8.032888	100.0	50.8	191.44	29.346926	15.985532	62.55857	-32.04767	350000	2.9181441e-08	43.902588	-0.007167705	-12.306313	0.38608822	0.0153108025	0.092409246	8.0	955.7696554660797
35	96.71112	4.574918	100.0	76.0	180.74074	30.576855	14.038949	59.350662	-3.8468351	360000	-4.9670536e-08	31.501719	-0.011071759	-5.647818	0.39238945	0.015189059	0.08250825	48.0	983.0606920719147
36	96.988884	4.7757745	100.0	74.0	180.74074	30.490654	14.607504	62.11771	-5.6066933	370000	-2.3593506e-08	34.115913	-0.008122081	-4.0759234	0.39713502	0.015060787	0.06920692	14.0	1009.869172334671
37	97.755554	2.7903714	100.0	86.2	178.92592	30.645535	14.838145	63.445602	-12.145728	380000	-1.27280755e-08	26.239754	-0.007461501	-3.9447129	0.39685413	0.015237757	0.09080908	12.0	1036.426650762558
38	97.210915	3.9745405	100.0	76.0	178.41818	31.179226	14.610622	62.412605	-3.0886025	390000	-2.4835268e-08	29.397789	-0.005305934	-3.8214614	0.3923136	0.015732558	0.103710376	9.0	1062.6129591464996
39	97.75094	2.347188	100.0	89.2	181.16982	30.570631	14.601992	61.656963	-5.998478	400000	-2.9181441e-08	26.976267	-0.007773357	-3.1890328	0.4051465	0.015044667	0.07460746	15.0	1089.0019280910492
40	97.814545	2.454785	100.0	91.0	176.16364	31.319672	14.59509	61.95356	-2.5308232	410000	-2.9802322e-08	24.571001	-0.0077875312	-2.5041873	0.40957555	0.015153103	0.08860886	17.0	1115.9130053520203
41	97.836365	2.5595713	100.0	88.0	177.16364	31.23646	14.754604	61.63609	-9.757571	420000	6.45717e-08	31.828339	-0.008164289	-7.2469935	0.39875066	0.015079136	0.08760876	13.0	1143.4687395095825
42	97.68148	2.6481352	100.0	89.8	181.22223	30.72069	14.770116	62.641186	-2.1292846	430000	1.3038516e-08	27.921446	-0.0059036775	-4.031219	0.40420327	0.015558475	0.11931193	9.0	1171.444994688034
43	97.930916	2.1446652	100.0	92.2	177.29091	31.364616	14.344162	62.21588	0.10312544	440000	-3.4769375e-08	25.629631	-0.0060527273	-3.325528	0.40469512	0.015417378	0.085808575	13.0	1199.6204359531403
44	97.85284	2.5598204	100.0	88.0	181.1132	30.87372	14.8760605	62.684933	-9.260579	450000	-4.967054e-09	25.88903	-0.005612772	-3.1753254	0.39783612	0.015580621	0.08360836	12.0	1225.3133866786957
45	97.38519	3.8036728	100.0	76.0	177.81482	30.930897	14.934943	62.245083	-14.87091	460000	-3.4769375e-08	27.236246	-0.0078004696	-4.682096	0.41109467	0.015012729	0.09550955	16.0	1252.1425893306732
46	92.63773	22.099741	100.0	-60.0	182.37737	30.994324	14.313362	63.098167	-28.0863	470000	9.934108e-09	96.804436	-0.0076761656	-37.060806	0.40375784	0.016056286	0.08550855	8.0	1278.3505630493164
47	97.556366	2.9087186	100.0	83.2	177.8	29.592695	14.027856	56.535984	-15.7169285	480000	1.2417634e-08	31.399164	-0.0065893433	-8.9273815	0.39550903	0.0153649235	0.095309526	14.0	1305.459545135498
48	96.8151	3.8895793	100.0	80.8	182.56604	30.735966	14.925173	61.628204	-17.482939	490000	-7.0625297e-09	33.35183	-0.0063130087	-7.061741	0.3993944	0.015466665	0.080008	8.0	1331.099487066269
49	97.618866	2.7795107	100.0	90.4	181.64151	30.360205	14.419183	63.153553	-15.317608	500000	-1.800557e-08	30.532732	-0.008641401	-4.4850307	0.40328333	0.015407696	0.09390939	15.0	1357.7449975013733
50	98.03333	2.2452414	100.0	89.8	181.16667	30.734262	14.45867	62.11681	-1.2881942	510000	2.1109978e-08	29.474464	-0.0086979	-3.439656	0.39905795	0.015094615	0.0880088	20.0	1384.2491235733032
51	97.22593	3.1338167	100.0	88.0	177.66667	31.125914	14.440234	62.61254	-0.36871654	520000	6.953875e-08	26.684807	-0.008026602	-5.213734	0.41856158	0.01502291	0.074507445	13.0	1411.2413158416748
52	97.71786	2.752862	100.0	86.8	173.71428	31.708447	14.727777	61.652073	-0.21169513	530000	-2.6387474e-08	25.997492	-0.009455387	-5.116814	0.41934752	0.01510593	0.097809784	22.0	1438.853138923645
53	97.5	2.6812792	100.0	89.8	181.22223	31.164133	14.600424	61.907635	-7.094166	540000	-1.8626451e-09	24.178507	-0.010372384	-2.6729927	0.3982153	0.015146253	0.09960996	31.0	1466.7325963974
54	97.67777	2.6129072	100.0	88.6	178.51852	31.057747	14.453258	61.95003	-2.1130333	550000	-2.6387474e-08	28.077269	-0.007758308	-3.4283836	0.4045224	0.015678486	0.08510851	13.0	1492.071503162384
55	96.769806	5.955989	100.0	59.2	187.81133	30.043343	15.413752	62.081566	-28.298769	560000	1.2417634e-08	32.510433	-0.007943061	-8.153883	0.39562523	0.015183094	0.06780678	15.0	1519.2782094478607
56	97.67273	2.643514	100.0	90.4	177.3091	30.814676	14.818051	60.962837	-4.5967073	570000	-1.3038516e-08	26.990843	-0.007802471	-5.5040383	0.39377224	0.016546726	0.09350935	9.0	1545.1835272312164
57	97.8037	2.7236934	100.0	89.2	182.12962	30.87194	14.28357	62.242393	-1.7089486	580000	1.2417634e-08	29.65297	-0.006041998	-5.863491	0.3885919	0.0155373635	0.09230923	11.0	1572.836593389511
58	96.96727	3.8688996	100.0	81.4	177.01819	30.834099	15.141583	62.495644	-4.365129	590000	2.6542693e-08	27.827154	-0.005610241	-6.7126026	0.40208706	0.015310978	0.08090809	9.0	1600.5970005989075
59	97.35094	2.9295897	100.0	87.4	182.13208	30.945127	14.716875	61.5302	-5.0868797	600000	8.692344e-09	30.398071	-0.007395355	-4.3240466	0.4069357	0.015095918	0.09280928	13.0	1626.8088264465332
60	96.58546	3.9284244	100.0	85.0	177.21819	31.04963	14.579089	62.012806	-2.5737138	610000	6.829699e-09	24.639975	-0.00550038	-3.1140563	0.39926422	0.015516829	0.0740074	9.0	1652.9505858421326
61	95.86297	7.2345695	100.0	53.2	180.24074	30.300652	15.084738	62.30732	-15.119102	620000	-2.9802322e-08	34.68858	-0.008808191	-6.398206	0.41302022	0.015509389	0.08480849	12.0	1679.5316700935364
62	96.96	3.9670286	100.0	80.2	176.09091	30.881378	14.494602	61.86971	-2.1299968	630000	1.7695129e-08	26.25196	-0.0068653338	-3.90145	0.408704	0.015370715	0.09930993	10.0	1705.5140919685364
63	96.799995	3.528857	100.0	88.6	183.18867	30.49641	14.99165	62.11582	-12.180901	640000	6.829699e-09	30.432623	-0.009562902	-5.984819	0.4035224	0.015134111	0.094109416	21.0	1731.8184959888458
64	96.22143	5.090282	100.0	73.0	176.30357	30.845608	14.733824	61.81329	-5.1200724	650000	6.829699e-09	32.777428	-0.008419988	-5.5823903	0.4108626	0.015172525	0.08160817	10.0	1758.6470818519592
65	96.64815	4.5230174	100.0	73.6	182.31482	30.70529	14.150999	62.64662	-4.358046	660000	-2.483527e-09	31.45874	-0.014007557	-5.9139047	0.41442814	0.01501634	0.098809876	71.0	1788.8289697170258
66	97.15357	3.443833	100.0	86.8	174.66072	30.773623	14.654161	62.3202	-5.239201	670000	1.8626451e-08	26.620848	-0.0063966974	-5.646602	0.4094554	0.015954396	0.06990699	10.0	1815.5916059017181
67	96.57736	5.4191356	100.0	72.4	180.94339	30.867096	14.643734	62.351086	-15.691549	680000	2.561137e-08	28.595358	-0.009310751	-4.0824428	0.4139373	0.015179711	0.08270828	18.0	1844.7075045108795
68	96.66297	4.2152853	100.0	76.0	178.11111	30.85957	14.585251	62.456978	-2.2409506	690000	3.7252903e-08	31.470392	-0.011178136	-6.3299007	0.41610348	0.015188758	0.0820082	21.0	1872.4409489631653
69	97.022644	3.3391137	100.0	86.2	179.20755	30.531769	14.667655	61.690697	-2.9748611	700000	1.1175871e-08	24.299437	-0.011673428	-3.4847457	0.40260255	0.015198693	0.07890789	43.0	1901.6573703289032
70	97.00378	3.6203806	100.0	80.2	181.75471	30.532934	14.585683	63.932995	-6.6579695	710000	6.829699e-09	25.124937	-0.007153865	-2.9575393	0.40226343	0.015367408	0.06960696	12.0	1928.5561468601227
71	96.76297	3.7048666	100.0	85.0	179.53703	30.84351	14.654396	62.877293	-0.29919434	720000	4.2219956e-08	26.637918	-0.010728732	-4.7300186	0.4020525	0.015425981	0.090809084	28.0	1955.9336652755737
72	96.27924	5.3156004	100.0	72.4	182.71698	30.250412	14.856931	60.596146	-10.298379	730000	-2.8560558e-08	29.208464	-0.007479464	-4.886934	0.3902382	0.0155600635	0.0910091	10.0	1982.7724649906158
73	96.62963	3.4332592	100.0	87.4	181.18518	30.196602	14.543076	61.620453	-1.0406569	740000	1.6763806e-08	27.207724	-0.008108689	-4.010639	0.39615783	0.015956854	0.071507156	17.0	2009.4134364128113
74	96.95185	3.3934436	100.0	83.8	181.07408	30.445095	14.176938	62.825302	2.480083	750000	-1.2417635e-09	32.271263	-0.0081940135	-7.368997	0.41015944	0.015232538	0.08250824	13.0	2037.4583673477173
75	96.42264	4.080078	100.0	78.4	183.92453	30.240284	14.243154	62.392662	0.026575923	760000	-3.228585e-08	27.523764	-0.0078606745	-5.661443	0.3993106	0.015120827	0.08720872	12.0	2064.4013991355896
76	96.81922	3.3925848	100.0	85.0	186.38461	30.04956	14.150901	62.55648	-0.16669169	770000	0.0	29.543062	-0.007846394	-4.9973817	0.40164757	0.015370574	0.0830083	11.0	2089.61105966568
77	96.45385	4.462686	100.0	76.0	184.1923	30.336866	13.990411	61.447906	-0.7135781	780000	-2.7939677e-09	32.880207	-0.0063780327	-5.4453654	0.3901193	0.015039562	0.08520851	10.0	2116.923665523529
78	96.76226	3.9016316	100.0	82.6	183.18867	29.905197	14.430986	62.641117	-6.8007164	790000	-9.623666e-09	29.188873	-0.007068804	-4.0947022	0.39328918	0.01599119	0.08250826	11.0	2143.4750990867615
79	96.05097	4.6019335	100.0	76.0	191.0	30.021133	14.429103	61.885235	0.8776238	800000	-1.4901161e-08	36.35803	-0.0130729405	-5.9802284	0.39303294	0.015210223	0.08920892	28.0	2172.35986328125
80	96.49056	4.5487	100.0	79.0	182.16982	29.81529	13.997809	62.13141	-7.337837	810000	-6.208817e-09	27.402346	-0.009488874	-5.1531277	0.3945357	0.015241846	0.069206916	18.0	2200.3303022384644
81	96.618866	4.644212	100.0	75.4	186.16982	29.730892	14.650576	62.930283	-22.02555	820000	-1.2417635e-09	28.573332	-0.011499378	-4.8090816	0.40061402	0.015084152	0.0850085	18.0	2227.3747849464417
82	96.799995	4.6797843	100.0	70.0	184.73586	29.68428	14.79181	61.390644	-22.06539	830000	-2.142042e-08	28.048819	-0.013129027	-4.939303	0.40582633	0.015063922	0.095409535	58.0	2257.389161348343
83	97.070366	4.637074	100.0	72.0	183.59259	30.493185	14.367084	61.55788	-14.2999	840000	1.40474485e-08	30.943457	-0.007907036	-5.312948	0.41116083	0.015710404	0.07740774	13.0	2285.3441305160522
84	96.26153	8.467998	100.0	41.2	185.5577	29.712976	14.737442	62.707264	-13.54683	850000	-1.3659398e-08	32.226456	-0.0085105775	-6.2312775	0.41401544	0.015295316	0.07880788	16.0	2312.987117290497
85	97.36666	3.664393	100.0	81.4	179.2963	30.30883	14.29375	63.259888	-14.665943	860000	-2.8560558e-08	30.584143	-0.009253754	-4.863461	0.41056213	0.01504083	0.086608656	20.0	2341.2074480056763
86	97.37692	2.9834554	100.0	88.0	184.51923	30.458815	14.546875	61.45886	-0.8017589	870000	-1.1175871e-08	28.85324	-0.014172207	-5.2521534	0.4048989	0.015102424	0.09480947	70.0	2370.1686639785767
87	96.06038	5.713616	100.0	75.4	183.4151	30.219896	14.242402	63.27586	-4.352445	880000	-1.5522043e-09	32.970966	-0.012866199	-6.9201903	0.41230527	0.015161828	0.08790878	28.0	2397.050377845764
88	96.70769	5.178426	100.0	71.8	186.5577	29.631897	14.74224	62.409397	-37.599087	890000	8.692344e-09	38.4762	-0.008066568	-14.362218	0.4155644	0.015872618	0.07460746	9.0	2425.264442205429
89	97.841515	2.4338365	100.0	89.8	181.05661	30.626131	14.131583	61.32424	-7.983034	900000	1.7074248e-08	29.321863	-0.009094003	-3.771907	0.40505114	0.01504514	0.093209326	23.0	2452.838498353958
90	96.36981	4.8452888	100.0	76.0	184.18867	30.449394	14.670452	61.606556	-10.696006	910000	3.1975407e-08	29.935158	-0.011539467	-4.959021	0.40257084	0.015115899	0.086508654	29.0	2480.7657470703125
91	96.94118	3.1900077	100.0	86.0	187.0	29.742159	14.5838585	61.259117	-0.434319	920000	2.2351742e-08	31.591997	-0.008519124	-5.990437	0.4036357	0.015416986	0.074307434	13.0	2507.0081334114075
92	97.23397	3.05342	100.0	85.6	181.16982	30.513384	13.886156	62.681194	1.6401631	930000	6.9558155e-09	30.952871	-0.006359641	-5.764565	0.40841517	0.015415308	0.07550755	9.0	2534.0926423072815
93	96.73462	3.8402169	100.0	85.6	185.86539	30.320107	14.808501	61.67516	-0.67180794	940000	-2.8250119e-08	29.269316	-0.0075346553	-5.853621	0.3974278	0.015631005	0.08210821	14.0	2562.5802171230316
94	97.320755	2.8386385	100.0	86.0	183.56604	30.30562	14.323902	61.789253	-0.06881288	950000	1.2417635e-09	25.281626	-0.012213194	-4.013466	0.4170699	0.012919373	0.08970898	79.0	2593.5961425304413
95	96.143394	6.884643	100.0	54.0	181.37737	30.524506	14.57653	61.784878	-6.3281426	960000	9.934108e-09	39.366596	-0.0099739125	-7.893027	0.42600694	0.015034261	0.088108815	17.0	2618.604849100113
96	97.11698	3.7194915	100.0	76.0	185.67924	29.727827	14.667074	61.574203	-2.3669672	970000	-4.5013926e-09	27.123474	-0.011585295	-4.987488	0.42115727	0.015049367	0.080008	48.0	2649.3837490081787
97	97.09434	4.3575315	100.0	76.0	184.20755	30.137371	14.434514	62.37171	-1.9905351	980000	-4.780789e-08	27.31497	-0.006018851	-3.4353962	0.43375826	0.015944645	0.09990999	8.0	2675.929206132889
98	97.250984	2.5424526	100.0	90.0	186.62746	30.116312	14.54693	60.65294	-4.2191834	990000	-9.934108e-09	23.524366	-0.0123406835	-3.293433	0.43635735	0.0153350085	0.10611061	50.0	2704.6834058761597
99	96.873085	3.6323392	100.0	80.8	186.65384	29.918201	14.318771	61.505196	-0.005713016	1000000	6.208817e-09	25.49894	-0.0073692803	-3.1012337	0.4427296	0.015492621	0.09560957	9.0	2735.111178636551
100	97.41852	2.4986718	100.0	91.6	180.68518	30.915205	13.610681	61.679276	-0.06468308	1010000	7.761021e-09	28.945349	-0.0070352755	-4.279899	0.4367049	0.015563709	0.083808385	15.0	2763.0054070949554
101	96.915375	3.583154	100.0	80.8	186.03847	30.333405	14.580757	61.610863	-1.7546074	1020000	2.483527e-09	31.250063	-0.008029475	-4.8498077	0.42958644	0.015382399	0.08240824	16.0	2791.833604812622
102	95.45601	5.847672	100.0	76.0	188.06	29.064363	15.081074	61.895164	-15.042512	1030000	-2.514571e-08	37.681477	-0.009069572	-7.4625163	0.4332807	0.015136386	0.08880887	12.0	2819.114666700363
103	97.31481	3.593534	100.0	84.4	182.53703	30.149172	13.638136	59.27729	-2.635728	1040000	2.3283064e-08	33.315792	-0.0063701686	-5.977011	0.43038845	0.016566457	0.083208315	8.0	2846.4865646362305
104	97.85927	2.3909178	100.0	92.0	180.87038	30.855835	13.952609	60.02395	-1.3394452	1050000	2.9491882e-09	26.4064	-0.005905545	-4.375323	0.4231952	0.01637544	0.07220722	10.0	2873.945520877838
105	97.81481	2.4254365	100.0	92.0	179.09259	31.25366	14.262341	61.895737	3.905529	1060000	-1.7074248e-08	27.252401	-0.006931936	-3.2543595	0.42590332	0.0154509945	0.08720872	12.0	2902.048204421997
106	97.19999	3.0333986	100.0	88.6	183.15094	30.514067	14.695311	61.75456	-9.661983	1070000	-4.5945246e-08	26.193209	-0.010268245	-4.75094	0.43603984	0.015420687	0.09230923	23.0	2930.1703271865845
107	96.28077	4.946057	100.0	76.0	186.6923	29.995716	14.738909	60.58881	-9.350227	1080000	-1.8626451e-08	30.900106	-0.0071772416	-4.678688	0.43541643	0.015395259	0.07420742	14.0	2957.7062261104584
108	97.528305	2.1297865	100.0	94.0	181.1132	30.249794	14.465652	61.838623	-1.984901	1090000	4.2219956e-08	24.413012	-0.006618783	-4.147293	0.4424478	0.015030022	0.06220622	15.0	2985.1926622390747
109	93.474075	24.399069	100.0	-80.0	182.31482	30.374975	14.811508	62.89923	-14.143442	1100000	2.483527e-09	88.86798	-0.008076168	-23.408005	0.4435928	0.015173425	0.08070808	17.0	3013.4547204971313
110	97.01887	3.4361591	100.0	86.2	186.86792	29.641888	13.771297	57.912106	-8.25089	1110000	-1.5832484e-08	34.438004	-0.0065704	-8.432431	0.44235694	0.01573448	0.105710566	9.0	3041.8777441978455
111	97.128296	3.296446	100.0	85.0	182.62263	30.204008	14.215147	62.32484	0.018276215	1120000	-1.4280279e-08	27.341375	-0.007830538	-5.100178	0.43708146	0.01518751	0.09180918	12.0	3069.355846643448
112	97.82963	2.5384178	100.0	89.2	181.81482	30.98005	13.937155	66.3663	0.896938	1130000	-2.4214387e-08	26.420408	-0.008085673	-3.25836	0.42910233	0.0153415995	0.07890789	28.0	3098.5178792476654
113	97.15094	3.5645857	100.0	78.4	182.62263	30.649452	14.383624	61.99882	-1.3202758	1140000	-3.7252903e-09	25.91952	-0.009024278	-2.6888313	0.43792367	0.015088481	0.100410044	26.0	3127.789230823517
114	95.333336	15.019395	100.0	-10.0	177.07408	30.469627	14.718723	65.01939	-17.680443	1150000	7.450581e-09	83.52761	-0.009978175	-18.0244	0.4413036	0.015296641	0.09310931	17.0	3155.156436920166
115	96.89434	2.9980128	100.0	87.4	182.64151	29.95002	15.036805	60.390182	-10.533664	1160000	-2.1109978e-08	42.340313	-0.007389646	-14.919975	0.43667814	0.0156447	0.09680968	11.0	3184.5897595882416
116	97.35635	2.6783147	100.0	89.2	177.52727	30.908756	13.861944	66.795586	-1.9854715	1170000	5.2154064e-08	28.932535	-0.008033668	-6.0266786	0.43376872	0.01523371	0.10261027	12.0	3210.4811260700226
117	96.76297	4.3345423	100.0	72.4	180.07408	30.883905	14.572843	62.66366	-7.093544	1180000	3.3527613e-08	31.719086	-0.0090515865	-7.7021866	0.43229863	0.0150339035	0.094209425	16.0	3237.333114862442
118	96.74074	3.9793222	100.0	83.8	181.7963	30.59796	14.394182	63.836666	1.9956918	1190000	-1.2417634e-08	30.458298	-0.0076441555	-5.5298157	0.4342846	0.015171364	0.097809784	9.0	3264.5015075206757
119	97.35185	3.854182	100.0	76.6	181.53703	31.02077	13.959512	63.36468	-18.586838	1200000	-4.0978193e-08	30.580599	-0.012215101	-4.5175076	0.42842615	0.015115549	0.09340934	65.0	3293.8500401973724
120	96.886795	4.090764	100.0	76.0	182.4717	30.245325	14.402203	61.5897	-2.5676022	1210000	3.4148496e-08	31.466492	-0.007148891	-3.4890773	0.43604055	0.015613839	0.092609264	16.0	3321.0266325473785
121	96.64529	5.292165	100.0	64.6	185.15094	29.789806	14.969072	61.91289	-14.781755	1220000	-1.3659398e-08	33.829723	-0.008171204	-6.9326763	0.43551263	0.015189127	0.0940094	10.0	3347.5047981739044
122	97.07778	3.7938383	100.0	76.0	180.83333	30.020725	14.626379	59.883118	-9.906303	1230000	9.6430695e-09	31.811056	-0.008256641	-5.1056347	0.431878	0.015674086	0.09120912	16.0	3374.204792022705
123	96.63334	4.400631	100.0	76.0	184.42592	30.064308	14.404369	61.82415	-4.4106216	1240000	2.7318796e-08	34.254524	-0.013159583	-5.5762763	0.43431637	0.015012001	0.10101011	31.0	3404.2024538517
124	97.523636	3.0554845	100.0	84.0	177.89091	30.677565	14.184799	59.737362	-4.801054	1250000	-4.4703484e-08	28.181475	-0.00959138	-2.743	0.43281612	0.015093091	0.08350835	33.0	3431.407810688019
125	95.89812	8.49076	100.0	47.2	184.35849	30.587513	14.616759	61.456768	-21.168722	1260000	-1.5522042e-08	47.755833	-0.011776998	-13.1524725	0.43219972	0.0152694285	0.08150815	20.0	3460.03059053421
126	97.4	3.0213788	100.0	88.0	178.90909	30.55331	14.450279	61.46713	-5.7039185	1270000	-1.0128133e-08	27.489618	-0.008634559	-5.6246095	0.43559575	0.015596945	0.07990799	13.0	3486.089579105377
127	96.575005	5.886675	100.0	66.4	173.83928	31.55533	14.457505	59.567005	-3.586623	1280000	2.483527e-09	28.832611	-0.009913292	-4.8715234	0.4339378	0.015322499	0.09630963	15.0	3512.5227279663086
128	96.560715	5.3162045	100.0	64.0	175.64285	31.304598	14.855267	62.178776	-21.974653	1290000	-1.3659398e-08	28.025808	-0.008624312	-3.4592514	0.43841448	0.015325549	0.10081008	13.0	3539.4687151908875
129	97.46909	3.082907	100.0	81.4	176.74545	30.908722	14.79127	61.50188	-8.328813	1300000	0.0	29.460953	-0.006784667	-4.6976132	0.43694815	0.015137221	0.10751075	8.0	3567.8594691753387
130	97.25819	3.7923694	100.0	75.4	176.43637	31.362944	14.594493	61.900017	-5.309327	1310000	-2.0644316e-08	24.78499	-0.0056318366	-2.4059334	0.43174514	0.015260314	0.08720872	7.0	3593.7185101509094
131	97.3	3.5768285	100.0	79.0	177.22223	31.134588	14.717222	61.923885	-5.9290705	1320000	2.483527e-09	28.633902	-0.010699398	-4.4023623	0.4456888	0.015360576	0.08120812	22.0	3622.5588541030884
132	96.570915	7.2853937	100.0	50.8	178.14546	31.331358	14.369327	61.080494	-6.0832095	1330000	-2.483527e-09	37.90944	-0.006703109	-7.658943	0.43302608	0.017077513	0.097009696	7.0	3649.647221803665
133	96.846436	3.847075	100.0	82.0	176.46428	30.689548	14.868428	62.86624	-27.97781	1340000	4.0978193e-08	31.833818	-0.012552258	-7.0474396	0.43156734	0.015210812	0.10271027	39.0	3676.5191061496735
134	97.58909	2.6741643	100.0	88.0	177.63637	31.160896	14.152746	62.043804	-4.2280765	1350000	0.0	27.85044	-0.0071246554	-4.2781944	0.42589983	0.01545239	0.08060806	11.0	3705.4914083480835
135	97.39245	3.1784563	100.0	83.8	183.24529	30.719618	14.608955	61.0162	-5.0973287	1360000	2.483527e-09	28.484322	-0.008314132	-4.072599	0.41032434	0.015267382	0.08550855	18.0	3733.3250601291656
136	95.9434	6.3399754	100.0	72.0	184.30188	30.571047	14.212477	62.25441	-5.5411525	1370000	3.4769375e-08	40.20511	-0.006926035	-9.260404	0.41664636	0.015132018	0.07730773	12.0	3762.4013578891754
137	97.63636	3.0746095	100.0	82.6	176.41818	30.281694	14.367014	63.68923	-1.9550713	1380000	-1.2417634e-08	29.345533	-0.005823203	-6.282685	0.4184462	0.016190171	0.070707075	7.0	3789.3850157260895
138	97.07692	5.217744	100.0	70.0	181.71153	30.776228	14.9234495	61.26271	-11.347448	1390000	-2.483527e-09	35.08725	-0.0075341337	-8.1055565	0.4061017	0.015526789	0.07920792	10.0	3818.0499107837677
139	97.44528	3.8817697	100.0	74.8	182.5849	30.338835	14.560407	61.67977	-3.8461978	1400000	2.984113e-08	30.283388	-0.008204094	-5.3179517	0.3907853	0.015592515	0.08340833	14.0	3846.409844636917
140	97.89455	2.5055149	100.0	88.0	177.4	31.142427	14.188341	61.726086	-1.3702377	1410000	-8.692344e-09	24.408098	-0.0071040285	-3.6279068	0.38544795	0.015188043	0.070607066	14.0	3874.95490026474
141	96.694336	4.89229	100.0	76.6	181.43396	30.744143	15.029496	62.555763	-11.671841	1420000	-2.173086e-08	29.736954	-0.008123572	-4.9419475	0.39472234	0.015852569	0.09750975	12.0	3901.8079369068146
142	96.622215	4.607026	100.0	70.0	179.85185	30.730593	14.367331	62.393345	-1.8575594	1430000	8.071463e-09	29.8453	-0.009387795	-5.1696544	0.40559244	0.015495803	0.08150815	16.0	3929.7483339309692
143	96.96364	3.3646483	100.0	88.0	173.74545	31.038652	14.73844	62.36514	-2.2889605	1440000	-5.9604645e-08	23.923462	-0.007837176	-4.457649	0.3974261	0.0152266	0.073307335	13.0	3957.114088535309
144	96.714806	4.3855996	100.0	76.0	179.61111	30.806534	15.041248	63.362354	-2.137915	1450000	-4.346172e-08	29.83742	-0.010832083	-4.7218304	0.40725255	0.0150004625	0.09430943	22.0	3984.0634162425995
145	96.524536	5.169172	100.0	77.2	181.22641	30.58586	14.463433	60.598686	-8.457877	1460000	-8.692344e-09	35.360813	-0.009181645	-5.2179585	0.40509737	0.015940541	0.093509346	16.0	4010.280092716217
146	97.75088	3.1232646	100.0	80.2	172.36842	31.161165	14.658161	62.049374	0.36095992	1470000	1.4590721e-08	24.382553	-0.0056421426	-4.702532	0.3981222	0.01581383	0.07560756	9.0	4036.91402220726
147	97.88	2.754857	100.0	89.2	175.16364	31.707636	14.880962	62.47641	-0.83638066	1480000	3.7252903e-08	27.295698	-0.006562855	-4.3817964	0.3959346	0.015009701	0.08460846	11.0	4063.8373472690582
148	96.94182	4.175369	100.0	75.4	178.8	31.256283	14.724475	61.50974	-15.052608	1490000	-4.749745e-08	30.846281	-0.00581122	-5.7751803	0.38725305	0.016651297	0.080408044	7.0	4090.6271362304688
149	96.838455	3.9953895	100.0	83.2	182.42308	30.37185	14.6682415	62.28542	-0.85278076	1500000	1.6142925e-08	30.291391	-0.008505305	-4.6711564	0.39393893	0.015056662	0.096309625	14.0	4117.338409423828
150	96.57857	6.617366	100.0	59.2	177.17857	30.278814	14.874609	61.892044	0.8153515	1510000	-6.146729e-08	30.90181	-0.006500917	-6.338984	0.40417135	0.015179879	0.07380738	8.0	4144.36319065094
151	96.08519	4.5216517	100.0	80.0	181.64815	30.983637	14.350701	62.05333	-4.6582527	1520000	4.967054e-09	41.114155	-0.010956894	-10.571663	0.39610723	0.015324302	0.10861086	31.0	4172.674047231674
152	96.755554	5.143952	100.0	66.4	179.40741	30.951662	13.8474045	62.00732	-1.231688	1530000	-1.2417634e-08	38.947796	-0.0123991445	-9.460367	0.409551	0.015031089	0.10241025	45.0	4201.51735830307
153	97.33091	3.101722	100.0	87.4	178.38182	30.699505	14.586039	62.170193	-4.093586	1540000	-1.0244548e-08	26.575157	-0.006251423	-3.5627239	0.40849385	0.015258039	0.07130713	9.0	4229.689447641373
154	97.465454	3.121551	100.0	85.6	178.18182	31.113953	14.527189	62.424614	-10.17298	1550000	-2.4214387e-08	29.11756	-0.0075330357	-3.792796	0.41344008	0.015587847	0.08590859	11.0	4258.343613862991
155	97.20357	3.5027518	100.0	84.4	174.05357	31.653122	14.375813	62.72124	-1.9202286	1560000	2.1109978e-08	26.047022	-0.008644022	-4.7381387	0.40830806	0.015193478	0.080708064	12.0	4283.979033708572
156	96.803764	5.146238	100.0	66.0	180.67924	31.2813	14.551255	62.638626	-6.0402603	1570000	7.1401396e-09	33.995335	-0.011019428	-6.0399404	0.3983601	0.015392661	0.085408546	32.0	4312.126327991486
157	97.77037	2.447798	100.0	91.0	178.96297	30.395006	14.839119	61.863804	-9.469553	1580000	-1.0554989e-08	29.43876	-0.008500208	-4.9393163	0.40768218	0.015496691	0.079307936	15.0	4340.057448863983
158	96.24231	6.8166466	100.0	64.6	183.92308	30.37768	14.94615	61.200886	-15.432531	1590000	-7.450581e-09	37.603146	-0.008878435	-10.523554	0.41732132	0.015377206	0.09010901	9.0	4366.618990182877
159	97.37778	3.2738395	100.0	84.0	179.05556	30.38364	14.771547	60.863247	-2.7957659	1600000	-2.2351742e-08	33.762608	-0.0072506196	-6.5297036	0.40465686	0.015459881	0.07730773	12.0	4394.51211643219
160	97.53571	3.060837	100.0	87.4	176.08928	31.35759	14.567497	61.68309	-5.640547	1610000	2.0489097e-08	26.516054	-0.010381977	-3.9054813	0.39566123	0.015459157	0.07960796	30.0	4421.416504621506
161	95.11481	10.2973995	100.0	47.8	180.44444	30.706505	15.047858	61.98506	-22.58093	1620000	4.346172e-09	40.263866	-0.0067977295	-7.737742	0.40424538	0.015167963	0.0760076	8.0	4447.619364261627
162	97.32593	3.4094198	100.0	85.6	180.07408	30.105883	14.272509	61.2435	-2.1369164	1630000	-7.5281905e-09	31.369942	-0.007224331	-6.922577	0.40691864	0.015286458	0.0850085	9.0	4474.892208576202
163	97.6963	2.6638153	100.0	86.8	180.22223	31.240948	13.932868	61.114803	-2.8950522	1640000	2.6077032e-08	28.043938	-0.007458983	-4.268368	0.4086641	0.015491121	0.09350935	12.0	4502.407629489899
164	97.77778	3.1126187	100.0	82.6	178.53703	31.086065	14.100392	62.9478	-1.6411092	1650000	4.497512e-08	26.054949	-0.0073892735	-3.9996502	0.4088296	0.015179839	0.07770777	13.0	4528.873763799667
165	97.75272	3.1680136	100.0	82.0	177.36363	31.232145	14.572798	62.202175	-5.6616197	1660000	-3.8494665e-08	28.653162	-0.007902247	-3.4216774	0.40466902	0.01503978	0.08710871	21.0	4554.886110782623
166	96.97857	5.050555	100.0	68.8	176.85715	31.393892	14.546223	61.388397	-12.523422	1670000	4.346172e-09	31.084707	-0.006937914	-5.3677564	0.39329192	0.015471506	0.06270627	9.0	4581.607674360275
167	96.84286	5.8753376	100.0	64.0	175.41072	31.18838	14.918621	61.18017	-2.1642227	1680000	-9.934108e-09	34.39172	-0.009666782	-5.76549	0.38975665	0.015420262	0.0879088	26.0	4609.16021156311
168	96.71111	3.8750226	100.0	86.0	180.0	31.209713	14.688066	61.638203	-4.0454926	1690000	3.4769375e-08	33.098377	-0.007514535	-6.6465034	0.39440867	0.016494745	0.07130713	9.0	4635.318173408508
169	96.385185	4.1155267	100.0	80.0	179.44444	30.591385	14.389229	61.22052	-9.896584	1700000	-2.8560558e-08	31.481483	-0.0054046703	-4.629523	0.39506665	0.016003018	0.07460746	8.0	4661.563054561615
170	97.299995	2.9420595	100.0	88.0	175.0	31.06337	14.561393	61.54916	-4.5010905	1710000	6.2088173e-10	28.54934	-0.007210201	-6.077114	0.39204332	0.015029211	0.07880788	13.0	4687.857852220535
171	97.755554	2.824146	100.0	89.8	175.59259	31.283398	14.631734	61.939205	-6.8363047	1720000	2.7939677e-09	31.67214	-0.008030319	-4.41869	0.39319944	0.015120228	0.081408136	14.0	4714.009719371796
172	98.01454	2.3251526	100.0	89.2	177.78181	31.328714	14.340221	61.184605	-8.03199	1730000	-5.8983765e-09	30.250952	-0.0061993636	-4.209724	0.3872427	0.015060928	0.08620862	14.0	4741.7274758815765
173	97.52143	3.016544	100.0	88.6	176.33928	31.976435	14.19732	61.32176	-3.3809626	1740000	9.934108e-09	26.826406	-0.006799394	-3.8856213	0.38812062	0.015952937	0.08090809	13.0	4770.305223226547
174	97.75636	3.042413	100.0	85.6	177.21819	31.584494	14.282091	60.993523	2.0464156	1750000	-1.6142925e-08	27.161736	-0.007436402	-3.1123314	0.37342563	0.015265018	0.084808476	18.0	4797.289229393005
175	97.36786	3.4907584	100.0	87.4	173.85715	31.499949	14.936307	62.365444	-3.261217	1760000	7.450581e-09	27.20667	-0.006433422	-6.0905814	0.38420168	0.015738882	0.07060706	12.0	4823.554772853851
176	97.305664	3.2871625	100.0	86.8	180.75471	31.337027	14.263365	60.83262	-5.123412	1770000	-2.483527e-09	33.855923	-0.00508073	-5.545689	0.37850824	0.015096191	0.07990799	7.0	4850.6081802845
177	97.42909	3.6440573	100.0	80.0	175.85454	31.347654	14.064585	60.779728	-3.6005738	1780000	-1.1175871e-08	29.423864	-0.006278452	-5.5060887	0.3807752	0.015173408	0.07310731	11.0	4876.790065765381
178	96.6	4.6568146	100.0	80.0	180.48148	30.88291	14.535804	61.61599	-6.7813354	1790000	-3.4691766e-08	34.33478	-0.0092637045	-4.1242695	0.3872435	0.015346249	0.08950895	19.0	4905.699956178665
179	97.17818	3.1582897	100.0	88.0	175.12727	31.020706	14.424111	61.43018	0.14779663	1800000	2.2351742e-08	26.074236	-0.006337547	-3.7015972	0.39240694	0.016001955	0.07040704	12.0	4931.577113389969
180	97.64286	2.6540306	100.0	89.2	173.16072	31.706495	14.532069	62.01289	-4.3510575	1810000	2.8560558e-08	25.030382	-0.009811588	-3.7228177	0.4000152	0.015025494	0.07960796	30.0	4959.220130681992
181	96.47408	5.169755	100.0	77.8	181.03703	31.35244	14.427212	62.241867	-12.183762	1820000	1.3038516e-08	35.31937	-0.011193971	-7.3405247	0.40387467	0.015384263	0.08760876	18.0	4986.054715871811
182	97.02501	4.259789	100.0	75.4	175.89285	30.838482	14.548779	61.98717	-6.816481	1830000	2.7008355e-08	25.796265	-0.010694548	-4.6212215	0.40389132	0.015392535	0.08980898	29.0	5015.050944328308
183	96.98909	5.6847377	100.0	60.4	174.54546	31.70223	14.733107	62.013725	-0.9960828	1840000	4.967054e-09	28.021265	-0.009657863	-4.0126777	0.4132049	0.015034712	0.09210921	18.0	5041.136907577515
184	97.31636	3.0569599	100.0	87.4	177.85454	31.157053	14.743032	61.967266	-7.87929	1850000	2.4524828e-08	25.4195	-0.0071718334	-4.3448386	0.4033247	0.015001126	0.0860086	12.0	5068.662565469742
185	94.700005	16.712313	100.0	-20.0	173.96428	31.198183	15.103861	61.96235	-27.159975	1860000	-1.2417635e-09	61.07805	-0.008587559	-24.405493	0.4051272	0.015940377	0.08360837	9.0	5094.236623764038
186	97.33929	4.353967	100.0	75.4	172.53572	31.39735	14.568977	57.116608	-24.088455	1870000	1.5522042e-08	33.80356	-0.012675668	-9.001325	0.39756656	0.015026282	0.097809784	26.0	5119.744627714157
187	96.49259	6.2589445	100.0	64.0	178.2037	31.383549	14.374806	61.04825	-11.108524	1880000	-6.208817e-09	37.62587	-0.012702768	-8.453801	0.39871693	0.0150426915	0.084008396	22.0	5147.4207990169525
188	96.260376	11.706963	100.0	14.2	181.5283	30.49536	15.0234995	60.97935	-37.039814	1890000	1.9868216e-08	44.067413	-0.012419158	-12.209	0.39439213	0.015029342	0.10221022	16.0	5174.200949668884
189	96.329636	6.002982	100.0	63.4	180.24074	30.188454	15.543708	60.30578	-39.45831	1900000	-1.3659398e-08	38.09924	-0.007371248	-11.370895	0.39239207	0.015370987	0.08980898	9.0	5200.299783229828
190	97.29455	2.9573584	100.0	90.0	175.6909	31.13798	14.33712	59.748375	-11.668029	1910000	1.9868216e-08	27.248016	-0.012663859	-5.50697	0.38034964	0.015265099	0.09070907	30.0	5227.649043083191
191	96.63999	5.3940578	100.0	65.2	178.01819	30.948338	15.023254	61.285065	-34.65366	1920000	7.1401396e-09	32.240864	-0.008043696	-7.322252	0.3837886	0.015294175	0.08060806	11.0	5254.469050168991
192	94.244446	19.083078	100.0	-20.0	181.2963	29.875517	15.383122	60.88326	-22.377954	1930000	1.4901161e-08	93.97669	-0.006824368	-19.748566	0.38317287	0.016584285	0.08590859	9.0	5281.3422083854675
193	96.170906	8.974989	100.0	34.0	176.8	30.575851	14.459613	57.872364	-21.177427	1940000	7.605801e-09	51.27261	-0.00931894	-12.187745	0.37048337	0.015024382	0.08420843	18.0	5309.507516145706
194	97.13572	3.026102	100.0	88.0	175.53572	31.095282	14.392027	60.240414	-10.544158	1950000	-8.692344e-09	26.604082	-0.012183758	-4.651694	0.36980057	0.015157465	0.08680868	33.0	5338.012213468552
195	96.86667	5.741209	100.0	61.6	180.46297	30.8337	14.985548	61.62127	-22.883171	1960000	9.934108e-09	30.16192	-0.0091262115	-6.9218903	0.36530074	0.016124476	0.10361036	11.0	5364.084432125092
196	96.98928	3.7575486	100.0	83.2	175.53572	31.118652	14.631902	59.783165	-9.612231	1970000	-5.4637592e-08	28.240149	-0.006143447	-4.4265246	0.37149754	0.016120804	0.0650065	7.0	5390.3118019104
197	96.881485	4.1921473	100.0	83.8	179.46297	30.754496	15.24573	61.061157	-28.285275	1980000	6.2088173e-10	27.909594	-0.010379941	-5.541434	0.37902525	0.015116383	0.07330733	18.0	5416.352566480637
198	96.91698	4.0501447	100.0	83.8	182.79245	30.082706	15.332044	60.509724	-17.930378	1990000	-6.3640377e-09	33.482227	-0.009443882	-8.464695	0.38280693	0.015664086	0.09110912	11.0	5444.876719713211
199	95.78867	6.1297193	100.0	64.6	180.20755	30.401455	14.454206	61.11009	-19.116196	2000000	-1.1175871e-08	35.928772	-0.008208201	-8.580565	0.377082	0.016200574	0.079607956	10.0	5471.285058021545
200	92.841515	19.705812	100.0	-40.0	182.92453	30.22825	14.701737	60.933376	-15.506093	2010000	-2.483527e-09	100.20416	-0.010571849	-37.334183	0.38410154	0.015319369	0.09190919	12.0	5498.050916194916
201	97.81852	2.5849328	100.0	89.8	179.22223	29.477362	14.092761	60.03341	-12.20046	2020000	1.5366822e-08	30.267586	-0.009795915	-10.103267	0.38340092	0.015214794	0.084708475	24.0	5524.905375957489
202	94.935844	15.215027	100.0	-10.0	185.64151	30.52651	14.769411	63.852066	-23.415577	2030000	7.450581e-09	79.29117	-0.00933499	-42.760406	0.38834783	0.016049817	0.07020702	12.0	5551.288963317871
203	97.067856	3.2648075	100.0	85.0	174.28572	30.603376	15.118203	61.359962	-12.193818	2040000	-4.8428774e-08	31.161858	-0.007530073	-7.304727	0.38077286	0.015560656	0.074307434	10.0	5578.447484493256
204	95.84074	6.246466	100.0	68.8	181.62962	30.591541	14.816971	62.06774	-28.697523	2050000	-2.483527e-09	47.265076	-0.008792326	-10.478188	0.38911724	0.015598498	0.11521152	10.0	5605.4603617191315
205	97.117645	3.2049413	100.0	87.4	185.68628	29.68505	14.373318	61.64665	-11.484996	2060000	-6.829699e-09	32.813892	-0.008732659	-5.7653155	0.38910714	0.015400902	0.07960796	12.0	5631.265857696533
206	96.54444	3.6134353	100.0	84.4	182.33333	30.241693	14.457968	61.86997	-15.406466	2070000	4.346172e-09	34.73299	-0.007898572	-7.095322	0.39577743	0.015079821	0.08170817	8.0	5658.648160457611
207	96.89434	3.074571	100.0	88.0	184.13208	30.459623	14.103991	60.461346	-4.2451963	2080000	2.8793389e-08	29.50534	-0.006266086	-6.0455127	0.39350626	0.015749242	0.09280928	10.0	5684.785375356674
208	97.39616	2.7943597	100.0	88.0	182.1923	30.25623	14.460458	61.57392	-10.786678	2090000	2.7318796e-08	26.320396	-0.008165455	-3.912412	0.3943983	0.015455477	0.08170817	16.0	5711.3165781497955
209	96.203636	5.0184374	100.0	69.4	176.47273	31.000015	14.632653	61.154667	-10.137032	2100000	3.228585e-08	34.973743	-0.008864026	-5.4683948	0.39090276	0.01502335	0.08620862	17.0	5739.018096446991
210	96.796295	5.76779	100.0	62.8	182.55556	30.572933	14.721638	62.280514	-21.630814	2110000	4.967054e-09	36.11827	-0.009281726	-6.1228547	0.39417326	0.015361746	0.08990899	17.0	5764.7413539886475
211	96.68302	3.357545	100.0	86.8	179.90565	30.25557	14.544506	61.08248	-4.916961	2120000	-1.2572855e-08	30.106756	-0.0076934174	-4.971769	0.38507628	0.015269063	0.06720672	15.0	5790.374622821808
212	96.16227	5.5573926	100.0	67.6	180.66037	30.519651	14.414139	61.026672	-22.56225	2130000	1.4901161e-08	35.074604	-0.006871073	-6.51137	0.387206	0.015227837	0.103310324	8.0	5817.752771139145
213	96.52308	4.454583	100.0	78.4	180.32692	30.224802	14.633452	60.307358	-10.763193	2140000	2.1109978e-08	34.631767	-0.009171852	-5.8045197	0.39726913	0.015379205	0.08700871	17.0	5845.712542057037
214	94.72363	12.671944	100.0	12.0	180.23636	29.52388	15.403147	62.399345	-31.563967	2150000	-1.2417634e-08	66.10126	-0.010481306	-15.294108	0.40604058	0.015566963	0.08190819	13.0	5873.796171426773
215	96.56923	3.8527477	100.0	80.8	183.57692	29.860498	14.84883	61.79153	-12.336093	2160000	-1.6142925e-08	30.736189	-0.007078612	-6.4425616	0.39363667	0.015188337	0.09520952	11.0	5901.9394652843475
216	96.81923	3.6175344	100.0	85.6	187.48077	29.374409	15.064834	60.855198	-36.881893	2170000	-5.122274e-08	35.046932	-0.007792195	-8.243026	0.39750275	0.015414018	0.08710871	9.0	5928.817007303238
217	95.472725	14.696709	100.0	-10.0	179.43637	30.97784	14.0274	59.779182	-16.126709	2180000	1.4901161e-08	74.58453	-0.0146684395	-24.689669	0.39316818	0.013578015	0.090009004	79.0	5957.558230876923
218	94.844	6.9595737	100.0	65.2	194.04	28.818323	15.423952	58.730835	-40.1785	2190000	1.4901161e-08	48.866547	-0.010535973	-12.194325	0.3933992	0.015668979	0.08870888	12.0	5983.438949584961
219	98.01852	2.0764167	100.0	93.4	180.66667	29.900078	13.788405	58.740677	-10.191536	2200000	-3.663202e-08	29.912313	-0.008803324	-5.635492	0.3951582	0.0153859705	0.08950895	18.0	6010.52715921402
220	97.11785	3.413791	100.0	88.0	175.69643	31.137514	14.608532	61.45027	-10.15213	2210000	1.2417635e-09	26.251135	-0.008587414	-4.076935	0.39413965	0.015077882	0.080708064	14.0	6038.32909655571
221	96.60385	5.142656	100.0	73.6	183.46153	30.62557	14.800676	61.66061	-13.709888	2220000	-1.2417634e-08	38.379818	-0.0076021403	-5.5730762	0.38274682	0.015060616	0.07760776	14.0	6066.921508312225
222	97.36297	3.2180219	100.0	85.0	178.7963	30.220873	14.563387	61.51051	-9.524413	2230000	-2.1109978e-08	29.341307	-0.0072738845	-6.7360954	0.39105844	0.015591425	0.08060806	8.0	6092.730664253235
223	96.66545	4.712236	100.0	76.0	178.10909	30.819006	15.073337	61.333035	-8.629167	2240000	-8.692344e-09	33.88934	-0.0072304867	-5.073677	0.3943446	0.015426212	0.06360636	12.0	6119.7984800338745
224	97.818184	2.7229056	100.0	90.4	176.56363	30.956944	14.50176	61.28244	-3.3779929	2250000	1.6608587e-08	34.909077	-0.008419699	-6.5223575	0.39826596	0.01643202	0.09270927	14.0	6146.5728969573975
225	97.111115	2.6662962	100.0	89.2	181.77777	30.744919	14.656262	60.41931	-4.9549537	2260000	-9.623666e-09	29.345972	-0.012921189	-4.967109	0.38350868	0.015472874	0.091109104	79.0	6177.110911846161
226	94.81132	11.168582	100.0	36.4	186.35849	29.131107	15.628528	61.15367	-38.73411	2270000	-1.2417634e-08	50.468933	-0.012382847	-16.077185	0.39606032	0.015585545	0.082908295	14.0	6206.523537158966
227	97.49056	2.8307118	100.0	86.0	183.60378	30.352814	14.126438	60.500607	-0.8840059	2280000	4.967054e-09	29.04158	-0.008543568	-4.9916883	0.37558338	0.015189261	0.08460846	18.0	6236.5210382938385
228	96.56982	3.6504633	100.0	86.0	183.18867	30.163765	14.738616	61.885445	-10.693846	2290000	-3.0112762e-08	28.746546	-0.0063104904	-5.259144	0.39926627	0.015251023	0.07220722	9.0	6262.456604242325
229	97.02593	3.884451	100.0	80.2	178.62962	30.606476	14.308133	58.652023	-10.496168	2300000	-2.3593506e-08	31.3145	-0.0064385403	-3.9373538	0.40620515	0.016287513	0.08810881	7.0	6289.996504068375
230	97.83397	2.181132	100.0	92.0	185.84906	29.895851	14.354311	59.9578	-28.245426	2310000	-3.3527613e-08	29.61098	-0.00913331	-5.2186103	0.398321	0.01589991	0.080008	16.0	6317.596982717514
231	97.37455	4.0266485	100.0	74.0	176.18182	31.220465	14.217186	60.00431	-12.907688	2320000	1.3038516e-08	28.505625	-0.0074729384	-4.773241	0.39923844	0.0152369095	0.075207524	12.0	6343.384662389755
232	97.64529	2.5353777	100.0	89.2	182.01888	31.066278	14.572049	60.180283	-8.3514	2330000	1.5522042e-08	31.847254	-0.008578149	-4.8960857	0.38932493	0.015196799	0.09550955	13.0	6369.878888845444
233	96.92308	3.2168198	100.0	86.0	185.25	30.506727	14.33377	61.470436	-8.3896475	2340000	-1.1175871e-08	28.247976	-0.007365756	-4.9635377	0.38364336	0.01504416	0.07820783	15.0	6396.43613409996
234	96.44528	4.6890707	100.0	76.0	183.33963	30.188162	14.5188055	62.797092	-3.8723745	2350000	1.7384687e-08	31.232107	-0.008359903	-4.0416846	0.39588857	0.015296881	0.071607165	26.0	6424.904133081436
235	96.3423	4.9727464	100.0	76.0	183.90384	29.82769	14.834546	60.298946	-9.396538	2360000	-3.616636e-08	35.77615	-0.008428699	-5.4271045	0.39156184	0.016042534	0.07530753	14.0	6451.655081987381
236	97.37736	3.6791427	100.0	80.2	182.66037	29.956112	14.509381	60.933643	-12.2900505	2370000	-1.6142925e-08	33.238728	-0.0073683113	-7.284407	0.40468732	0.015343278	0.06920692	10.0	6479.636669158936
237	97.90566	2.417734	100.0	87.4	181.43396	30.56544	14.482812	60.038593	-19.77006	2380000	0.0	29.166529	-0.007815414	-4.3197594	0.40341488	0.015082192	0.07460746	14.0	6507.217955112457
238	97.32223	3.437789	100.0	80.0	180.92592	31.123945	14.378649	60.216835	2.853192	2390000	5.2154064e-08	30.96434	-0.0053493283	-4.455261	0.4056628	0.015203918	0.08350835	8.0	6534.000859975815
239	97.68928	2.9335296	100.0	84.4	175.44643	31.317719	14.363834	62.673016	-3.5513449	2400000	6.519258e-09	25.405981	-0.0066900947	-3.9827805	0.4014716	0.01510356	0.07640764	18.0	6561.674469470978
240	97.08302	3.4073033	100.0	86.2	183.26414	30.597057	14.999933	61.459003	-2.318267	2410000	4.967054e-09	31.549982	-0.006246585	-3.9104378	0.40193132	0.015929846	0.07090709	10.0	6589.223103284836
241	98.25926	1.8251857	100.0	94.0	181.48148	30.554722	14.807673	61.405636	-15.413048	2420000	3.4769375e-08	25.753714	-0.011663466	-5.0565434	0.396453	0.015067513	0.080208026	40.0	6618.232478618622
242	97.111115	4.6524653	100.0	74.0	181.55556	31.095966	14.513319	59.08431	-28.04497	2430000	1.7384687e-08	34.095276	-0.006129425	-5.2108884	0.4022365	0.016891047	0.08310831	10.0	6646.803833723068
243	97.46296	3.5332966	100.0	82.6	179.11111	30.609371	14.42725	59.84338	-17.01095	2440000	-2.2972623e-08	26.934868	-0.006453953	-4.546406	0.40580484	0.0152794905	0.0690069	13.0	6674.73283290863
244	95.833336	5.6651964	100.0	74.0	178.22223	30.709948	14.830564	61.4172	-10.734665	2450000	5.432715e-09	36.70251	-0.0075484677	-5.3764815	0.4036598	0.015742725	0.0830083	11.0	6701.28081536293
245	98.1037	2.019806	100.0	91.6	178.96297	30.519064	14.156775	61.262226	-3.3178017	2460000	1.1796753e-08	24.755013	-0.006201496	-4.3155684	0.39434484	0.015644513	0.06370637	12.0	6728.834383964539
246	97.50358	3.0750124	100.0	85.6	174.76785	31.58711	14.559828	60.634964	-5.0164723	2470000	-2.3283064e-08	28.144836	-0.008873832	-3.6316383	0.39739373	0.015226732	0.08070807	22.0	6757.206958293915
247	96.95637	6.0722547	100.0	56.8	175.09091	31.386936	14.819096	60.855274	-22.530655	2480000	3.0423205e-08	30.81692	-0.007504335	-4.6631985	0.41075134	0.01526915	0.07970797	12.0	6785.4424912929535
248	97.73818	2.5153697	100.0	87.4	179.2	31.170452	14.26301	59.234703	-8.591365	2490000	3.7252903e-09	29.218916	-0.009241578	-4.572006	0.39534578	0.015022765	0.08190819	28.0	6814.143172502518
249	97.62858	3.1691434	100.0	88.0	175.30357	31.662374	14.676687	62.033306	-4.1089926	2500000	-1.102065e-08	26.412163	-0.0099311955	-3.0419788	0.3908616	0.01569825	0.08580858	32.0	6842.526466846466
