Epoch	AverageEpRet	StdEpRet	MaxEpRet	MinEpRet	EpLen	AverageVVals	StdVVals	MaxVVals	MinVVals	TotalEnvInteracts	LossPi	LossV	DeltaLossPi	DeltaLossV	Entropy	KL	ClipFrac	StopIter	Time
0	99.64286	1.007624	100.0	96.0	170.39285	33.607224	14.518931	56.5525	4.010911	10000	-7.450581e-09	17.727867	0.0067267776	-1.5890344	0.44491658	0.02525424	0.085708566	1.0	19.355560541152954
1	99.29825	3.5042074	100.0	76.0	169.9649	34.04172	13.915163	56.21598	1.8872545	20000	-4.967054e-09	17.998293	-0.007290395	-2.236232	0.43329266	0.009292291	0.048904892	79.0	38.54489088058472
2	99.47369	3.1904747	100.0	76.0	171.33333	33.52805	14.84358	56.655155	4.538821	30000	1.0554989e-08	14.382415	-0.006893866	-0.24467754	0.42934147	0.007073956	0.052805286	79.0	58.30818223953247
3	99.82758	0.6730766	100.0	96.0	167.7069	34.14132	14.6683035	56.762737	3.4818616	40000	-1.07878195e-08	12.822258	-0.0072046705	-0.3396988	0.44455397	0.0062557235	0.05280528	79.0	78.17821407318115
4	99.06896	4.254256	100.0	70.0	166.13792	34.541447	14.573128	57.0585	2.8720877	50000	6.829699e-09	18.013472	-0.008332917	-2.268019	0.4493182	0.007988101	0.050305028	79.0	97.78707027435303
5	99.86441	0.72386974	100.0	96.0	166.67796	34.032505	14.880145	57.38412	-0.866504	60000	1.0554989e-08	12.378596	-0.008098009	-1.129249	0.4441054	0.00967914	0.060706068	79.0	117.09298968315125
6	99.53333	1.7269112	100.0	90.0	165.06667	34.62529	14.550918	57.180775	3.166424	70000	1.4901161e-08	10.326472	-0.0074436874	-0.3685576	0.4701388	0.015582013	0.06290629	58.0	136.90584135055542
7	99.42373	2.241393	100.0	88.0	165.0339	34.565918	14.788977	57.193268	4.8645587	80000	-1.14863115e-08	9.900176	-0.008780443	-0.7669495	0.4897242	0.0078797145	0.06610661	79.0	156.93551683425903
8	99.830505	0.9233789	100.0	94.0	165.55933	34.211094	15.02466	57.53041	3.497516	90000	-1.3348957e-08	9.851343	-0.0068987287	-0.43701363	0.4734865	0.006546695	0.060706068	79.0	176.55676436424255
9	99.666664	1.8678569	100.0	86.0	163.23334	34.804836	14.509843	57.37116	2.8108242	100000	7.450581e-09	8.710518	-0.006720075	-0.84618187	0.4832112	0.004613861	0.055705566	79.0	197.03716850280762
10	99.54386	1.4026313	100.0	94.0	167.29825	34.078766	15.536194	57.899258	3.5725276	110000	4.346172e-09	12.4007845	-0.008499425	-0.9609563	0.48109043	0.01026	0.07210721	79.0	216.77211618423462
11	98.91525	4.072596	100.0	72.0	167.47458	34.00825	14.695463	57.179005	3.5124745	120000	2.483527e-09	14.449502	-0.009829006	-1.1483083	0.48535645	0.015180354	0.0760076	73.0	237.20292258262634
12	99.55932	1.768569	100.0	88.0	165.49153	34.089554	15.010812	57.33698	0.517736	130000	-6.2088173e-10	9.659524	-0.007743662	-0.5176652	0.48220018	0.007227287	0.05310531	79.0	257.45540404319763
13	99.48276	2.5068278	100.0	82.0	166.25862	34.128815	15.163622	57.759346	-0.23609984	140000	-6.829699e-09	11.597302	-0.0086387405	-0.59211874	0.46765137	0.0069959494	0.071607165	79.0	277.12892603874207
14	99.05085	3.280263	100.0	76.0	165.55933	34.19432	15.11222	57.486103	-0.050827127	150000	1.6142925e-08	13.816358	-0.0070781014	-0.6157344	0.4634016	0.007863783	0.0610061	79.0	297.66761469841003
15	99.833336	0.6624869	100.0	96.0	164.98334	34.215916	15.18781	57.30516	-0.97787803	160000	-3.1044085e-09	9.606851	-0.0080264695	-0.4311234	0.46212205	0.01519901	0.075907595	76.0	318.1996784210205
16	99.53333	1.7269112	100.0	90.0	164.53334	34.597904	14.933454	57.54098	3.1664152	170000	3.7252903e-09	9.157046	-0.007775094	-0.28936958	0.4826455	0.007696461	0.06130613	79.0	338.9243712425232
17	99.62712	1.2473471	100.0	92.0	164.98305	34.50462	15.011069	57.62035	3.6674228	180000	1.3038516e-08	10.596943	-0.008464276	-0.53251535	0.47919533	0.013880585	0.06620663	79.0	359.8310880661011
18	99.42373	3.125637	100.0	76.0	164.8983	34.522045	14.834013	57.644035	5.4084187	190000	-1.7384687e-08	11.615024	-0.007939454	-0.6852086	0.50122005	0.007905261	0.051605165	79.0	379.93676590919495
19	99.22807	2.5888937	100.0	82.0	170.21053	33.543633	15.509957	57.69095	0.666924	200000	8.692344e-09	17.699318	-0.007898304	-1.8038915	0.51442885	0.0050270874	0.05440544	79.0	401.1278884410858
20	99.68421	0.8198822	100.0	96.0	169.6842	33.870102	14.568572	55.83715	3.6247346	210000	2.483527e-09	13.661248	-0.0064142602	-0.63534164	0.49917284	0.007549262	0.05040504	79.0	421.9164607524872
21	99.89831	0.57327235	100.0	96.0	165.18645	34.703766	14.135975	56.729347	3.9447248	220000	-9.934108e-09	10.2921095	-0.00842609	-0.8398407	0.50412494	0.008228037	0.06930693	79.0	441.90420722961426
22	99.72881	1.0055863	100.0	94.0	167.11864	34.332172	14.9134	57.41563	5.1116366	230000	7.450581e-09	10.63211	-0.008641839	-0.26547942	0.50953037	0.009348449	0.060006004	79.0	463.9158275127411
23	99.38983	1.9573151	100.0	90.0	166.91525	34.25123	14.850929	56.95158	3.1538963	240000	-4.967054e-09	10.485799	-0.007770172	-0.44585165	0.5135049	0.0054666945	0.06430643	79.0	484.48780965805054
24	99.54386	1.0607871	100.0	96.0	167.57895	33.92089	14.832392	57.776142	3.1264534	250000	-7.3729706e-10	11.233353	-0.008382698	-0.56705	0.5114192	0.008846097	0.067606755	79.0	504.938134431839
25	99.932205	0.36193487	100.0	98.0	165.18645	34.584015	14.338582	57.48093	6.9183245	260000	9.778887e-09	10.467698	-0.008315559	-0.38180003	0.50175047	0.0077176313	0.062806286	79.0	527.1493625640869
26	99.44827	2.567519	100.0	82.0	167.56897	34.39353	14.847014	57.742752	6.379954	270000	4.967054e-09	12.429399	-0.008459155	-0.8586669	0.49551705	0.010376984	0.078607865	79.0	547.1231288909912
27	99.49152	1.750282	100.0	88.0	166.67796	34.22474	14.705364	57.4542	-5.9610114	280000	6.829699e-09	13.621554	-0.009166958	-0.74261475	0.49029717	0.0064426158	0.07770777	79.0	568.6331298351288
28	99.694916	0.8078899	100.0	96.0	166.98305	34.346554	14.459118	57.171562	4.1725626	290000	1.2417635e-09	11.333744	-0.00874515	-0.38001156	0.4802988	0.007592255	0.07150715	79.0	589.7764067649841
29	99.51724	2.6342661	100.0	80.0	167.18965	34.27719	14.737927	57.53802	6.5505424	300000	7.450581e-09	13.197578	-0.008391727	-0.47740397	0.46336815	0.0059540365	0.06040604	79.0	611.0515611171722
30	99.8	1.0770329	100.0	92.0	164.88333	34.19129	14.694638	57.79184	3.3962777	310000	-1.5522043e-10	8.396487	-0.0078022573	-0.7266534	0.46629214	0.006729106	0.0690069	79.0	632.82932305336
31	99.79661	0.7078174	100.0	96.0	165.22034	34.550056	14.935991	57.62823	4.4844356	320000	1.2417634e-08	12.949616	-0.007129841	-0.5567929	0.44195136	0.0058677285	0.0580058	79.0	654.2861714363098
32	99.96667	0.2560382	100.0	98.0	164.13333	34.84856	14.413144	57.89299	7.3434763	330000	-3.1044085e-09	9.54391	-0.007152894	-0.58337194	0.4528842	0.0074422904	0.06440644	79.0	674.4284195899963
33	99.86441	0.6232128	100.0	96.0	167.0	34.34994	15.043788	58.22864	7.4450088	340000	-4.0745363e-10	11.0922575	-0.006720179	-0.39608702	0.44350514	0.0054185856	0.04490449	79.0	696.2447776794434
34	99.66102	1.2836674	100.0	92.0	165.71187	34.409122	14.721801	57.52422	3.4504805	350000	0.0	11.492101	-0.0069256574	-0.3278624	0.45709935	0.0054619904	0.05610561	79.0	717.8500790596008
35	99.830505	0.8467794	100.0	94.0	165.18645	34.466293	14.688996	57.33496	5.74584	360000	-1.0244548e-08	9.873757	-0.007888758	-0.3661995	0.45084283	0.0049134605	0.06120612	79.0	739.474071264267
36	99.254234	2.8018951	100.0	82.0	166.47458	34.3993	14.982415	58.11409	5.8687067	370000	-1.1175871e-08	11.954327	-0.008167393	-0.6723304	0.4546305	0.010935069	0.069806986	79.0	762.3140053749084
37	99.86667	0.49888766	100.0	98.0	164.83333	34.337437	14.911027	58.125637	3.4890943	380000	-5.432715e-09	9.7620125	-0.0069650635	-0.45105362	0.44936523	0.0069159395	0.057905793	79.0	784.0122110843658
38	99.566666	1.553133	100.0	92.0	165.03334	34.60464	14.899411	58.08538	5.388401	390000	-2.9491882e-09	10.541362	-0.007236373	-0.41319656	0.45386377	0.006818577	0.06710671	79.0	806.9427156448364
39	99.9	0.5686241	100.0	96.0	164.2	34.520504	14.894789	57.901035	4.621165	400000	9.313226e-09	9.670223	-0.0075631435	-0.3441682	0.44042003	0.0076450245	0.06050605	79.0	828.0700790882111
40	99.24138	3.7843158	100.0	72.0	167.2069	34.45296	14.993327	58.09281	-0.93802357	410000	6.4416477e-09	16.347641	-0.007451842	-0.9882302	0.43864346	0.006223123	0.05430543	79.0	849.0583646297455
41	99.2	4.150502	100.0	68.0	164.81667	34.550533	14.268478	57.206512	2.013927	420000	2.483527e-09	13.261622	-0.0070298854	-1.5457201	0.4419795	0.0052262084	0.05370537	79.0	871.2435383796692
42	99.7	1.0214368	100.0	94.0	163.43333	34.545483	14.8454	57.998875	-3.4998312	430000	1.2417634e-08	9.116542	-0.0075465534	-0.066335835	0.45044526	0.007546337	0.06260625	79.0	892.8478515148163
43	99.833336	0.7564537	100.0	96.0	162.46666	34.628994	14.933315	58.001602	3.8807049	440000	-8.537124e-09	7.4625793	-0.0041090627	-0.7134368	0.4437137	0.019222582	0.08890889	14.0	911.9216158390045
44	99.192986	3.9799433	100.0	72.0	170.63158	33.87833	15.678033	58.37947	-3.0649974	450000	7.450581e-09	19.526573	-0.008191835	-1.8303074	0.44484964	0.008464697	0.053905394	79.0	934.099818944931
45	99.45763	3.1425028	100.0	76.0	166.47458	34.39227	14.428615	56.80287	-0.13145156	460000	-1.2417634e-08	15.225871	-0.007767109	-1.2786413	0.44103417	0.0052624415	0.05290529	79.0	955.8099739551544
46	99.830505	1.0601014	100.0	92.0	165.0339	34.40733	14.895081	57.762318	3.1074982	470000	-1.1796753e-08	10.887325	-0.008378808	-0.4541602	0.45406303	0.008132817	0.07440744	79.0	977.5263364315033
47	99.59322	1.7184802	100.0	88.0	165.74576	34.521866	14.890215	58.066406	0.47399846	480000	3.1044085e-09	9.500378	-0.006745824	-0.32335043	0.42766622	0.0046398086	0.05290529	79.0	998.4172222614288
48	99.66102	1.114012	100.0	94.0	164.38983	34.642643	14.762978	57.91297	3.9156592	490000	8.071463e-09	9.251746	-0.0068978462	-0.3665363	0.4335587	0.010309958	0.05630563	79.0	1019.9814450740814
49	99.76271	0.8303355	100.0	96.0	164.9661	34.625336	14.737007	58.306458	0.052974947	500000	1.3659398e-08	8.428836	-0.0067212465	-0.1672163	0.44125912	0.0079267165	0.05850585	79.0	1040.5957090854645
50	99.86667	0.8055363	100.0	94.0	164.18333	34.394672	15.072534	58.242516	5.0971117	510000	-5.5879354e-09	10.02521	-0.005489409	-0.76510143	0.437198	0.004766889	0.044704467	79.0	1062.8035407066345
51	99.89831	0.43937224	100.0	98.0	166.86441	34.40883	14.858078	58.028374	7.610829	520000	1.1641532e-09	11.335446	-0.006796222	-0.8559573	0.43701836	0.01375834	0.05070507	79.0	1084.2336592674255
52	99.42373	2.416072	100.0	82.0	166.22034	34.591537	14.338629	57.39532	5.8365526	530000	-1.2417635e-09	13.03984	-0.007784736	-0.91459686	0.43424535	0.007550981	0.06260627	79.0	1107.5720963478088
53	99.76271	1.3319919	100.0	90.0	164.47458	34.568	14.637722	57.617367	-0.37690228	540000	-1.5522043e-09	9.535249	-0.007066553	-0.6806819	0.43491927	0.004478155	0.050005004	79.0	1128.318615436554
54	99.5	2.1794496	100.0	84.0	163.15	34.885506	14.82765	57.80737	-1.2635971	550000	-3.1044085e-09	8.860969	-0.0066857766	-0.26519743	0.4399024	0.0062397965	0.059305932	79.0	1151.4577586650848
55	99.6	1.704895	100.0	90.0	163.26666	34.81217	14.959376	58.329853	1.6994648	560000	5.5879354e-09	9.799728	-0.00555522	-0.36002985	0.4399118	0.0067103356	0.04920492	79.0	1171.9715242385864
56	99.72881	0.93574065	100.0	94.0	167.9661	34.054478	15.251718	57.81052	3.4458246	570000	6.208817e-09	14.9571905	-0.006630564	-1.1995598	0.43780747	0.0071780887	0.064006396	79.0	1195.2636823654175
57	99.86441	0.8121456	100.0	94.0	165.15254	34.64429	14.2957945	57.046635	3.3555279	580000	1.1796753e-08	9.829877	-0.00706359	-0.8070534	0.45136747	0.011042413	0.06930693	79.0	1216.0034039020538
58	99.79661	0.6044934	100.0	98.0	166.40678	34.34446	14.998652	57.933567	5.8230567	590000	1.8626451e-09	11.580396	-0.0067672045	-0.5016508	0.4564959	0.0058191917	0.05080508	79.0	1240.104242324829
59	99.586205	1.2181739	100.0	94.0	167.72414	34.25874	14.754611	57.31927	3.8845637	600000	-1.9868216e-08	11.740566	-0.008437958	-0.6023588	0.46080193	0.0063682343	0.06450645	79.0	1261.0220165252686
60	99.79661	0.7078174	100.0	96.0	164.59322	34.61552	14.435891	57.309193	6.6476536	610000	-1.7229468e-08	9.550956	-0.0066443156	-0.47303486	0.44442987	0.004933475	0.056305632	79.0	1282.576342344284
61	99.48276	3.1417177	100.0	76.0	165.58621	34.61464	14.781965	57.987694	5.7087355	620000	-3.7252903e-09	15.438474	-0.007296277	-0.5838051	0.439376	0.011615049	0.05830583	79.0	1303.2089562416077
62	99.355934	3.9046373	100.0	70.0	165.01695	34.528996	14.851307	57.890335	2.4544206	630000	-1.7384687e-08	10.159314	-0.006926358	-0.8969757	0.4480909	0.009121228	0.056605656	79.0	1325.6288511753082
63	99.28814	4.194633	100.0	68.0	163.77966	34.477493	15.282963	58.254173	-1.5389931	640000	-1.2417634e-08	9.989677	-0.007083138	-0.5502045	0.47799388	0.0072135404	0.05990599	79.0	1346.4829454421997
64	99.18644	3.9336643	100.0	70.0	166.50847	33.90997	15.833538	58.21418	-14.836412	650000	7.450581e-09	15.0164175	-0.008818098	-2.262193	0.48734546	0.008491937	0.0750075	79.0	1369.6969802379608
65	99.118645	3.2785115	100.0	76.0	166.62712	33.75106	15.264767	57.89278	-0.7429055	660000	1.0244548e-08	12.376278	-0.0075129606	-0.9570139	0.48713145	0.005623342	0.06080608	79.0	1391.7222154140472
66	99.51724	2.6603177	100.0	80.0	166.96552	34.07997	14.869408	57.569946	-1.3951437	670000	-1.9712994e-08	13.789536	-0.008118734	-0.69521743	0.47778082	0.0049571632	0.052305233	79.0	1414.131673336029
67	99.566666	2.283029	100.0	84.0	164.71666	34.484615	14.677058	57.84309	0.18698534	680000	-4.9282485e-09	9.566785	-0.0077450187	-0.5840638	0.46271706	0.008024939	0.071607165	79.0	1435.416662454605
68	99.73333	0.6798693	100.0	98.0	161.95	34.92835	14.769696	57.86576	5.661061	690000	7.450581e-09	6.399906	-0.005355239	-0.31168827	0.47005346	0.006756352	0.04030403	79.0	1458.3557345867157
69	99.344826	3.6838498	100.0	72.0	167.39655	34.00949	15.5887575	58.494095	1.5726087	700000	2.173086e-09	15.288922	-0.009431819	-0.99062985	0.47233108	0.010604207	0.06880688	79.0	1480.2315044403076
70	99.9661	0.25816178	100.0	98.0	165.52542	34.31648	15.180233	58.065113	0.9690548	710000	8.692344e-09	8.546497	-0.008021328	-0.6043183	0.4684615	0.0069557657	0.0590059	79.0	1503.213439464569
71	99.32204	2.9826658	100.0	84.0	163.1017	34.29116	15.036703	58.39918	-4.921905	720000	1.2417635e-09	10.26343	-0.008122773	-0.5970929	0.46963966	0.010183617	0.06790679	79.0	1525.1655929088593
72	99.86667	0.71802205	100.0	96.0	165.13333	34.19622	15.192526	58.156227	0.8579304	730000	-1.27280755e-08	8.749324	-0.00785105	-0.56339806	0.48061	0.007395897	0.06510651	79.0	1547.2611544132233
73	99.85965	0.5108849	100.0	98.0	167.7193	34.18336	15.14673	58.026516	0.6438053	740000	3.1044085e-09	13.323242	-0.008569805	-0.7748	0.47306088	0.0059302635	0.06590659	79.0	1569.347021818161
74	99.73333	1.1234866	100.0	94.0	164.16667	34.628998	14.216014	57.777687	2.1746316	750000	1.4280279e-08	10.016166	-0.0074947015	-0.27741447	0.47124207	0.0078104846	0.05610561	79.0	1591.0956122875214
75	98.44827	5.8491745	100.0	62.0	169.08621	33.997078	15.162572	58.18522	-1.8274628	760000	3.7252903e-09	23.005173	-0.009984146	-2.0082932	0.4714254	0.0083341785	0.057205718	79.0	1613.7628481388092
76	99.8	0.87177974	100.0	94.0	164.11667	34.164955	14.561592	57.39967	3.4943447	770000	-4.035731e-08	9.902646	-0.0072712186	-1.170482	0.4680179	0.007293031	0.061606158	79.0	1635.957437992096
77	99.66102	0.91336906	100.0	96.0	165.9322	34.48663	15.049718	57.615894	2.0587935	780000	-3.4148495e-09	8.781203	-0.0076406715	-0.2673645	0.46207556	0.0074454024	0.06280628	79.0	1657.9490985870361
78	99.62712	1.0067283	100.0	94.0	165.72882	34.45432	14.948991	57.877064	7.3117466	790000	1.0186341e-08	11.858844	-0.006641222	-0.6174944	0.471578	0.008826498	0.04860486	79.0	1679.8415575027466
79	99.9	0.4358899	100.0	98.0	162.86667	35.013077	14.271174	57.74392	7.1984954	800000	-2.0178655e-08	7.952469	-0.00798302	-0.78095025	0.4498147	0.01310173	0.0690069	79.0	1702.7269265651703
80	99.932205	0.36193487	100.0	98.0	166.28813	34.451622	15.221021	58.912453	-2.5568929	810000	1.1175871e-08	10.814498	-0.00678538	-0.51512975	0.45982894	0.0065971655	0.064006396	79.0	1724.8538973331451
81	99.45763	2.173196	100.0	84.0	165.9322	34.631504	14.817914	58.377007	2.573202	820000	-6.829699e-09	12.16084	-0.0072288658	-0.3558394	0.4750481	0.006551947	0.05650565	79.0	1747.9308195114136
82	99.89655	0.44293904	100.0	98.0	166.68965	34.281612	14.902678	57.99038	6.4475574	830000	-1.21071935e-08	12.404914	-0.0070764353	-0.9709072	0.45092058	0.0075270967	0.06370637	79.0	1771.6916809082031
83	99.79661	0.8787444	100.0	94.0	165.35593	34.763435	14.357846	58.116722	4.473631	840000	-4.0357313e-09	9.339667	-0.008039859	-1.1234345	0.44196367	0.010741588	0.061106104	79.0	1793.8565056324005
84	99.7	1.5842978	100.0	88.0	163.08333	34.8586	14.897296	58.341824	1.879415	850000	4.967054e-09	6.8594193	-0.006857157	-0.3848063	0.44518903	0.011209704	0.053005304	79.0	1816.6799881458282
85	99.86667	0.49888766	100.0	98.0	163.88333	34.626175	15.355187	58.974888	4.0586033	860000	4.656613e-10	7.907904	-0.0076034577	-0.3485931	0.44610336	0.006931705	0.061806183	79.0	1838.7160255908966
86	99.45763	3.1425028	100.0	76.0	165.76271	34.445087	15.159965	58.88073	5.524611	870000	-7.450581e-09	12.483441	-0.008011381	-0.71117973	0.4555206	0.010669381	0.060206022	79.0	1862.5628745555878
87	99.73333	0.92855924	100.0	94.0	164.2	34.650276	14.772327	57.743538	0.1889827	880000	8.692344e-09	8.511182	-0.0072729476	-0.89633733	0.45630166	0.0037926824	0.05510551	79.0	1885.7686293125153
88	99.46667	3.1169784	100.0	76.0	165.03334	34.482143	15.148664	58.623062	6.7729187	890000	-4.967054e-09	10.543916	-0.008249414	-0.72828513	0.45180774	0.0072453446	0.06530654	79.0	1906.8388240337372
89	99.42373	2.7813141	100.0	80.0	166.9661	34.104336	15.38467	58.466553	1.3621837	900000	4.967054e-09	12.793762	-0.0075612185	-1.0038162	0.4402283	0.0072874115	0.07010701	79.0	1929.8461496829987
90	99.8	1.536229	100.0	88.0	164.43333	34.425682	14.784851	58.020924	4.2894483	910000	-1.6453365e-08	9.924317	-0.007100854	-0.37998328	0.43695173	0.0072264685	0.060606062	79.0	1951.486988544464
91	99.68965	0.9685913	100.0	94.0	167.5	34.210358	15.137284	58.623627	-11.709719	920000	-1.6142925e-08	12.120055	-0.007707302	-0.81072617	0.42875063	0.009089303	0.06630663	79.0	1974.6776230335236
92	99.666664	1.6397833	100.0	88.0	165.08333	34.669468	14.581867	57.945854	2.7531335	930000	-1.2999711e-09	8.845272	-0.009243999	-1.2554555	0.44164667	0.008369858	0.05430543	79.0	1998.4122104644775
93	99.833336	1.0514541	100.0	92.0	163.81667	34.56005	15.069116	58.918346	1.2294637	940000	-1.4280279e-08	9.235961	-0.0062556565	-0.34818205	0.43791446	0.0060089095	0.06130613	79.0	2019.9644556045532
94	99.75862	0.98803777	100.0	94.0	167.18965	34.330948	15.216592	59.082066	1.8726547	950000	3.1044087e-10	14.222857	-0.008329715	-0.9696376	0.4382116	0.0074069663	0.061506152	79.0	2042.2972135543823
95	99.8	0.87177974	100.0	94.0	164.55	34.747456	14.384868	58.073456	2.7521312	960000	-1.5522042e-08	9.731854	-0.007427337	-0.8313489	0.4511137	0.009726632	0.059305932	79.0	2066.2409839630127
96	99.96667	0.2560382	100.0	98.0	164.08333	34.779297	14.804675	58.18937	6.836144	970000	-3.1044085e-09	10.396314	-0.0063416236	-0.3569517	0.44965884	0.008867029	0.06700671	79.0	2087.770693540573
97	99.55173	1.7036716	100.0	92.0	165.58621	34.413097	15.093516	58.846806	-1.9041202	980000	-8.692344e-09	13.102378	-0.0071322615	-0.66495353	0.4534069	0.003574581	0.050505053	79.0	2109.5901913642883
98	99.13793	4.1872067	100.0	70.0	167.34483	34.269817	14.776025	57.85045	3.857799	990000	-1.7384687e-08	14.644447	-0.009616697	-1.5083655	0.45139727	0.011944532	0.05760576	79.0	2132.7457840442657
99	100.0	0.0	100.0	100.0	164.86441	34.21885	15.190179	58.48137	2.799294	1000000	-1.451311e-08	12.548253	-0.008121108	-1.2965263	0.45725837	0.0076456363	0.06450645	79.0	2153.381301879883
100	99.86667	0.49888766	100.0	98.0	163.45	35.029057	14.550942	58.04362	7.3816867	1010000	-1.0244548e-08	7.8155975	-0.008087561	-0.94222814	0.4512384	0.010818981	0.08240824	79.0	2176.238409280777
101	99.694916	0.8878509	100.0	96.0	165.57628	34.461105	15.288678	59.314236	6.1875343	1020000	-6.6744783e-09	9.8276825	-0.0071499273	-0.38058853	0.451131	0.005178835	0.059105914	79.0	2199.4597704410553
102	99.6	1.0832051	100.0	94.0	161.6	34.918148	14.653751	58.72803	7.217482	1030000	9.313226e-10	7.5836105	-0.008257527	-0.8829293	0.45466402	0.010624711	0.07580758	79.0	2219.8045856952667
103	99.694916	1.8708671	100.0	86.0	165.52542	34.464245	15.293161	59.12029	1.6428826	1040000	2.173086e-09	10.2495165	-0.008549832	-0.5186594	0.44736138	0.009861666	0.08490849	79.0	2244.0519738197327
104	99.694916	1.3685851	100.0	90.0	165.67796	34.335274	14.891949	58.67277	5.108903	1050000	1.2262414e-08	11.865792	-0.0073084454	-0.7114024	0.4487348	0.007248434	0.05920592	79.0	2267.390686273575
105	99.9	0.568624	100.0	96.0	162.65	35.0715	14.482985	58.398323	3.9528797	1060000	-1.5522043e-09	6.833034	-0.0073109777	-0.722987	0.471424	0.011120688	0.06660666	79.0	2288.9242656230927
106	99.79661	0.9527775	100.0	94.0	164.47458	34.61374	15.356596	59.109547	6.09229	1070000	-5.5879354e-09	9.795327	-0.007534662	-0.5279584	0.464251	0.008312858	0.07650765	79.0	2311.363400697708
107	99.79661	0.7078174	100.0	96.0	164.67796	34.73869	14.867603	58.820065	6.7119045	1080000	-5.432715e-09	7.1757565	-0.0070553184	-0.4739391	0.47165647	0.0077414275	0.06870687	79.0	2334.9946024417877
108	99.933334	0.35901102	100.0	98.0	164.55	34.633068	15.245319	58.99638	4.859391	1090000	2.9491882e-09	9.03011	-0.006619482	-0.708608	0.4751844	0.010425225	0.065606564	79.0	2359.018285512924
109	99.666664	1.4220486	100.0	90.0	162.26666	35.023685	14.881937	59.109394	5.654026	1100000	-2.7939677e-09	9.461701	-0.0071857437	-0.2179691	0.48470262	0.007918482	0.06620663	79.0	2379.6095974445343
110	99.9	0.4358899	100.0	98.0	162.28334	35.090042	14.889265	59.042763	7.1451683	1110000	-6.208817e-09	7.561794	-0.007833745	-0.7279876	0.50257456	0.010078126	0.06420642	79.0	2402.636953353882
111	99.37931	3.2421129	100.0	76.0	168.6207	33.895138	15.675378	59.251453	3.8521824	1120000	3.7252903e-09	15.052749	-0.007932722	-1.486158	0.49588338	0.010461055	0.07130713	79.0	2426.613808631897
112	99.034485	4.39814	100.0	76.0	168.8793	34.0473	14.815654	58.17219	2.330524	1130000	-4.967054e-09	14.805285	-0.008689603	-1.0781436	0.5028002	0.010736998	0.07300731	79.0	2448.34286570549
113	99.89655	0.44293904	100.0	98.0	168.24138	33.738155	15.254832	58.231987	0.8294865	1140000	6.519258e-09	16.298033	-0.008878387	-1.7144057	0.5014992	0.0061379652	0.06080608	79.0	2472.834465742111
114	99.86667	0.6182412	100.0	96.0	163.18333	34.727962	14.305983	58.273884	-8.457565	1150000	-9.934108e-09	8.540985	-0.008807044	-1.2058392	0.4940555	0.014525302	0.07290729	79.0	2496.532864332199
115	99.655174	1.62472	100.0	88.0	167.53448	34.250576	15.317074	59.22764	3.9627392	1160000	6.829699e-09	10.750084	-0.007988541	-0.42438698	0.49402985	0.011676612	0.07280728	79.0	2517.681589603424
116	99.76667	0.82394713	100.0	96.0	164.26666	34.672523	14.783536	58.249443	5.593124	1170000	1.3038516e-08	8.964221	-0.0071063633	-0.4827908	0.5049171	0.0050759846	0.06120612	79.0	2540.6748356819153
117	99.51724	3.3898494	100.0	74.0	168.96552	33.927185	15.470835	59.04345	-7.738722	1180000	-1.2417635e-09	16.059795	-0.008989719	-1.2935642	0.4859246	0.009393713	0.08680868	79.0	2563.2518112659454
118	99.333336	3.2081769	100.0	76.0	167.47368	33.828564	15.1414795	58.57161	-1.3373121	1190000	-9.313226e-09	15.097378	-0.009005682	-1.3726171	0.4844208	0.007691728	0.06930693	79.0	2584.7325253486633
119	99.59322	1.757489	100.0	88.0	167.54237	33.846466	15.228107	58.955532	2.0440366	1200000	0.0	13.099541	-0.009524883	-1.3780975	0.4777399	0.008812928	0.05350535	79.0	2608.5892431735992
120	99.8	0.9451631	100.0	94.0	164.5	34.548935	14.715312	58.648235	4.162312	1210000	-9.002785e-09	9.230336	-0.0069729653	-0.33212566	0.47191048	0.0058000893	0.05490549	79.0	2632.0281312465668
121	99.72881	1.5820017	100.0	88.0	167.30508	33.98517	15.347745	59.431763	-2.4541361	1220000	-6.2088173e-10	10.376179	-0.008083723	-0.4284196	0.4667093	0.0085877525	0.07080708	79.0	2656.5036816596985
122	99.2	3.6914318	100.0	72.0	164.9	34.51247	14.789875	58.764416	5.584077	1230000	-6.208817e-09	11.579303	-0.007796681	-1.170302	0.46185613	0.014202349	0.070007004	79.0	2677.907857656479
123	98.38596	5.8930655	100.0	70.0	170.57895	33.31677	15.7591505	58.80831	-1.4854164	1240000	2.3593506e-08	20.380623	-0.008883122	-1.5759538	0.46554148	0.015288149	0.100410044	61.0	2701.5985531806946
124	99.8	0.87177974	100.0	94.0	164.76666	33.789764	15.079446	58.083767	-1.9317503	1250000	2.2662183e-08	11.725223	-0.0083981715	-1.792277	0.44886717	0.007434647	0.0740074	79.0	2723.264898300171
125	99.6	1.3564659	100.0	94.0	164.45	34.694576	15.001355	59.03709	3.2358022	1260000	-7.2953603e-09	10.559575	-0.008192745	-0.4362383	0.46146166	0.008842167	0.090609066	79.0	2746.5749101638794
126	99.76667	0.97239685	100.0	94.0	162.91667	34.99082	14.631975	59.1327	6.9914913	1270000	-4.346172e-09	7.5544724	-0.0071816607	-0.4931763	0.4585507	0.01027565	0.082808286	79.0	2768.9240140914917
127	99.413795	3.1950095	100.0	76.0	168.10345	33.83623	15.65128	59.64977	5.736136	1280000	-6.4416477e-09	17.728947	-0.008017496	-1.2895985	0.43756524	0.009714784	0.076107614	79.0	2791.4768991470337
128	99.86667	0.61824125	100.0	96.0	161.36667	34.979713	14.396103	58.611355	5.0606327	1290000	1.2262414e-08	7.522535	-0.0075018494	-0.8908911	0.44385275	0.008134966	0.063906394	79.0	2814.4373836517334
129	99.9	0.568624	100.0	96.0	162.68333	34.93759	15.168114	59.71636	4.893722	1300000	-3.4148495e-09	6.0143547	-0.0053325593	-0.21284294	0.44511452	0.0038091708	0.04750475	79.0	2838.201117992401
130	99.833336	0.8399736	100.0	94.0	162.43333	34.925068	15.22149	59.77176	6.235871	1310000	-2.3283064e-08	8.187307	-0.0064856983	-0.3486959	0.4335002	0.005770491	0.063106306	79.0	2861.50185918808
131	99.8	0.9451631	100.0	94.0	162.63333	34.929615	15.003036	59.810493	6.162844	1320000	1.8626451e-08	6.996877	-0.006957721	-0.3603816	0.43588603	0.008876669	0.06120612	79.0	2884.1443948745728
132	99.79661	0.8787444	100.0	94.0	164.13559	34.63902	15.378544	60.178555	6.222808	1330000	7.450581e-09	9.139764	-0.0068201665	-0.6250553	0.4222071	0.008093984	0.06570657	79.0	2905.3841955661774
133	99.8	0.87177974	100.0	94.0	161.85	35.130524	14.72406	59.31208	1.7084969	1340000	-1.1175871e-08	6.680365	-0.0061762356	-0.5363901	0.42514327	0.009178723	0.049604964	79.0	2928.542800426483
134	99.86667	0.8055363	100.0	94.0	163.96666	34.657574	15.392611	59.845562	6.290699	1350000	-7.916242e-09	9.537005	-0.006770372	-0.6284682	0.41888857	0.005246786	0.060906094	79.0	2952.6515378952026
135	99.96667	0.2560382	100.0	98.0	161.85	35.08213	14.713413	59.4761	7.41647	1360000	9.778887e-09	6.645004	-0.0058983564	-0.5385297	0.4224111	0.007043878	0.06480648	79.0	2975.8197963237762
136	99.8	0.7916229	100.0	96.0	162.26666	34.968117	15.119493	59.87148	-10.367591	1370000	1.2417634e-08	5.197555	-0.006433331	-0.431501	0.39779815	0.012579349	0.05880588	79.0	2999.25474858284
137	99.9	0.43588993	100.0	98.0	163.21666	34.719032	15.5115185	60.00043	6.740668	1380000	-4.346172e-09	9.829346	-0.0069711455	-0.77544993	0.4017848	0.0075812708	0.07060706	79.0	3022.4511156082153
138	99.26667	3.2653058	100.0	78.0	162.91667	34.91503	14.895436	59.412853	4.043993	1390000	7.450581e-09	8.8932495	-0.0068546976	-1.6853023	0.40713057	0.015236405	0.06690669	34.0	3044.8812465667725
139	99.7	2.3043437	100.0	82.0	161.9	34.63522	15.516539	59.753548	-14.428156	1400000	-1.7384687e-08	9.11477	-0.0065555056	-0.6432007	0.40135852	0.007503008	0.06210621	79.0	3065.3838698863983
140	99.86667	0.61824125	100.0	96.0	161.6	34.807995	15.127415	59.45747	-0.025771938	1410000	4.811833e-09	6.4317603	-0.005410559	-0.38184524	0.40313208	0.010126052	0.077807784	79.0	3089.010007619858
141	99.96667	0.2560382	100.0	98.0	162.36667	34.96822	15.246342	60.074234	6.6931534	1420000	-9.623666e-09	6.084057	-0.0064142435	-0.29217386	0.3887534	0.0098249465	0.060906094	79.0	3111.9783704280853
142	99.833336	0.83997357	100.0	94.0	164.5	34.548702	15.405118	60.11055	-0.8747267	1430000	-1.6142925e-08	8.537559	-0.006649098	-0.52324647	0.40197644	0.013139509	0.052105214	79.0	3135.617076396942
143	99.86441	0.6232128	100.0	96.0	164.59322	34.5101	15.312657	59.778427	-19.307325	1440000	9.313226e-09	8.702113	-0.00666802	-1.5355519	0.40782502	0.0037632596	0.05070507	79.0	3158.4471118450165
144	99.96667	0.2560382	100.0	98.0	161.3	35.006264	14.848666	59.94491	6.0979424	1450000	-1.8626451e-09	5.128596	-0.005502908	-0.34456158	0.40801755	0.0059582107	0.044804484	79.0	3181.3432047367096
145	99.933334	0.35901102	100.0	98.0	162.53334	34.921875	15.374278	60.513092	6.4327836	1460000	1.4745941e-09	6.0154343	-0.0054829977	-0.30635515	0.4079641	0.00904891	0.055705573	79.0	3204.257699728012
146	99.933334	0.35901102	100.0	98.0	161.03334	35.174835	15.088933	59.826424	6.799516	1470000	-2.2972623e-08	6.207541	-0.0063133375	-0.29430327	0.40635863	0.008423781	0.053205322	79.0	3225.712490081787
147	99.46667	3.0955162	100.0	76.0	163.08333	34.86062	15.292064	60.21611	4.521404	1480000	3.1044085e-09	8.994294	-0.007305565	-1.1561092	0.41642818	0.0114495605	0.05940594	79.0	3248.642681837082
148	99.933334	0.35901102	100.0	98.0	162.08333	34.73345	15.113546	59.74561	-1.2046455	1490000	-9.313226e-09	8.260746	-0.0054133977	-0.75047874	0.4080185	0.0044886274	0.060606062	79.0	3272.267416715622
149	99.96667	0.2560382	100.0	98.0	162.06667	35.04963	15.059823	59.8458	5.246166	1500000	-1.8626451e-09	8.355182	-0.0052353963	-0.20105712	0.39770034	0.007202565	0.050205022	79.0	3293.2265050411224
150	99.933334	0.359011	100.0	98.0	163.36667	34.954243	15.102044	60.056427	2.630153	1510000	-1.4280279e-08	7.968078	-0.006700583	-0.5269232	0.39003578	0.005147885	0.054805476	79.0	3316.327837705612
151	99.933334	0.35901102	100.0	98.0	162.06667	34.940617	14.922529	59.93644	5.6678834	1520000	-1.2417635e-09	6.297375	-0.006141797	-0.2582067	0.3961836	0.010932352	0.055705573	79.0	3339.236738920212
152	99.6	3.072458	100.0	76.0	161.9	34.98592	15.2070465	60.12194	4.7274575	1530000	-2.483527e-09	9.131642	-0.0070159626	-1.1786076	0.39740035	0.010299581	0.06270627	79.0	3363.037670135498
153	99.833336	0.5527708	100.0	98.0	161.7	34.854218	15.403953	60.00882	-7.0039825	1540000	-7.761021e-09	6.7775407	-0.005650927	-0.6183192	0.3813069	0.0037892235	0.050305028	79.0	3386.163767337799
154	99.8	0.70237696	100.0	96.0	160.46666	35.23785	15.048827	60.098507	4.719026	1550000	-1.2417635e-09	4.2745833	-0.0053583556	-0.18660712	0.3759061	0.010232916	0.059805978	79.0	3409.1044249534607
155	99.96667	0.2560382	100.0	98.0	160.58333	34.99874	15.428698	60.52244	1.1072745	1560000	1.5832484e-08	4.0561004	-0.004988886	-0.18698137	0.3760064	0.011559413	0.06350634	79.0	3429.6919708251953
156	99.76667	1.7922673	100.0	86.0	163.63333	34.529125	15.718577	60.373516	4.3875704	1570000	5.5879354e-09	6.343041	-0.0058270697	-0.4056158	0.3875625	0.0051344144	0.054205418	79.0	3453.674453496933
157	99.8	1.137248	100.0	92.0	164.35	34.440292	15.660772	60.24048	-0.7921939	1580000	1.1175871e-08	7.016351	-0.0071887015	-0.5458285	0.38431892	0.011049035	0.05960596	79.0	3477.396297454834
158	100.0	0.0	100.0	100.0	164.27118	34.466434	15.561805	60.11414	7.1224985	1590000	-1.2417635e-09	6.69907	-0.006770888	-0.36416593	0.38916	0.0104203345	0.065006495	79.0	3500.420086145401
159	99.9661	0.25816178	100.0	98.0	162.9661	34.659782	15.325985	60.14793	3.9476967	1600000	-4.0357313e-09	7.3053093	-0.005157909	0.04363807	0.39263287	0.007503277	0.05740574	79.0	3523.6387779712677
160	100.0	0.0	100.0	100.0	160.8	35.32152	14.878281	59.775597	6.9617834	1610000	-5.8983765e-09	5.162758	-0.005221481	-0.8096426	0.39088574	0.016296567	0.07410741	28.0	3545.1929347515106
161	98.55173	10.155977	100.0	22.0	166.03448	34.402756	15.779591	60.647343	-8.20508	1620000	-1.4901161e-08	32.81653	-0.009163082	-4.825357	0.41781592	0.012900109	0.06510651	79.0	3568.6421267986298
162	99.793106	1.322988	100.0	90.0	168.22414	33.51052	15.726295	59.89296	-2.2356195	1630000	5.5879354e-09	9.096582	-0.0081064245	-1.3342947	0.42598143	0.0122514	0.06640664	79.0	3590.281472682953
163	99.72881	1.5820017	100.0	88.0	166.25424	34.11883	15.3963785	59.59447	2.4588337	1640000	1.3348957e-08	8.026378	-0.005609916	-0.25049385	0.45306554	0.007759932	0.06360636	79.0	3614.176530122757
164	98.82758	5.4965124	100.0	66.0	167.81035	33.982292	15.413952	59.828762	2.6385283	1650000	4.656613e-09	18.751993	-0.007603115	-2.1759138	0.4448531	0.0082825115	0.05940594	79.0	3638.307745218277
165	99.93104	0.5206783	100.0	96.0	165.22414	33.864796	15.372673	59.181217	-14.810797	1660000	-1.5522043e-09	11.602264	-0.0074339374	-1.0461636	0.44846106	0.008564743	0.074407436	79.0	3661.300687789917
166	100.0	0.0	100.0	100.0	165.08333	34.443253	14.923707	59.32691	5.6900167	1670000	-6.907309e-09	9.350829	-0.0074116015	-0.46767583	0.45318648	0.008249503	0.06990699	79.0	3684.2412214279175
167	99.96667	0.2560382	100.0	98.0	163.46666	34.771713	14.864023	59.29763	0.949538	1680000	-9.002785e-09	9.226939	-0.0069770687	-0.14603345	0.43862665	0.005614092	0.053705376	79.0	3707.4697110652924
168	98.81356	6.2068157	100.0	58.0	165.35593	34.411495	15.307276	59.91703	-3.725079	1690000	3.228585e-08	16.981224	-0.008541736	-3.0153942	0.42940152	0.0068626343	0.058705866	79.0	3731.0541706085205
169	99.933334	0.5120764	100.0	96.0	161.26666	34.54206	15.056992	58.454063	-5.182427	1700000	-5.2774944e-09	5.8152137	-0.0066233575	-0.75177366	0.42704904	0.013400813	0.07460746	79.0	3753.879030227661
170	100.0	0.0	100.0	100.0	163.6	34.769676	15.577226	60.12306	0.56120753	1710000	-2.7939677e-09	8.401302	-0.0065599266	-0.61833316	0.43917117	0.01297542	0.060906094	79.0	3776.8994557857513
171	100.0	0.0	100.0	100.0	162.25	35.06066	14.895513	59.321716	5.4423943	1720000	-8.692344e-09	7.103564	-0.0057028127	-0.19883044	0.43481842	0.0068044565	0.05890589	79.0	3797.685720682144
172	99.933334	0.5120764	100.0	96.0	162.73334	34.99567	14.8914385	59.577477	5.866938	1730000	-1.8626451e-09	7.888483	-0.00550627	-0.25301203	0.42760694	0.006620414	0.049604964	79.0	3820.889384031296
173	99.9	0.568624	100.0	96.0	162.5	34.84657	15.022318	59.885956	-3.8663266	1740000	-6.829699e-09	8.786524	-0.0057934527	-0.22442977	0.4127345	0.010053829	0.07450745	79.0	3844.2007417678833
174	99.833336	0.8399736	100.0	94.0	161.5	34.973953	14.920533	59.488136	3.2006998	1750000	1.8626451e-08	5.670592	-0.0062710396	-0.2874298	0.39368784	0.0071414695	0.05610561	79.0	3867.5089240074158
175	99.96667	0.2560382	100.0	98.0	163.38333	34.691544	15.321004	60.290905	4.576877	1760000	1.0554989e-08	7.069378	-0.006152402	-0.24689531	0.38666144	0.009331043	0.058105808	79.0	3890.66148519516
176	99.96667	0.2560382	100.0	98.0	160.45	35.28738	14.851652	60.041798	6.2054486	1770000	-4.8894435e-09	3.9632285	-0.0058288462	-0.472814	0.36877617	0.015877185	0.07630763	71.0	3913.2460458278656
177	99.86667	0.49888766	100.0	98.0	161.38333	35.02833	15.529246	60.765415	5.7562194	1780000	2.483527e-09	6.0013375	-0.0044230125	-0.29527888	0.3854476	0.0068187006	0.06290629	79.0	3936.1590173244476
178	99.96667	0.2560382	100.0	98.0	162.96666	34.76632	15.296304	60.414104	5.671485	1790000	5.510325e-09	5.252686	-0.0059879855	-0.11126661	0.38652468	0.0077139097	0.064006396	79.0	3959.1821467876434
179	99.36667	3.8728402	100.0	70.0	162.71666	34.86932	15.285701	60.42214	0.9921456	1800000	-2.483527e-09	10.008434	-0.008074191	-2.1182969	0.38713524	0.009145251	0.06030603	79.0	3982.522298336029
180	99.96667	0.2560382	100.0	98.0	161.31667	34.86551	15.344765	59.952114	-3.8789861	1810000	-1.086543e-08	4.803778	-0.0055950955	-0.39563188	0.37330213	0.009303101	0.048004795	79.0	4004.959229707718
181	99.933334	0.35901102	100.0	98.0	160.36667	35.174988	15.254784	60.29896	5.758713	1820000	0.0	3.8329055	-0.00468438	-0.15646958	0.3742685	0.0049507506	0.05090509	79.0	4027.5591235160828
182	99.933334	0.35901102	100.0	98.0	160.71666	35.181427	15.34356	60.518433	6.654873	1830000	1.7151857e-08	3.597552	-0.00451499	-0.081609726	0.37977394	0.005556418	0.0650065	79.0	4050.219937324524
183	99.933334	0.359011	100.0	98.0	160.81667	35.091255	15.352977	60.82532	4.771406	1840000	-1.5522042e-08	5.0120416	-0.0061128535	-0.09080998	0.38523054	0.005539376	0.05890589	79.0	4070.8197553157806
184	99.566666	3.3284965	100.0	74.0	161.73334	34.91905	15.400721	60.459625	-10.92295	1850000	-1.1796753e-08	8.695851	-0.0074091847	-1.4561623	0.36778533	0.0061337054	0.05290529	79.0	4094.1198003292084
185	99.76667	1.1599809	100.0	92.0	162.26666	34.74112	15.534606	60.035786	-14.713337	1860000	-3.4924597e-09	9.1515875	-0.0067148507	-1.4957248	0.37074503	0.011953051	0.057805777	79.0	4117.07088136673
186	99.96667	0.2560382	100.0	98.0	159.96666	35.361336	14.9354315	59.565178	5.9150167	1870000	-1.7539909e-08	3.912569	-0.004101846	-0.44805875	0.37553477	0.015312694	0.04040404	32.0	4138.53408908844
187	99.8	1.0770329	100.0	92.0	162.9	34.839703	15.641453	60.700165	-0.8272324	1880000	4.967054e-09	5.3822093	-0.005028466	-0.22500801	0.3817935	0.009441429	0.052305233	79.0	4162.302033662796
188	99.79661	1.5489707	100.0	88.0	163.9661	34.467747	15.4892435	60.720028	-2.175613	1890000	-3.7252903e-09	6.952101	-0.005028177	-0.3852373	0.3631281	0.0056133145	0.0510051	79.0	4185.0729558467865
189	99.9	0.568624	100.0	96.0	162.86667	34.774162	15.333165	60.369858	3.412229	1900000	1.800557e-08	4.9902015	-0.0057312287	-0.18777378	0.36181697	0.008451988	0.07080708	79.0	4208.712298631668
190	99.96667	0.2560382	100.0	98.0	161.08333	35.008606	15.281845	60.62178	5.3012934	1910000	-6.829699e-09	3.8181877	-0.0047567375	-0.22523944	0.35663798	0.0044607595	0.042004198	79.0	4230.903345584869
191	99.96667	0.2560382	100.0	98.0	161.61667	34.90919	15.5877905	60.835857	1.8967322	1920000	3.5700698e-09	4.903038	-0.0051656505	-0.21323872	0.3447293	0.012607061	0.068906896	79.0	4252.710595369339
192	99.933334	0.5120764	100.0	96.0	162.4	34.914783	15.3822365	60.357143	4.4300647	1930000	-9.313226e-09	4.4042416	-0.0059980336	-0.23316884	0.35504436	0.0056260936	0.06720672	79.0	4276.030539751053
193	99.96667	0.2560382	100.0	98.0	160.81667	35.074448	15.285274	60.58009	5.2549706	1940000	2.6697913e-08	4.6193986	-0.006184016	-0.08925041	0.34658995	0.009159141	0.06660666	79.0	4299.352568626404
194	100.0	0.0	100.0	100.0	160.06667	35.281	15.203203	60.952477	8.201116	1950000	-1.102065e-08	3.6435318	-0.0052269264	-0.1443882	0.35343924	0.005339149	0.046904694	79.0	4321.984357357025
195	99.55932	2.4165475	100.0	82.0	163.76271	34.564465	15.784495	60.829575	-0.58333975	1960000	1.4901161e-08	10.3593645	-0.0045937854	-1.2375392	0.35139248	0.015831657	0.05650565	14.0	4343.609887838364
196	99.933334	0.5120764	100.0	96.0	161.4	34.980217	14.829061	59.534634	-0.31315437	1970000	-4.0357313e-09	5.7563534	-0.0048613264	-0.5801592	0.34974766	0.00573339	0.04070407	79.0	4366.9501032829285
197	100.0	0.0	100.0	100.0	159.88333	35.35697	15.041405	60.628643	6.818395	1980000	-3.0029241e-09	3.4840953	-0.003748338	0.5061721	0.36040333	0.010105896	0.05620562	79.0	4389.354461193085
198	100.0	0.0	100.0	100.0	159.91667	35.290577	15.281987	56.95921	6.432685	1990000	-7.605801e-09	4.888302	-0.0047342493	-0.297949	0.34754857	0.00756263	0.044204418	79.0	4411.600224494934
199	99.76667	1.3707256	100.0	90.0	160.9	35.16937	15.281995	57.15774	0.124626555	2000000	1.1175871e-08	6.2028804	-0.00512761	-0.25750685	0.3516712	0.004956945	0.051805183	79.0	4434.623041152954
200	100.0	0.0	100.0	100.0	160.3	35.110275	15.142727	56.604538	4.8888707	2010000	1.21071935e-08	6.314697	-0.0050725667	-0.28326145	0.34532693	0.006463977	0.045404542	79.0	4457.856347322464
201	100.0	0.0	100.0	100.0	160.51666	35.308666	15.104575	56.485428	7.239986	2020000	3.7252903e-09	5.4146113	-0.004771273	-0.19112594	0.34540156	0.0063906093	0.04180418	79.0	4480.301701068878
202	99.86441	1.0326471	100.0	92.0	163.64407	34.6344	15.462295	56.69848	-0.14381321	2030000	-8.071463e-09	12.23463	-0.0049939216	-0.81631154	0.34858784	0.0041145794	0.049404938	79.0	4503.446063995361
203	100.0	0.0	100.0	100.0	161.81667	35.05649	14.539149	55.81133	7.7032146	2040000	8.828162e-09	8.488271	-0.005077582	-0.49232134	0.34859633	0.007937022	0.043304328	79.0	4525.546735286713
204	99.9	0.5686241	100.0	96.0	162.75	35.03067	14.989495	56.43817	4.509595	2050000	-2.173086e-08	10.708827	-0.0062616877	-0.40845966	0.34979486	0.0061057564	0.053005297	79.0	4547.5563361644745
205	100.0	0.0	100.0	100.0	161.56667	35.092472	14.799718	56.04531	7.260251	2060000	7.761021e-09	9.295137	-0.006962611	-0.36630774	0.3588859	0.009369211	0.07650765	79.0	4570.265169143677
206	99.17242	4.202372	100.0	70.0	166.67241	34.44828	15.242506	55.998825	-14.567752	2070000	-3.7252903e-09	13.893329	-0.008290324	-1.9199134	0.35485038	0.0077386578	0.06540654	79.0	4593.446630001068
207	99.9	0.43588993	100.0	98.0	161.23334	34.682144	15.064241	55.64984	-0.99887574	2080000	-1.5211603e-08	7.698467	-0.0063368417	-0.9542921	0.36540493	0.006556368	0.04820482	79.0	4616.997798204422
208	99.76667	1.7922673	100.0	86.0	162.4	34.95242	15.279641	56.70561	-2.5499454	2090000	4.967054e-09	8.008504	-0.005427147	-0.54604167	0.37696078	0.009941059	0.0590059	79.0	4639.97390294075
209	99.694916	1.3181168	100.0	92.0	163.84746	34.601963	15.349441	56.275116	-2.3885126	2100000	-1.1175871e-08	10.049431	-0.0055028945	-0.3596414	0.37126443	0.00670867	0.0440044	79.0	4663.056787490845
210	99.96667	0.2560382	100.0	98.0	163.26666	34.87786	14.989114	56.094448	0.5608704	2110000	-2.0178657e-09	8.780348	-0.0042575924	-0.252268	0.37687373	0.006589426	0.065006495	79.0	4686.2424466609955
211	99.86441	0.72386974	100.0	96.0	162.84746	34.912178	14.930707	56.179405	4.5144963	2120000	1.2417635e-09	6.193605	-0.007186512	-0.8014776	0.37572622	0.015573082	0.06550655	65.0	4708.554744005203
212	99.53333	3.1062663	100.0	76.0	162.83333	34.630833	15.494193	56.33358	-4.4104652	2130000	-2.0489097e-08	11.471433	-0.0068858173	-0.5840308	0.38515973	0.010858987	0.05760576	79.0	4732.23008275032
213	99.76271	1.8071326	100.0	86.0	162.30508	34.880203	15.162495	56.081924	-3.0602658	2140000	0.0	7.8931727	-0.005713584	-0.32220483	0.38490403	0.0067139193	0.05150515	79.0	4755.2811596393585
214	99.53333	1.9102064	100.0	88.0	163.73334	34.65973	15.203235	56.837765	-1.9964579	2150000	-2.1071173e-08	10.407849	-0.00613018	-0.39158598	0.38505924	0.005484683	0.06210621	79.0	4779.517135858536
215	99.52542	2.4241436	100.0	84.0	164.71187	34.514988	14.964417	56.20741	-1.9169171	2160000	7.450581e-09	12.046023	-0.006058771	-0.70656425	0.37338603	0.0062439	0.053005304	79.0	4802.829815864563
216	99.96667	0.2560382	100.0	98.0	161.33333	35.05453	14.357515	55.632317	2.5693543	2170000	-1.9247333e-08	9.933416	-0.0069242152	-0.680384	0.35821995	0.009047781	0.06710672	79.0	4825.775692224503
217	99.9	0.568624	100.0	96.0	163.21666	34.946037	14.892437	56.30606	5.655912	2180000	-1.7384687e-08	9.563783	-0.0063059865	-0.224274	0.3632144	0.008822332	0.062006194	79.0	4849.295608997345
218	100.0	0.0	100.0	100.0	162.21666	35.10264	14.729874	56.167854	2.6569405	2190000	1.8626451e-09	8.177384	-0.0053157494	-0.19581072	0.34864712	0.0055207233	0.050205022	79.0	4872.23965382576
219	99.9	0.568624	100.0	96.0	161.61667	35.276527	14.856245	56.410587	5.360645	2200000	-4.967054e-09	9.63179	-0.0047944593	-0.40943304	0.34267828	0.0057882927	0.04580458	79.0	4893.7980489730835
220	100.0	0.0	100.0	100.0	160.71666	35.35374	14.665502	56.41483	7.4739895	2210000	-1.800557e-08	5.2375894	-0.0064360406	-0.5675568	0.3407112	0.013446144	0.0760076	79.0	4916.5735013484955
221	100.0	0.0	100.0	100.0	161.3	35.111217	15.273124	56.8474	6.9540243	2220000	-1.0554989e-08	5.5505366	-0.004285087	-0.22419588	0.3335378	0.007682691	0.06220622	79.0	4939.847306251526
222	99.833336	0.9159088	100.0	94.0	162.45	34.889008	15.242027	57.184254	6.109827	2230000	2.7939677e-09	7.259512	-0.005745402	-0.19724178	0.32166162	0.011477135	0.062306236	79.0	4962.995913505554
223	99.933334	0.5120764	100.0	96.0	160.8	35.221	15.008433	57.395393	6.9230084	2240000	3.259629e-09	6.3338113	-0.0042881765	-0.5006214	0.30811942	0.0062569827	0.04970497	79.0	4985.62407875061
224	99.803276	1.0684702	100.0	92.0	160.34427	35.219242	15.132193	57.309	1.3076282	2250000	3.7252903e-09	4.3388925	-0.004465279	-0.35957384	0.31271103	0.0061036795	0.04630463	79.0	5008.296802282333
225	99.933334	0.359011	100.0	98.0	160.2	35.26798	15.368102	57.601685	5.8786416	2260000	1.261166e-08	3.2553403	-0.004642525	-0.0057004294	0.3165581	0.008217954	0.04910491	79.0	5030.509406805038
226	100.0	0.0	100.0	100.0	161.45	34.8733	15.497293	57.498066	1.6622826	2270000	9.002785e-09	7.57919	-0.0036287736	-0.7836501	0.30684492	0.015305511	0.06340634	16.0	5051.785904169083
227	99.933334	0.5120764	100.0	96.0	159.38333	35.506973	14.7711	57.079266	6.406948	2280000	-3.1044085e-09	3.3845146	-0.003117566	-0.8051322	0.28476426	0.015583863	0.03690369	24.0	5072.854954242706
228	99.4	1.8726097	100.0	88.0	162.63333	34.75734	15.78992	58.079205	-1.9458432	2290000	-8.2266824e-09	6.797937	-0.0059165247	-0.5342166	0.28580165	0.014140304	0.06810681	79.0	5096.187143564224
229	99.933334	0.5120764	100.0	96.0	160.18333	34.96663	15.037548	57.15147	4.8255787	2300000	1.3504177e-08	2.971821	-0.0048892885	-0.41399527	0.30834666	0.016894719	0.054205418	50.0	5116.001882076263
230	99.96667	0.2560382	100.0	98.0	162.23334	34.8621	15.678832	57.710377	4.7893424	2310000	8.071463e-09	5.0603447	-0.0044068643	-0.27368283	0.30493686	0.00596345	0.04150415	79.0	5138.87348484993
231	99.7	1.3576943	100.0	90.0	160.75	35.022816	15.256071	57.588043	3.641606	2320000	1.14863115e-08	3.4823396	-0.0049118064	-0.23648381	0.29101682	0.006405463	0.05310531	79.0	5161.674711465836
232	100.0	0.0	100.0	100.0	160.86667	34.832935	15.56783	57.725147	7.131064	2330000	2.2972623e-08	2.6615202	-0.0027127026	-0.10379171	0.28996408	0.008667121	0.05680568	79.0	5184.6301827430725
233	99.96667	0.2560382	100.0	98.0	161.95	34.831768	15.622942	58.101665	6.51139	2340000	-1.1098261e-08	4.937752	-0.0062708086	-0.52736664	0.2841669	0.011377696	0.04790479	79.0	5207.571565389633
234	100.0	0.0	100.0	100.0	162.16667	34.94766	15.298865	57.91533	7.653395	2350000	-5.2774944e-09	5.772003	-0.0041523664	-0.15504043	0.2943233	0.0055440455	0.04640464	79.0	5229.959852218628
235	100.0	0.0	100.0	100.0	161.8	34.981567	15.1996765	57.839474	8.816297	2360000	-3.8805106e-10	3.9156284	-0.004896114	-0.23167086	0.2975646	0.009685063	0.042304233	79.0	5253.170001506805
236	99.7	2.3043435	100.0	82.0	161.56667	35.026356	15.362678	58.333897	4.4028363	2370000	-1.8626451e-08	4.68615	-0.006286425	-0.6572612	0.28860465	0.009424508	0.05080508	79.0	5276.014187335968
237	99.55932	3.1042411	100.0	76.0	162.8983	34.577168	15.712908	57.897137	-7.3490086	2380000	3.7252903e-09	10.039084	-0.0073780674	-1.0851434	0.2979864	0.007540704	0.05850585	79.0	5299.091798782349
238	100.0	0.0	100.0	100.0	161.06667	35.087585	15.048531	57.382607	1.3682063	2390000	-4.967054e-09	3.59264	-0.004633198	-0.40633652	0.29719293	0.01139121	0.06220622	79.0	5321.858788013458
239	99.3	1.2556539	100.0	96.0	161.36667	34.982937	15.473933	58.624836	3.5289202	2400000	7.450581e-09	4.5982223	-0.005202223	-0.41146573	0.28890547	0.008180411	0.04560456	79.0	5345.375682353973
240	99.63934	0.9923113	100.0	96.0	160.96721	34.702923	15.50775	57.934505	4.4910073	2410000	5.5879354e-09	4.6553636	-0.005285006	-0.24948311	0.28929082	0.007869749	0.044404436	79.0	5368.037192821503
241	99.9	0.568624	100.0	96.0	160.93333	34.95104	15.346954	57.935253	4.873466	2420000	-2.173086e-09	5.3887725	-0.0048840847	-0.26457715	0.28622165	0.005061316	0.045904588	79.0	5390.654962062836
242	99.7	0.95393926	100.0	96.0	161.16667	34.951855	15.287445	58.345844	1.4680207	2430000	-1.14863115e-08	5.572518	-0.0045220503	-0.21290517	0.28121504	0.0047835964	0.041004103	79.0	5414.436276674271
243	99.7	2.3043437	100.0	82.0	162.51666	34.736782	15.308256	58.36202	4.094378	2440000	-3.1044085e-09	6.4518533	-0.006133813	-0.89378625	0.2699194	0.008385248	0.04950495	79.0	5435.894393920898
244	99.96667	0.2560382	100.0	98.0	162.88333	34.56811	15.537598	58.348392	-1.1091521	2450000	-3.1044085e-09	9.126126	-0.004501082	-0.88967055	0.2747661	0.015536032	0.06310631	15.0	5461.159918785095
245	99.833336	0.6624869	100.0	96.0	160.96666	35.157597	14.789669	58.368805	3.031909	2460000	1.3348957e-08	5.9322414	-0.0049070665	-0.69049907	0.29416525	0.0080442345	0.05720572	79.0	5484.583829641342
246	99.96667	0.2560382	100.0	98.0	164.06667	34.491932	15.536824	58.64971	2.763924	2470000	7.450581e-09	6.9848475	-0.00585057	-0.28660536	0.29884925	0.008878402	0.047804784	79.0	5508.163044214249
247	99.49152	3.115695	100.0	76.0	164.05084	34.643646	15.196226	58.526443	3.3309896	2480000	-4.967054e-09	9.78794	-0.0072051627	-0.93215925	0.29627395	0.010550522	0.055505548	79.0	5531.580753564835
248	99.63333	2.175367	100.0	84.0	161.66667	34.738495	15.242686	58.731407	-1.3258986	2490000	1.1175871e-08	4.9441266	-0.006131316	-0.393262	0.29556337	0.0072987718	0.05490549	79.0	5554.6639103889465
249	98.44068	5.7996826	100.0	70.0	164.45763	34.095165	15.976963	58.78644	-13.903017	2500000	3.1044085e-09	12.923476	-0.0065601934	-2.1191752	0.29136553	0.015162118	0.07080708	13.0	5576.387198209763
