Epoch	AverageEpRet	StdEpRet	MaxEpRet	MinEpRet	EpLen	AverageVVals	StdVVals	MaxVVals	MinVVals	TotalEnvInteracts	LossPi	LossV	DeltaLossPi	DeltaLossV	Entropy	KL	ClipFrac	StopIter	Time
0	89.49696	12.50378	100.0	61.6	273.69696	18.15106	10.612107	53.686306	-9.548589	10000	-1.14863115e-08	62.021618	-0.0011706223	-13.817226	0.35467744	0.0154401185	0.04640464	1.0	25.270933628082275
1	87.90909	13.21451	100.0	58.0	275.45456	18.78117	11.363769	54.11262	-12.025633	20000	-4.284084e-08	64.04121	-0.0041493555	-12.140206	0.35383937	0.01641432	0.05420542	3.0	52.543795108795166
2	88.315155	14.9758625	100.0	40.6	288.51514	18.14618	10.932119	54.26097	-28.113678	30000	2.1109978e-08	64.59261	-0.011512961	-13.888358	0.35400966	0.015614579	0.065806575	14.0	76.4028389453888
3	86.65454	22.058176	100.0	-10.0	284.0	18.239008	10.770328	53.928764	-23.733248	40000	2.6077032e-08	82.718346	-0.008280285	-18.487478	0.36033794	0.015042488	0.057505753	8.0	101.82113289833069
4	89.88485	12.826964	100.0	49.6	263.81818	19.34784	10.74895	45.13073	-9.038929	50000	-4.5324366e-08	60.99829	-0.013263628	-13.826148	0.33665094	0.015224812	0.08610862	32.0	125.40835738182068
5	86.969696	19.472754	100.0	18.4	281.78787	19.091578	11.498658	48.486423	-14.182608	60000	3.1044085e-09	84.710205	-0.008441068	-17.223843	0.34997085	0.016112875	0.06250625	9.0	150.16274881362915
6	86.78125	18.664965	100.0	12.0	289.03125	18.69214	11.843132	49.754993	-15.879022	70000	1.3659398e-08	81.479225	-0.0061407364	-21.2614	0.3585132	0.017071133	0.047404736	6.0	177.07702255249023
7	84.5394	26.168705	100.0	-20.0	284.33334	17.558464	11.781025	48.57276	-30.407774	80000	1.1796753e-08	99.2938	-0.008155008	-19.80478	0.36337408	0.015788432	0.0690069	9.0	202.86368203163147
8	84.721214	22.940607	100.0	-20.0	279.81818	18.023935	11.13729	52.895176	-21.258486	90000	1.9169724e-08	120.66021	-0.010761726	-34.51193	0.37478605	0.015275502	0.07140714	14.0	228.9135913848877
9	88.93939	13.777495	100.0	53.8	274.51514	17.485535	11.330223	46.67215	-23.108353	100000	8.692344e-09	63.388584	-0.0065107816	-15.914371	0.36715078	0.01538824	0.05130513	6.0	253.26348423957825
10	81.40607	31.91255	100.0	-60.0	291.42426	17.783146	11.986579	47.92091	-18.143204	110000	0.0	147.53712	-0.009267861	-42.2394	0.37575364	0.015237709	0.073407345	12.0	277.70470929145813
11	85.87273	16.853941	100.0	40.0	294.81818	17.293358	10.33338	48.08251	-19.076117	120000	1.2417635e-09	76.80545	-0.009386838	-16.159302	0.37456027	0.01581399	0.06520653	18.0	305.13056230545044
12	88.878784	13.178673	100.0	46.0	284.9697	17.81448	10.705438	53.561188	-9.531966	130000	1.4551915e-08	68.23856	-0.010995004	-15.896763	0.3588468	0.015161045	0.07540754	15.0	331.5479784011841
13	89.6	14.0494375	100.0	51.4	276.27274	18.356596	11.893251	53.767586	-10.305096	140000	-1.1175871e-08	64.89554	-0.010903399	-11.63466	0.3526881	0.015157789	0.0810081	19.0	358.388130903244
14	87.6875	16.935165	100.0	21.4	303.625	18.473328	11.842637	51.62256	-14.96697	150000	4.967054e-09	84.13926	0.0015619403	-19.45445	0.37125576	0.025302388	0.02960296	2.0	382.3076605796814
15	87.95	15.44474	100.0	38.2	288.28125	18.747229	10.853573	49.26862	-17.274231	160000	1.8626451e-09	76.25111	-0.0068942686	-10.97436	0.36430383	0.016742043	0.05620562	8.0	406.40761613845825
16	91.493744	11.750744	100.0	58.6	286.8125	18.727005	10.631375	46.310966	-10.231767	170000	-3.4769375e-08	61.260548	-0.0082623735	-14.467591	0.38783488	0.016994165	0.084908485	9.0	431.15199398994446
17	84.8	22.69364	100.0	0.4	288.03226	20.078918	10.530266	48.69661	-13.26586	180000	-3.7252903e-09	80.45251	-0.0048722434	-16.518093	0.38080707	0.018030224	0.06720672	7.0	455.2243845462799
18	91.26666	11.630855	100.0	53.2	269.84848	18.842712	10.999772	50.835175	-14.77649	190000	6.829699e-09	58.709324	-0.006965904	-11.238729	0.3757453	0.01619335	0.09170917	11.0	478.2901840209961
19	85.94545	17.106813	100.0	46.0	286.81818	18.4177	11.387289	51.191715	-15.755406	200000	7.450581e-09	68.51465	-0.010056692	-18.517439	0.38407388	0.016451279	0.086308636	13.0	502.6364676952362
20	85.17576	19.56241	100.0	6.4	281.51514	17.656248	11.048038	47.731125	-15.620103	210000	-1.1796753e-08	89.82831	-0.006837157	-22.157578	0.38049838	0.015470133	0.06630663	7.0	528.9071176052094
21	87.08485	15.333547	100.0	55.0	284.48486	17.746212	10.724339	48.793102	-18.811016	220000	-1.9868216e-08	73.41134	-0.006182473	-12.34151	0.3636788	0.017356902	0.08250826	8.0	553.3098783493042
22	90.587875	11.772794	100.0	59.2	260.15152	19.196846	10.812621	49.25085	-13.965605	230000	4.1599076e-08	70.40647	-0.014110602	-21.622118	0.35316327	0.015125887	0.08770877	44.0	578.6228349208832
23	89.296974	13.169213	100.0	55.6	276.33334	19.66624	11.815588	51.29948	-15.013691	240000	9.934108e-09	68.28413	-0.010580259	-14.910283	0.3636056	0.015583425	0.08390839	15.0	603.1419680118561
24	87.112495	17.223743	100.0	20.8	286.65625	19.294962	11.112672	51.419525	-20.295954	250000	-6.829699e-09	61.3513	-0.007024577	-13.300784	0.36750853	0.01641708	0.07330733	8.0	628.40544962883
25	86.78788	15.171499	100.0	41.2	284.30304	18.608614	11.502785	47.43071	-20.82109	260000	6.208817e-09	68.79297	-0.006901642	-15.568817	0.3736228	0.01502988	0.05960596	6.0	654.0843291282654
26	89.454544	11.171639	100.0	58.0	286.0	18.727848	10.253581	47.490498	-12.950167	270000	1.4590721e-08	65.53083	-0.008829067	-15.314189	0.38579836	0.015094732	0.083708376	12.0	679.3648710250854
27	87.466675	14.0735445	100.0	56.2	286.0	19.172575	10.110455	46.47543	-8.6873045	280000	-1.839362e-08	63.09657	-0.0087247	-15.805569	0.3797333	0.0153385885	0.074207425	10.0	704.5880329608917
28	87.15625	15.7832775	100.0	43.6	292.0	19.360224	10.714678	48.873085	-12.470917	290000	-1.7384687e-08	65.33291	-0.0075028236	-13.611793	0.3849623	0.01552453	0.06040604	8.0	730.0634224414825
29	87.6125	13.7990885	100.0	54.4	292.34375	18.498653	11.339537	45.602547	-16.931732	300000	-4.967054e-09	72.542915	-0.008723137	-15.181424	0.37689838	0.015971174	0.08460846	13.0	755.6012990474701
30	87.163635	15.232697	100.0	43.0	282.45456	18.386604	11.021893	52.972847	-9.036682	310000	-1.3038516e-08	62.983112	-0.008986723	-11.599728	0.3792669	0.015404746	0.07280728	14.0	782.0888383388519
31	87.10625	15.487735	100.0	48.4	280.15625	19.253252	11.615465	48.325817	-11.869305	320000	-3.228585e-08	64.538185	-0.00682183	-10.90816	0.3805869	0.015409763	0.06960696	9.0	806.0839841365814
32	85.24848	22.686909	100.0	-10.0	281.57574	17.83326	11.320675	52.42671	-15.887188	330000	-1.4901161e-08	77.207634	-0.00565866	-14.923654	0.36976185	0.01676936	0.06280628	6.0	830.9110114574432
33	84.7125	17.465532	100.0	38.2	290.125	18.403776	12.000072	46.71939	-16.119429	340000	1.5832484e-08	78.16826	-0.010530929	-4.5224967	0.37217125	0.015812477	0.08420842	13.0	854.1083977222443
34	89.72727	13.572237	100.0	41.2	269.0	18.340343	10.500429	48.643555	-16.697199	350000	7.450581e-09	77.88327	-0.010493085	-20.133884	0.36300835	0.01504493	0.08950895	18.0	878.3941061496735
35	87.6303	14.060228	100.0	53.2	291.42426	18.66743	11.0856695	53.729954	-16.29471	360000	-1.3348957e-08	70.8036	-0.0101846075	-16.545994	0.36683568	0.015446293	0.079507954	14.0	905.4383111000061
36	88.79394	12.267177	100.0	61.0	291.72726	17.64303	10.703543	49.393787	-6.458325	370000	1.8626451e-08	64.58018	-0.0075768367	-13.539242	0.37213895	0.015862616	0.063806385	9.0	931.0476205348969
37	88.69091	13.6412115	100.0	58.6	290.9394	18.279766	10.042434	45.847767	-10.624097	380000	-4.967054e-09	62.448044	-0.008680242	-12.751179	0.36801282	0.01564916	0.07140714	11.0	955.9942457675934
38	90.89091	11.37345	100.0	59.2	271.75757	18.924881	10.29442	49.182545	-5.2434707	390000	0.0	71.03626	-0.0089407945	-11.430001	0.35855094	0.015109982	0.0760076	15.0	980.4982554912567
39	81.30303	24.074537	100.0	19.6	282.60605	19.031313	10.442545	51.995	-10.83964	400000	6.208817e-09	100.58097	-0.009130302	-20.972872	0.37311462	0.01599524	0.08030803	10.0	1005.3638877868652
40	85.51875	20.05448	100.0	12.4	276.96875	18.58237	11.275473	49.20969	-12.268822	410000	-2.3903945e-08	71.63272	-0.008845477	-14.4248705	0.3643926	0.015371413	0.0620062	13.0	1028.9264483451843
41	90.5875	11.069771	100.0	61.6	281.28125	18.353022	11.884272	49.643288	-10.201571	420000	-1.800557e-08	69.5235	-0.006436477	-14.695324	0.3506074	0.01619216	0.06460646	7.0	1052.3122930526733
42	88.10303	18.09183	100.0	8.2	276.81818	19.503662	11.022713	52.28288	-15.183324	430000	4.998098e-08	74.16324	-0.008534829	-13.730957	0.3644298	0.016224198	0.063006304	14.0	1076.4640264511108
43	88.527275	14.740571	100.0	41.2	276.0606	19.473478	10.976499	56.68167	-8.613685	440000	-2.6697913e-08	67.97801	-0.009683379	-12.042487	0.3522927	0.015898084	0.060606062	17.0	1101.166704416275
44	89.72727	13.331104	100.0	54.4	265.9091	19.084782	11.510094	54.582436	-10.961789	450000	2.7318796e-08	60.862427	-0.0074250046	-11.993019	0.3535848	0.016330646	0.06740674	14.0	1126.3750309944153
45	87.975	15.299081	100.0	52.6	289.03125	19.754494	11.574555	55.489967	-19.37811	460000	3.228585e-08	68.92151	-0.009953472	-13.559048	0.37758818	0.01572038	0.060606062	14.0	1151.648111820221
46	89.11515	13.93883	100.0	47.2	284.33334	18.884758	10.956644	50.855938	-8.593377	470000	-2.483527e-09	67.86089	-0.010296921	-13.468014	0.3762059	0.015421901	0.08350835	14.0	1176.5082726478577
47	86.399994	14.9323635	100.0	48.4	295.67743	19.541798	10.888944	54.096107	-23.333513	480000	2.483527e-09	80.19732	-0.009298445	-17.89681	0.37837446	0.015364398	0.07640764	13.0	1200.9817106723785
48	86.693756	19.355425	100.0	16.6	287.40625	18.69133	10.056296	50.341335	-13.83625	490000	-1.3659398e-08	82.70864	-0.014002678	-17.47674	0.36937058	0.015139413	0.08480849	27.0	1225.2212009429932
49	90.73939	11.53897	100.0	59.2	284.63635	18.260664	11.450963	51.151165	-7.783979	500000	-1.4901161e-08	61.485714	-0.011864568	-12.093407	0.36669055	0.01553866	0.09120912	23.0	1250.566624879837
50	86.8125	17.640078	100.0	28.0	281.59375	19.566809	11.073903	53.890224	-12.860376	510000	-3.4769375e-08	80.70993	-0.0066958065	-17.49079	0.37942865	0.016211167	0.08180818	9.0	1275.1966395378113
51	89.33939	13.385337	100.0	52.0	277.0	18.660454	11.694293	53.7565	-18.837185	520000	6.45717e-08	72.53695	-0.007973633	-12.717388	0.3808386	0.01614579	0.07760776	9.0	1298.763761997223
52	88.75151	14.436069	100.0	50.8	277.54544	18.447104	11.365778	53.405777	-10.285338	530000	6.0225524e-08	65.25006	-0.008818409	-13.940333	0.3729631	0.015413602	0.07260726	12.0	1325.9713294506073
53	87.65455	14.1684475	100.0	55.6	285.69696	18.102934	11.826781	53.90315	-10.406871	540000	-1.3038516e-08	67.262474	-0.008298299	-12.698746	0.3921689	0.01647049	0.07130713	9.0	1351.280107498169
54	89.73334	13.091165	100.0	50.8	271.0909	18.879745	11.099152	52.391323	-9.226226	550000	-1.14863115e-08	57.975086	-0.01260019	-10.252872	0.38039708	0.015485454	0.092609264	20.0	1375.3349096775055
55	85.812126	17.244196	100.0	34.6	276.18182	19.18341	11.449218	53.476513	-12.153051	560000	-2.4214387e-08	71.44147	-0.011625056	-11.662595	0.38782123	0.015294656	0.07590759	15.0	1400.008982181549
56	87.8303	14.260106	100.0	50.8	272.36365	18.556074	11.248585	56.13281	-9.99042	570000	-3.4536544e-08	66.81944	-0.011668975	-13.069718	0.37101868	0.015504199	0.08270828	17.0	1423.7371401786804
57	88.36875	14.832068	100.0	53.2	281.96875	19.112343	11.643492	54.848663	-16.735147	580000	-2.483527e-09	68.1258	-0.013691076	-13.6735735	0.3772132	0.015636457	0.085508555	22.0	1448.6158602237701
58	87.52121	13.985963	100.0	48.4	278.0	18.24779	11.138089	49.317005	-16.377745	590000	-3.5700698e-09	75.24957	-0.01142136	-15.737317	0.3896372	0.015348885	0.08360836	14.0	1474.8736555576324
59	88.47273	13.894479	100.0	50.8	284.78787	18.043556	11.23831	56.93907	-14.35792	600000	9.313226e-10	70.73905	-0.009491429	-13.429406	0.39338803	0.01583556	0.07730773	12.0	1499.7146933078766
60	88.662506	15.354758	100.0	41.2	280.9375	18.843863	11.128955	50.09558	-8.387391	610000	-1.5522042e-08	65.751686	-0.010668012	-15.540908	0.37923518	0.01527862	0.073207326	13.0	1522.8357191085815
61	86.92121	15.018851	100.0	51.4	278.9394	18.747982	11.887921	53.45716	-8.966813	620000	9.002785e-09	74.48679	-0.011387947	-15.462102	0.3807014	0.015123412	0.09570957	16.0	1547.0945739746094
62	86.92121	15.092839	100.0	22.6	274.21213	18.14733	11.359214	53.514812	-16.999222	630000	-9.313226e-10	70.520195	-0.009642973	-14.752381	0.38158855	0.015434146	0.06480648	11.0	1572.500890493393
63	88.3	11.201227	100.0	58.6	287.65625	18.502455	11.047978	52.326355	-10.096534	640000	2.483527e-09	60.693233	-0.014325897	-12.106846	0.38006738	0.015105906	0.098609865	23.0	1596.7967262268066
64	88.33939	12.790953	100.0	58.6	288.78787	18.39986	10.512932	50.90606	-9.647698	650000	-6.208817e-09	67.15057	-0.012237494	-14.39024	0.3764617	0.015149448	0.08090809	18.0	1622.2741384506226
65	89.878784	13.049272	100.0	57.4	275.27274	18.395718	10.952647	52.246162	-15.936992	660000	-2.6697913e-08	64.838104	-0.011330294	-11.230259	0.37592423	0.015566449	0.08180818	21.0	1646.3928756713867
66	85.725006	15.461223	100.0	44.2	290.53125	18.863733	11.703965	54.606815	-8.951387	670000	1.4590721e-08	79.633064	-0.007448476	-16.50686	0.39340556	0.015994368	0.07060706	8.0	1672.359219789505
67	90.98181	11.556592	100.0	56.8	280.12122	17.861015	10.689521	54.60052	-9.629204	680000	-2.2351742e-08	57.951538	-0.016350603	-13.052917	0.407498	0.015422289	0.09530953	30.0	1696.8184669017792
68	86.3697	17.19733	100.0	28.0	285.36365	18.489164	11.060998	56.778847	-15.456772	690000	1.14863115e-08	75.209694	-0.009034294	-16.930614	0.4036223	0.015118532	0.0850085	8.0	1721.3476157188416
69	87.68125	15.320236	100.0	40.0	288.6875	18.298605	11.387879	53.805126	-17.204325	700000	1.8626451e-09	66.110374	-0.010684832	-12.276863	0.39086333	0.015172171	0.073507346	16.0	1744.5400149822235
70	85.2909	22.317654	100.0	-10.0	292.0606	17.75198	11.490217	54.876827	-15.580999	710000	-1.2417635e-09	108.563545	-0.007832719	-21.936333	0.39994213	0.0151960375	0.06170617	9.0	1770.6678235530853
71	91.5697	11.058426	100.0	55.0	280.72726	17.38669	11.773406	52.218395	-21.888905	720000	-2.0489097e-08	73.75867	-0.0071242866	-16.953632	0.3821551	0.015093066	0.067406744	9.0	1793.8756911754608
72	86.625	15.217485	100.0	56.2	288.21875	19.289555	11.04617	48.994408	-13.454521	730000	1.800557e-08	72.837494	-0.008258488	-19.672459	0.396024	0.015210345	0.05470547	8.0	1819.1723392009735
73	88.69697	14.06333	100.0	58.6	280.84848	17.78302	11.282908	48.04303	-14.017916	740000	-1.9868216e-08	58.95193	-0.013839905	-11.635076	0.3823316	0.0150641175	0.08450845	24.0	1845.593288898468
74	91.03637	11.937154	100.0	50.8	268.36365	18.852577	11.077125	47.359344	-17.304756	750000	-3.8339447e-08	60.229065	-0.010097795	-12.512455	0.3809608	0.0151271885	0.07720772	15.0	1869.9624211788177
75	85.200005	22.19342	100.0	-10.0	279.15152	19.774073	10.693117	46.636864	-9.309203	760000	2.483527e-09	102.11068	-0.011835699	-28.95227	0.38426873	0.01561506	0.08530853	14.0	1896.5260362625122
76	88.56364	20.686722	100.0	-10.0	280.27274	18.037548	11.159579	48.97678	-20.212893	770000	2.6077032e-08	80.74673	-0.008144855	-15.829625	0.38218895	0.015078546	0.07590759	9.0	1919.7337486743927
77	90.72727	9.942235	100.0	64.0	283.66666	18.362309	11.336331	48.383606	-12.993337	780000	3.1044085e-09	71.728294	-0.008019858	-18.812119	0.36855575	0.015419364	0.0670067	11.0	1948.860048532486
78	87.97576	13.559545	100.0	49.6	289.51514	18.628422	10.844397	52.42192	-13.24828	790000	-1.4901161e-08	61.42154	-0.011655903	-12.643281	0.3857323	0.015416746	0.07910791	19.0	1973.8960342407227
79	89.13333	16.245216	100.0	35.8	276.78787	18.349297	10.949205	51.84893	-22.723269	800000	-7.1401396e-09	63.056915	-0.009558968	-16.582209	0.3722557	0.015519093	0.08410841	11.0	2001.2945415973663
80	88.56364	12.1137495	100.0	52.0	284.27274	18.8635	11.321338	48.02948	-4.7586164	810000	-9.313226e-09	74.06321	-0.008010977	-14.877906	0.37909243	0.016551008	0.07670767	10.0	2027.0262503623962
81	88.29697	12.817897	100.0	50.8	278.0606	18.31522	10.7794485	50.999466	-10.353744	820000	-2.7318796e-08	68.10673	-0.009259579	-9.98759	0.3769206	0.015151595	0.06920692	16.0	2051.622780561447
82	88.90302	13.976874	100.0	39.4	282.33334	17.996586	11.540354	53.379898	-12.700167	830000	4.0978193e-08	65.842224	-0.008720014	-10.750525	0.3763214	0.015174617	0.06620663	13.0	2077.8327236175537
83	88.38788	13.930733	100.0	56.8	276.87878	17.896275	11.334461	55.18212	-12.019691	840000	1.2417634e-08	57.91336	-0.007512272	-9.520824	0.36869058	0.015842749	0.057305735	10.0	2102.376831293106
84	90.38787	13.193841	100.0	44.2	274.0	18.26416	11.269081	48.198742	-15.109635	850000	-6.829699e-09	68.73267	-0.0068985936	-12.730755	0.36142883	0.015980667	0.05710571	7.0	2127.091994047165
85	90.23031	11.2937765	100.0	62.8	279.57574	19.572338	11.291498	49.27086	-11.553874	860000	1.3659398e-08	69.16003	-0.009930994	-15.305756	0.37977275	0.0152406385	0.077807784	15.0	2155.9582386016846
86	89.75151	12.89313	100.0	42.4	280.15152	18.251139	11.117163	48.392593	-10.9199095	870000	6.208817e-09	64.65662	-0.008878526	-13.047428	0.3612641	0.015110701	0.06270627	12.0	2181.6972711086273
87	90.52727	13.058825	100.0	40.6	275.9091	18.210524	11.635307	50.357876	-10.149347	880000	-2.483527e-09	58.73601	-0.011132344	-11.220912	0.354666	0.015238684	0.07290729	20.0	2209.5455796718597
88	87.31515	17.644917	100.0	17.2	282.66666	18.30531	11.444932	48.380753	-13.24713	890000	8.692344e-09	76.00819	-0.01150839	-15.996739	0.37668657	0.0161468	0.07230723	14.0	2235.209448337555
89	90.44243	10.75104	100.0	69.4	271.0303	17.867002	11.888123	48.981636	-12.84044	900000	2.8560558e-08	58.46388	-0.0051355534	-13.710952	0.35386774	0.015023895	0.043704372	5.0	2259.8018941879272
90	87.90909	18.346437	100.0	13.0	273.27274	18.61331	11.665188	49.555412	-12.0967	910000	1.3659398e-08	64.84724	-0.0088008	-12.564869	0.36547673	0.015085797	0.07040704	13.0	2285.3046185970306
91	88.218185	14.636224	100.0	50.8	272.84848	17.215567	12.261211	49.65574	-10.902773	920000	1.9868216e-08	60.30835	-0.009915227	-12.629269	0.36231515	0.015002768	0.0740074	13.0	2309.516490459442
92	90.87272	11.496594	100.0	61.0	273.30304	18.280518	11.994858	49.078247	-13.12759	930000	1.5522043e-09	61.286274	-0.011607718	-13.707734	0.37552476	0.015828894	0.08980898	18.0	2334.06685590744
93	88.25454	15.168171	100.0	32.8	270.9697	18.805428	11.600839	51.422466	-14.346062	940000	1.2417634e-08	68.44908	-0.010322806	-17.931242	0.35862646	0.015765404	0.0760076	12.0	2356.7062051296234
94	86.59394	14.125197	100.0	46.0	289.57574	18.151108	11.849862	50.72324	-17.855598	950000	-5.7121117e-08	70.88467	-0.010482494	-17.515667	0.3706398	0.015804354	0.07190719	15.0	2383.817780017853
95	87.17576	13.611204	100.0	58.6	273.0	18.001738	10.700668	46.548904	-14.482842	960000	-4.1288633e-08	73.057365	-0.014093037	-16.343977	0.37731493	0.015569062	0.09360936	27.0	2408.855965614319
96	87.69375	16.67378	100.0	32.2	280.90625	18.370613	11.740637	49.569427	-15.7830305	970000	-1.9868216e-08	76.06498	-0.009713285	-15.185658	0.3694189	0.016075611	0.082208216	11.0	2432.9341938495636
97	89.109085	14.394031	100.0	43.6	262.51514	18.94882	11.314806	47.18161	-10.470462	980000	-2.4835268e-08	74.04282	-0.010584842	-17.61616	0.36431137	0.015157997	0.06890689	13.0	2456.133549928665
98	90.90303	9.679484	100.0	74.2	266.9091	19.706675	10.66273	53.396355	-7.969467	990000	-3.7252903e-09	58.35738	-0.0058859433	-12.070545	0.36958185	0.015761865	0.05350535	8.0	2478.9458718299866
99	90.64243	13.7188	100.0	45.4	262.63635	19.374136	10.993147	49.88317	-22.057985	1000000	-2.1109978e-08	61.213993	-0.0113443015	-15.469584	0.35741302	0.015071389	0.06960696	20.0	2501.7155261039734
100	92.218185	11.155252	100.0	58.0	270.63635	19.023895	12.437924	56.01476	-5.9541035	1010000	3.0733645e-08	54.21182	-0.00898615	-10.663003	0.36069468	0.015175171	0.067606755	11.0	2525.0755381584167
101	89.393936	13.266909	100.0	53.2	284.69696	18.88221	11.387167	53.865974	-9.787936	1020000	3.3527613e-08	54.896046	-0.010020097	-12.492171	0.36975726	0.015385761	0.06720672	12.0	2550.1454389095306
102	88.181816	14.454306	100.0	46.0	275.30304	18.856083	11.7451725	60.69767	-18.039309	1030000	1.4901161e-08	68.11214	-0.008137691	-18.619818	0.37672523	0.016314996	0.07480747	11.0	2575.762996196747
103	86.878784	16.384245	100.0	48.4	283.24243	17.628206	11.912294	57.37133	-23.45176	1040000	-3.1044085e-09	75.12754	-0.009274466	-21.284592	0.37422952	0.015026264	0.06770677	14.0	2603.4698185920715
104	88.5375	14.947947	100.0	41.8	288.125	17.980783	11.378792	58.862785	-12.018828	1050000	-4.40826e-08	69.24842	-0.0062894337	-18.23089	0.37672317	0.015471213	0.04660466	6.0	2628.3182983398438
105	90.70909	12.305318	100.0	57.4	266.12122	19.255556	11.621802	58.656796	-10.087897	1060000	1.1796753e-08	62.40929	-0.007417368	-16.506088	0.3692027	0.016300809	0.09160916	10.0	2651.773382663727
106	91.181816	11.407639	100.0	65.2	280.33334	18.848726	11.574561	57.166897	-14.964083	1070000	-3.663202e-08	60.859024	-0.007914729	-14.847617	0.36687303	0.016336368	0.07490749	10.0	2676.926639318466
107	86.63636	20.92164	100.0	-10.0	280.9697	19.086792	10.837297	55.83006	-16.382298	1080000	6.208817e-09	114.19218	-0.010725069	-36.353504	0.36609784	0.015669705	0.07260726	16.0	2702.234776735306
108	86.762505	18.11011	100.0	33.4	295.75	17.993034	12.208653	52.38207	-26.243162	1090000	1.9712994e-08	84.43542	-0.00973213	-24.404764	0.3649833	0.01572031	0.06210621	10.0	2726.2511308193207
109	89.642426	11.687834	100.0	61.0	279.81818	18.408875	11.349514	58.122158	-18.184862	1100000	6.208817e-09	59.24614	-0.010155926	-12.393949	0.35749066	0.015557873	0.07370737	15.0	2751.548734664917
110	86.666664	18.600924	100.0	31.0	269.60605	19.071985	11.342731	60.387474	-16.394165	1110000	1.3659398e-08	71.89202	-0.012120202	-20.161554	0.3570392	0.015186273	0.08130813	21.0	2776.4515447616577
111	87.993935	17.877054	100.0	29.8	281.87878	17.17427	12.784973	57.131603	-20.972363	1120000	-2.8560558e-08	68.90032	-0.0056611965	-16.913794	0.35248604	0.015156466	0.0470047	5.0	2800.551388025284
112	89.951515	12.440698	100.0	56.2	271.24243	18.622719	11.7631	51.624878	-13.683024	1130000	4.967054e-09	58.544353	-0.012391376	-13.697495	0.36063346	0.015041646	0.08150815	18.0	2824.0161130428314
113	87.64375	15.830882	100.0	49.0	281.40625	19.66913	11.95959	58.010925	-13.386598	1140000	1.2417635e-09	62.511913	-0.010681209	-17.93608	0.36777616	0.015212316	0.09340934	13.0	2847.566036462784
114	91.1394	11.310546	100.0	64.0	264.60605	18.075697	11.877136	56.652344	-10.401955	1150000	-7.761021e-09	61.03841	-0.007918219	-16.264723	0.34373474	0.015333739	0.0721072	9.0	2871.399373292923
115	92.721214	9.741625	100.0	59.2	272.63635	19.380688	11.4929695	58.182404	-5.6468496	1160000	1.8839879e-08	57.58134	-0.009028091	-11.473115	0.32526255	0.015160159	0.07280728	16.0	2896.5012757778168
116	89.27879	15.039902	100.0	40.0	268.0303	19.495422	11.421867	57.876938	-10.836446	1170000	2.483527e-09	62.565475	-0.00919589	-14.038671	0.3328039	0.015792092	0.07320732	12.0	2921.3826212882996
117	88.69697	12.469319	100.0	54.4	271.0909	19.497929	11.801891	53.455948	-10.819141	1180000	2.7318796e-08	60.81436	-0.0052436646	-12.518018	0.336638	0.016213799	0.050005004	6.0	2946.730705499649
118	88.606064	13.310236	100.0	58.6	270.30304	18.174595	11.761187	55.05115	-15.0594425	1190000	2.3593506e-08	56.41003	-0.008414506	-12.915217	0.3228668	0.015042958	0.05860586	12.0	2971.824513912201
119	88.44243	14.598776	100.0	48.0	277.30304	19.165895	11.602574	55.86197	-11.975455	1200000	-2.2351742e-08	81.70205	-0.0067000003	-18.81798	0.33510885	0.01696079	0.062306236	6.0	2995.9655599594116
120	87.40001	15.3604765	100.0	48.0	269.63635	18.748053	10.863745	51.120037	-5.985492	1210000	3.7252903e-09	73.5642	-0.009301734	-14.08373	0.32818902	0.01600577	0.07880788	11.0	3019.8999919891357
121	90.11515	13.623334	100.0	46.0	264.0606	19.346224	11.260711	52.824192	-8.542485	1220000	-9.313226e-09	61.82069	-0.008577613	-13.899964	0.33946833	0.015184625	0.06970697	12.0	3043.4356162548065
122	88.509094	13.378055	100.0	53.2	275.0909	18.761345	11.6012335	51.38319	-9.826078	1230000	7.450581e-09	65.17024	-0.012310311	-13.056205	0.341476	0.01524993	0.07310731	22.0	3068.5171372890472
123	89.35152	14.065305	100.0	38.8	283.81818	18.60463	11.557949	55.03282	-15.0164175	1240000	2.0489097e-08	63.456905	-0.00804444	-12.163978	0.35182217	0.01594509	0.06360636	11.0	3091.797378540039
124	85.72121	16.193598	100.0	42.0	272.0606	18.577137	11.500343	54.67049	-11.123744	1250000	-2.173086e-08	83.631805	-0.006965187	-21.500204	0.33623037	0.015358324	0.06530654	8.0	3116.994908809662
125	85.454544	18.084534	100.0	26.0	273.9697	17.332531	11.630475	51.064754	-15.049112	1260000	4.967054e-09	80.24	-0.007314556	-18.814543	0.33854648	0.015315692	0.075307526	10.0	3140.8902447223663
126	92.53333	9.743457	100.0	61.6	263.27274	19.197714	11.607715	51.8059	-7.3511386	1270000	-2.4883775e-09	59.912342	-0.011305061	-16.510492	0.33282882	0.015072972	0.07460746	19.0	3164.5472071170807
127	88.59999	12.847449	100.0	60.4	273.9394	19.89895	11.40562	56.119255	-10.004408	1280000	4.2219956e-08	60.6415	-0.012604597	-12.786565	0.35038576	0.015587397	0.07830784	23.0	3189.675112962723
128	88.02425	15.23479	100.0	48.4	275.48486	19.081749	11.065582	54.033455	-19.646898	1290000	-2.9802322e-08	61.554153	-0.007993936	-16.83748	0.3387456	0.015666934	0.06430643	11.0	3215.1200425624847
129	89.624245	12.367871	100.0	64.6	268.21213	18.396006	12.18922	49.199345	-5.0164065	1300000	3.7252903e-09	55.97472	-0.0079216	-11.484481	0.33867422	0.015318449	0.07750776	11.0	3240.792207956314
130	89.454544	10.87753	100.0	64.0	275.24243	18.606285	12.11951	53.182907	-11.829799	1310000	4.346172e-08	68.66528	-0.0063461033	-19.599781	0.33808896	0.016295793	0.062406242	8.0	3264.434352874756
131	89.82425	12.973704	100.0	58.0	271.81818	18.613714	11.327537	51.550663	-12.471151	1320000	-1.14087015e-08	59.008343	-0.010428835	-10.622207	0.3557454	0.015240066	0.085608564	15.0	3287.986954689026
132	88.59394	14.374344	100.0	51.4	277.33334	19.58955	11.446616	54.577187	-8.219793	1330000	2.483527e-09	58.173233	-0.008998656	-11.492695	0.35975468	0.015593662	0.07640764	10.0	3312.1226575374603
133	88.624245	12.853935	100.0	62.2	273.75757	18.356504	11.942697	53.888496	-16.620731	1340000	4.967054e-09	66.11945	-0.009610863	-12.07209	0.35846308	0.015342603	0.078607865	15.0	3337.417469024658
134	87.509094	17.389381	100.0	29.2	275.33334	18.306225	11.478229	54.530483	-9.269203	1350000	8.568168e-08	63.51187	-0.006279256	-13.2975	0.3463954	0.017986506	0.04840484	6.0	3360.572337627411
135	87.65455	16.471336	100.0	34.0	280.48486	17.622265	12.5481	54.028393	-14.112764	1360000	-1.2417634e-08	57.542328	-0.0071072937	-12.413386	0.34448132	0.015400496	0.08700869	10.0	3384.398714542389
136	87.34545	16.427197	100.0	20.2	266.12122	18.192427	11.467061	54.03916	-7.0588093	1370000	2.3593506e-08	63.550465	-0.0068290196	-13.63591	0.34913707	0.017023457	0.063106306	8.0	3409.237850666046
137	90.49696	11.115713	100.0	56.2	265.39395	19.277733	11.882261	53.190567	-6.931162	1380000	-1.800557e-08	57.965637	-0.010472789	-14.038177	0.35558018	0.015058634	0.06950695	19.0	3433.2491207122803
138	85.00606	17.449877	100.0	36.0	280.72726	18.453753	11.726554	53.730896	-13.18797	1390000	-3.228585e-08	84.08876	-0.008711641	-17.378073	0.371107	0.015382253	0.064906485	13.0	3459.143758535385
139	83.712494	16.531708	100.0	51.4	287.15625	17.721941	11.233768	53.54488	-7.577074	1400000	-1.2417634e-08	76.21256	-0.006929504	-14.875051	0.34780812	0.015070369	0.06440645	10.0	3482.6123130321503
140	82.454544	22.564562	100.0	18.0	279.63635	17.080029	11.329987	48.771027	-14.343361	1410000	1.8626451e-08	83.54713	-0.0061563402	-22.486963	0.35620332	0.015378774	0.05630563	7.0	3508.382321834564
141	89.72121	14.037174	100.0	46.6	268.54544	17.112768	11.763768	50.882732	-12.670938	1420000	1.21071935e-08	69.195915	-0.014512557	-19.634144	0.35370195	0.015199487	0.090909086	38.0	3534.0025923252106
142	83.836365	21.497086	100.0	8.8	288.75757	17.964333	12.382094	53.27908	-14.619295	1430000	9.313226e-09	86.87504	-0.011399969	-17.246374	0.34663796	0.015419096	0.090009004	17.0	3559.394508600235
143	87.206055	15.797466	100.0	40.6	288.9697	16.987272	11.788199	50.616096	-15.237673	1440000	5.5879354e-09	62.791656	-0.008210301	-14.571091	0.3495675	0.015070486	0.066706665	11.0	3584.482137441635
144	86.11875	17.112558	100.0	47.2	272.71875	18.23639	11.335906	52.24981	-10.966639	1450000	-4.967054e-09	83.26029	-0.010061788	-16.406462	0.36056086	0.0152131235	0.07460746	17.0	3609.1348073482513
145	88.26061	15.044296	100.0	37.0	266.42426	17.288523	11.627792	52.010998	-12.622738	1460000	5.8362883e-08	62.46861	-0.008781836	-14.12109	0.34307435	0.016060533	0.07190719	16.0	3634.1733663082123
146	87.52121	14.301087	100.0	50.8	278.9697	18.060444	12.330232	52.230946	-13.143166	1470000	8.071463e-09	60.926697	-0.007065393	-10.152908	0.36154616	0.015505456	0.09130913	8.0	3659.046555042267
147	85.91516	18.647482	100.0	38.8	281.15152	17.441599	11.499269	53.682144	-12.116187	1480000	-4.1599076e-08	63.691467	-0.010943077	-13.589768	0.35816613	0.015477337	0.0750075	16.0	3683.3171803951263
148	87.84375	14.756756	100.0	49.6	280.90625	18.53297	11.770272	51.31029	-14.91891	1490000	5.8362883e-08	62.17412	-0.008909375	-10.704127	0.3675808	0.015429945	0.0940094	9.0	3707.0346579551697
149	86.12727	16.088228	100.0	38.0	291.15152	17.532646	11.879818	52.616154	-14.218969	1500000	2.6697913e-08	67.86411	-0.008114663	-12.57085	0.35538992	0.0150243	0.08210821	10.0	3734.174817800522
150	89.57576	12.796378	100.0	52.0	275.87878	18.169922	11.396409	50.142395	-7.4071236	1510000	2.3127845e-08	56.803005	-0.011807065	-11.60694	0.346107	0.015645765	0.08160817	20.0	3758.5628654956818
151	84.933334	22.84237	100.0	-10.0	283.0	18.527554	11.257719	52.372173	-11.393989	1520000	9.934108e-09	94.76882	-0.008265485	-23.982676	0.3613976	0.016280688	0.061406147	10.0	3782.932634830475
152	80.04242	32.613277	100.0	-40.0	286.21213	17.049839	11.813201	47.812035	-17.311604	1530000	-5.5879354e-09	139.90224	-0.008631948	-33.888165	0.36490905	0.015340661	0.06680668	12.0	3810.1306495666504
153	87.8303	17.167067	100.0	27.4	286.36365	16.089363	11.492651	46.668434	-24.410173	1540000	-9.934108e-09	77.71868	-0.008361779	-26.077856	0.359079	0.015464348	0.06920692	9.0	3834.552243709564
154	82.92121	24.982124	100.0	-20.0	272.33334	18.304806	11.88637	51.67843	-24.259638	1550000	-2.483527e-09	114.30523	-0.007881076	-23.29664	0.36146215	0.015780626	0.07910791	9.0	3859.4868953227997
155	87.962494	15.747812	100.0	34.6	286.6875	17.246416	12.02031	50.325325	-17.77544	1560000	-4.9670536e-08	72.50845	-0.0064821714	-21.898142	0.36474475	0.018197048	0.06440645	8.0	3883.34427857399
156	86.969696	19.226818	100.0	14.2	281.84848	17.99235	12.303015	51.536343	-19.947515	1570000	4.967054e-09	73.79502	-0.010447569	-14.42514	0.3636748	0.015117608	0.0861086	16.0	3908.668496608734
157	77.8125	28.77516	100.0	-10.0	290.3125	18.05797	12.022234	51.50525	-24.379925	1580000	4.2219956e-08	138.71312	-0.005925464	-43.420242	0.37733352	0.017704988	0.04670467	6.0	3934.522157430649
158	87.3125	15.86773	100.0	46.0	280.1875	16.706947	11.285136	49.558773	-26.147655	1590000	1.2417635e-09	78.34761	-0.0067407377	-22.282896	0.356562	0.015980976	0.05740574	7.0	3956.645319223404
159	86.5394	15.327969	100.0	46.0	275.0909	17.97605	11.429682	51.099537	-23.338419	1600000	-2.5087502e-08	70.80361	0.012082979	-13.449238	0.36637858	0.030740812	0.06280628	4.0	3983.2123482227325
160	88.951515	14.371101	100.0	40.0	276.9394	17.962257	11.121244	52.917202	-21.743654	1610000	2.483527e-09	64.4604	0.006438799	-16.73559	0.37748864	0.024806902	0.04340434	1.0	4007.6171309947968
161	88.68485	14.360302	100.0	59.2	275.84848	18.05076	11.701896	56.73948	-18.96848	1620000	2.2662183e-08	70.67802	0.037159916	-16.083025	0.3729007	0.043884914	0.063906394	2.0	4030.9668588638306
162	83.59375	25.113914	100.0	12.0	283.15625	18.523176	11.925621	54.16117	-13.806997	1630000	0.0	104.411736	0.005582047	-26.312418	0.38208756	0.03543682	0.047704767	2.0	4056.8377311229706
163	87.64848	16.268879	100.0	38.8	288.21213	16.737173	11.927682	55.928093	-19.268091	1640000	1.8626451e-08	72.219025	0.0077690124	-14.417064	0.37962785	0.039141256	0.03570357	2.0	4081.757137775421
164	85.30303	18.792141	100.0	26.0	282.9697	17.208029	12.314078	56.44773	-20.41711	1650000	-1.2417634e-08	73.82072	0.0018514761	-15.381614	0.37416282	0.03499734	0.033803377	2.0	4105.491204738617
165	80.07879	33.82296	100.0	-80.0	268.75757	17.071991	12.805746	53.810707	-22.03059	1660000	-2.2351742e-08	128.9797	0.0021940582	-31.771149	0.36337686	0.027100533	0.04340434	2.0	4130.019423007965
166	72.94194	38.241985	100.0	-40.0	300.2903	17.29373	12.60637	52.38122	-23.347397	1670000	-1.2417634e-08	177.7158	-0.0003074694	-51.31721	0.40054694	0.022385249	0.0430043	2.0	4154.885161399841
167	85.64849	15.127582	100.0	42.0	280.27274	14.136797	12.678379	49.0732	-30.75762	1680000	-6.208817e-09	91.53076	0.0019308664	-31.558302	0.39047477	0.021784976	0.05280528	3.0	4179.989038228989
168	81.0125	22.900488	100.0	-10.0	297.875	16.292921	12.375119	52.319225	-26.375345	1690000	-1.1175871e-08	88.61658	-0.0014935681	-14.978147	0.389282	0.015998743	0.03650365	4.0	4205.996379852295
169	80.8606	27.61688	100.0	-30.0	281.9697	15.267431	12.21902	47.037457	-23.46251	1700000	1.7384687e-08	102.81858	-0.004605912	-15.4306135	0.390017	0.016898593	0.05470547	6.0	4231.621736288071
170	81.642426	25.18926	100.0	-10.0	282.30304	16.021822	12.697425	52.915123	-25.929714	1710000	1.2417634e-08	107.7536	-0.0044143405	-15.365031	0.39026546	0.016210103	0.06960696	7.0	4256.676690578461
171	77.81333	31.38203	100.0	-30.0	300.53333	16.670256	12.857689	49.49095	-24.761238	1720000	-3.7252903e-09	104.42965	-0.010721798	-22.134447	0.39086285	0.015131378	0.0830083	13.0	4280.129805803299
172	77.90625	32.654324	100.0	-20.0	287.3125	15.111294	13.668747	47.4231	-33.482624	1730000	1.9868216e-08	128.40863	-0.010906745	-26.374704	0.39003277	0.015419028	0.07470747	18.0	4306.218239784241
173	81.67273	27.15392	100.0	-30.0	296.84848	15.226882	14.285621	48.13696	-38.300762	1740000	1.8626451e-08	125.230064	-0.008352221	-29.947906	0.38680395	0.015364335	0.064606465	11.0	4331.498924970627
174	79.99375	25.671797	100.0	-20.0	295.96875	16.450113	12.273447	50.88951	-34.658325	1750000	9.623666e-09	91.24633	-0.007096796	-14.440228	0.37905678	0.015602544	0.06880689	11.0	4355.974538087845
175	75.258064	31.206045	100.0	-10.0	295.51614	16.162525	12.999416	50.10031	-34.203613	1760000	9.313226e-09	124.4385	-0.005595431	-24.846273	0.39796457	0.015853858	0.05150515	5.0	4380.855853557587
176	81.90323	20.794594	100.0	34.0	303.48386	15.6178875	12.929953	47.88905	-38.221863	1770000	-4.967054e-09	98.32049	-0.0113475965	-23.577583	0.39189067	0.015539548	0.08420842	18.0	4405.096991300583
177	83.57576	18.595585	100.0	16.0	286.57574	15.644956	12.000464	47.866276	-29.006979	1780000	2.561137e-08	81.8525	-0.005721534	-16.253326	0.37831238	0.015576654	0.04910491	7.0	4430.269675254822
178	81.48125	24.308891	100.0	-10.0	298.34375	16.820623	12.438505	51.8225	-36.94161	1790000	4.967054e-09	95.924805	-0.0069032325	-18.92427	0.37808338	0.01501963	0.07590759	8.0	4455.782700538635
179	79.175	26.103004	100.0	-20.0	303.9375	15.95893	11.765489	45.292164	-36.944344	1800000	-2.7318796e-08	90.25761	-0.0053968416	-15.212348	0.36218405	0.016422112	0.05860586	8.0	4481.478643894196
180	85.44375	16.216639	100.0	36.4	288.25	15.866024	12.279249	48.962452	-30.925985	1810000	3.4769375e-08	79.72772	-0.012844808	-13.285012	0.35548222	0.015031111	0.07420742	29.0	4506.681852817535
181	80.86667	26.09673	100.0	-20.0	277.21213	17.456234	11.645168	49.921417	-22.718008	1820000	-1.2417634e-08	104.21091	-0.009691935	-16.349215	0.36623204	0.015220553	0.07560756	17.0	4531.135333061218
182	80.23636	26.124012	100.0	0.0	294.9394	16.176458	12.230527	52.49469	-38.60198	1830000	6.208817e-09	108.27966	-0.011130668	-22.496712	0.3682929	0.015138817	0.08530853	20.0	4556.577225923538
183	81.9125	22.448717	100.0	-10.0	296.15625	15.989098	13.072348	51.12872	-38.894955	1840000	3.1354528e-08	103.003136	-0.011819381	-19.545683	0.35238183	0.015483096	0.08420843	21.0	4583.050375461578
184	80.431244	28.520216	100.0	-20.0	292.59375	16.86471	11.656818	47.51433	-40.12885	1850000	1.9868216e-08	111.1348	-0.0051438957	-28.52723	0.37082657	0.015992224	0.04030403	6.0	4609.277000904083
185	80.1625	28.921852	100.0	-20.0	296.75	15.847033	13.384514	53.622276	-42.59647	1860000	1.8626451e-08	109.24671	-0.0099630905	-14.815063	0.36640453	0.015157171	0.072507255	20.0	4635.625151157379
186	87.333336	13.993823	100.0	49.0	281.87878	16.671854	11.71697	49.042053	-16.642164	1870000	-9.623666e-09	93.34424	-0.009930763	-30.547052	0.38526297	0.015289751	0.06370637	17.0	4659.875073671341
187	83.1125	19.615486	100.0	18.0	294.90625	18.171425	11.00213	52.836227	-33.131813	1880000	4.967054e-09	95.10203	-0.007504251	-17.16437	0.37745455	0.015397019	0.07020702	8.0	4684.5164387226105
188	80.893745	24.926039	100.0	-10.0	298.1875	16.850914	11.313198	51.98323	-33.184334	1890000	-5.2774944e-09	115.33543	-0.010881142	-28.634989	0.3751335	0.01516161	0.08250826	21.0	4710.161549091339
189	82.757576	25.090755	100.0	-10.0	286.66666	15.952007	12.414259	49.409122	-39.308075	1900000	4.0978193e-08	120.60428	-0.009371833	-25.958178	0.37420943	0.015402409	0.07280728	12.0	4736.82315325737
190	83.200005	27.121054	100.0	-40.0	270.69696	17.015005	12.317201	58.989594	-38.008404	1910000	1.9868216e-08	105.27087	-0.009881181	-16.337612	0.36969766	0.015936507	0.06360636	16.0	4760.824507951736
191	89.025	14.270139	100.0	43.0	272.6875	17.447115	12.261054	50.60727	-34.305626	1920000	1.7384687e-08	92.22485	-0.0116486205	-15.225568	0.37048256	0.015098196	0.076907694	26.0	4785.122750282288
192	82.064514	20.658726	100.0	26.0	289.7742	18.226524	13.3940115	56.058193	-38.977665	1930000	-3.7563343e-08	90.32288	-0.009265811	-22.013779	0.36306205	0.015395537	0.07950795	11.0	4807.812220811844
193	90.23125	11.542435	100.0	56.8	288.78125	16.941444	12.132915	54.34767	-37.3026	1940000	2.1109978e-08	81.52642	-0.010004749	-24.020773	0.37312177	0.015239824	0.0650065	15.0	4833.148714542389
194	85.418175	21.749336	100.0	-10.0	283.72726	17.747076	11.70803	55.600597	-35.345634	1950000	-1.2417634e-08	79.60967	-0.012145921	-14.002913	0.3563203	0.015080734	0.0810081	27.0	4859.3989017009735
195	85.260605	14.848363	100.0	57.4	284.15152	17.169664	11.846344	55.72544	-25.979115	1960000	-2.6077032e-08	80.68345	-0.010313039	-17.845396	0.3575152	0.015164331	0.07650765	18.0	4885.118672370911
196	82.6303	23.459217	100.0	-10.0	280.9697	17.063057	11.966446	55.61214	-36.285515	1970000	-2.483527e-09	105.74383	-0.0050936933	-24.581934	0.3536524	0.015522073	0.04060406	6.0	4907.832868099213
197	87.23636	18.197334	100.0	29.8	277.69696	17.229795	11.437341	52.868008	-21.750082	1980000	3.4769375e-08	69.8397	-0.012520172	-16.04455	0.35852948	0.015103827	0.09360936	17.0	4933.453190326691
198	85.11515	17.998251	100.0	24.0	285.54544	17.566242	12.0078125	53.48316	-24.914371	1990000	-6.2088173e-10	83.34429	-0.009274504	-18.745146	0.36767712	0.015541048	0.07460746	14.0	4959.040730237961
199	85.242424	18.789795	100.0	22.0	281.21213	17.799965	11.698167	52.33246	-28.59371	2000000	-1.7384687e-08	72.22643	-0.0074261664	-14.724277	0.36075106	0.015213415	0.06780678	11.0	4983.775419950485
200	86.05455	16.061794	100.0	20.0	285.75757	17.593767	12.869614	54.91902	-38.13889	2010000	9.313226e-09	88.103615	-0.008726767	-18.78585	0.36450037	0.016828636	0.09720972	8.0	5010.897823810577
201	83.619354	19.427507	100.0	12.0	290.87097	18.924782	11.65408	53.00565	-21.960728	2020000	2.2351742e-08	91.78888	-0.005299077	-23.938444	0.3717154	0.01687003	0.049304932	7.0	5034.924389839172
202	88.10909	16.16409	100.0	42.4	280.36365	16.748169	10.962252	53.82741	-21.759216	2030000	-1.5522043e-09	90.253685	-0.012145691	-31.946936	0.3672502	0.015074807	0.09120911	19.0	5059.723151445389
203	88.19395	15.954441	100.0	40.6	281.75757	18.367363	11.239611	57.37203	-13.223473	2040000	-4.4703484e-08	69.3484	-0.0067676906	-15.165835	0.35565957	0.016813183	0.050605062	8.0	5085.11080288887
204	88.53333	13.226847	100.0	47.2	284.9697	18.891756	11.021231	57.555016	-11.287106	2050000	-1.1796753e-08	59.50706	-0.008338698	-10.530667	0.3624587	0.016517093	0.07410741	10.0	5109.873157501221
205	88.44243	13.718358	100.0	50.8	293.21213	18.851894	10.514102	57.017475	-11.7846575	2060000	-8.692344e-09	65.369606	-0.009328662	-12.558529	0.38064146	0.015983028	0.07730773	12.0	5134.588549375534
206	87.05455	14.884467	100.0	40.6	268.0303	18.500093	10.938105	55.896473	-9.701138	2070000	-4.5634806e-08	62.077576	-0.006355429	-12.526732	0.3689755	0.015487488	0.059405938	7.0	5159.004074335098
207	87.09697	13.226248	100.0	59.8	289.60605	17.340216	11.26027	53.57422	-14.723142	2080000	7.450581e-09	65.986885	-0.008164196	-17.48591	0.36640206	0.016090756	0.08130813	12.0	5184.418299198151
208	90.61818	11.999936	100.0	62.8	275.48486	18.816017	10.492987	46.84739	-11.655594	2090000	4.9670536e-08	66.45062	-0.007842243	-17.40375	0.3676138	0.016699543	0.07830783	8.0	5208.943160057068
209	89.10303	12.697708	100.0	58.6	283.51514	18.841963	11.396139	60.32033	-4.900774	2100000	-1.7384687e-08	53.161343	-0.006409407	-12.160546	0.3704854	0.017368061	0.04670467	7.0	5232.598348140717
210	89.6303	13.699291	100.0	51.4	284.33334	18.199898	11.221758	58.389534	-10.354272	2110000	-1.2417635e-09	61.599293	-0.007046933	-11.990512	0.37795803	0.016312642	0.0670067	10.0	5258.375556707382
211	86.993935	15.150996	100.0	51.4	281.57574	18.419872	11.669674	54.723366	-14.151186	2120000	2.483527e-09	68.56195	-0.0069356025	-11.432767	0.37430546	0.0152980825	0.07370737	7.0	5282.518736600876
212	84.4	21.988703	100.0	-10.0	286.60605	17.640574	11.431834	50.195232	-19.693556	2130000	4.967054e-09	91.70098	-0.009235153	-21.646387	0.36616746	0.015126486	0.0590059	12.0	5308.8548130989075
213	87.35152	15.61763	100.0	52.0	283.27274	17.522787	11.302021	51.608845	-9.251422	2140000	1.2417634e-08	62.940018	-0.009044145	-14.499032	0.36234045	0.015144002	0.07890789	12.0	5333.386244773865
214	84.15151	18.20583	100.0	14.0	288.30304	17.92392	11.628695	55.26528	-19.301407	2150000	-6.7055225e-08	87.23214	-0.006744092	-24.816538	0.37416482	0.016049685	0.07550755	7.0	5359.152236700058
215	87.35757	14.521854	100.0	53.8	276.57574	17.097336	10.608033	53.771816	-14.986199	2160000	1.9247333e-08	69.19456	-0.008865674	-20.191637	0.35751823	0.01517835	0.06220622	10.0	5383.710617542267
216	85.45	17.379297	100.0	36.4	284.40625	19.308119	11.580062	52.659996	-32.208202	2170000	-4.967054e-09	72.69038	-0.0044595716	-16.919176	0.37205634	0.015682204	0.05720572	5.0	5408.798321485519
217	87.61212	14.846685	100.0	41.2	273.36365	17.420538	11.296407	52.71614	-13.208601	2180000	-4.718701e-08	68.25789	-0.004560659	-16.423637	0.35884094	0.016178248	0.0490049	5.0	5432.493152856827
218	87.87272	13.843964	100.0	53.2	276.78787	18.107187	11.635805	52.306995	-15.934803	2190000	1.0554989e-08	63.089527	-0.007102484	-10.881973	0.3556894	0.015224765	0.06850685	10.0	5455.5224323272705
219	86.07879	18.920115	100.0	40.6	283.0606	18.26239	11.328915	52.969574	-13.779686	2200000	8.692344e-09	72.31356	-0.006153083	-15.252748	0.36318088	0.016087411	0.055105507	7.0	5480.423508882523
220	88.76363	15.249001	100.0	34.6	274.12122	17.290974	11.953646	56.84788	-7.232032	2210000	1.8626451e-08	59.630066	-0.0059437617	-11.663983	0.34793413	0.016354568	0.06480648	7.0	5505.013892412186
221	87.28484	18.351652	100.0	26.8	269.48486	18.349161	12.090158	57.44824	-21.531988	2220000	8.692344e-09	79.70697	-0.009312884	-12.125973	0.34677973	0.015463018	0.08210821	13.0	5528.992754459381
222	85.21212	15.226606	100.0	46.6	288.69696	18.036102	11.425953	54.801785	-10.973655	2230000	0.0	63.987957	-0.00617451	-11.688232	0.3533301	0.016815586	0.06260625	8.0	5553.958984375
223	87.10909	18.748226	100.0	4.0	274.0	18.087591	11.5039215	52.154705	-18.79059	2240000	0.0	82.65197	-0.008287647	-19.029009	0.34793153	0.01576592	0.07090709	12.0	5579.925426006317
224	87.58125	14.196511	100.0	59.2	271.28125	18.573292	11.451694	54.39953	-13.179574	2250000	2.7318796e-08	67.0091	-0.008147131	-13.763931	0.3354187	0.015312557	0.075007506	11.0	5602.968998432159
225	90.44243	12.618771	100.0	61.0	275.54544	18.532593	11.307492	56.156216	-11.484585	2260000	3.1044085e-09	57.39706	-0.009813363	-13.306556	0.3505626	0.015277632	0.06790679	14.0	5626.783468961716
226	87.59394	14.657421	100.0	59.8	286.12122	18.07252	11.467434	53.77137	-15.40465	2270000	-5.5879354e-08	62.135406	-0.005835075	-12.764115	0.34816864	0.016324349	0.0360036	6.0	5650.94143986702
227	86.86667	14.733319	100.0	47.8	283.15152	18.447998	11.439513	49.23919	-12.188345	2280000	-2.3593506e-08	61.052094	-0.0071636993	-14.391502	0.338583	0.015049514	0.06480648	9.0	5676.342668533325
228	87.757576	16.334143	100.0	40.0	278.24243	17.31942	11.685667	51.476505	-14.669326	2290000	-1.9868216e-08	69.81359	-0.008554232	-15.312977	0.36272278	0.015663026	0.07020702	13.0	5702.727675437927
229	88.539406	15.369193	100.0	34.6	270.60605	18.809362	11.000034	52.968914	-10.71608	2300000	-4.967054e-09	72.494576	-0.009338346	-14.714831	0.3532021	0.016293915	0.07070707	12.0	5725.468665838242
230	87.30909	13.836279	100.0	40.0	286.66666	18.743732	11.123494	57.204388	-10.007482	2310000	-1.9868216e-08	67.26626	-0.010980129	-13.980915	0.34714445	0.015170105	0.0710071	16.0	5752.106415748596
231	87.03636	15.79662	100.0	44.2	288.27274	17.274618	11.45999	57.001682	-10.630925	2320000	-4.346172e-09	74.7	-0.0111265555	-19.736902	0.34598684	0.015517796	0.08250826	18.0	5778.323997020721
232	84.50304	15.82113	100.0	44.2	294.42426	17.308674	11.372826	52.605038	-18.631445	2330000	-2.9181441e-08	62.33494	-0.010105393	-14.817496	0.34121558	0.015303084	0.05710571	19.0	5805.588633775711
233	82.67879	32.283627	100.0	-80.0	274.51514	17.360315	11.763573	52.28401	-11.419407	2340000	9.313226e-09	122.44283	-0.0065754857	-26.288061	0.34637466	0.015499172	0.057305735	10.0	5828.009981870651
234	84.333336	17.148737	100.0	49.6	292.27274	17.72209	10.46686	47.295578	-9.4967375	2350000	4.40826e-08	90.435036	-0.006044136	-26.990473	0.35540178	0.017650105	0.05630563	6.0	5853.722337007523
235	81.606064	31.98979	100.0	-80.0	270.57574	17.216536	11.360665	50.28473	-9.063823	2360000	1.1175871e-08	121.60256	-0.007767746	-24.66714	0.35121286	0.016272143	0.075307526	9.0	5878.860236883163
236	88.89091	11.785568	100.0	51.4	285.39395	17.297379	11.327667	50.22263	-11.3335285	2370000	4.9049657e-08	65.692406	-0.008709268	-16.55927	0.3550817	0.015669575	0.0670067	12.0	5904.456568241119
237	88.0	14.3684845	100.0	46.6	272.75757	18.172892	11.105756	49.48709	-9.079976	2380000	2.5456151e-08	69.573326	-0.0043476	-12.344708	0.34910786	0.01617249	0.047104713	4.0	5928.534027814865
238	85.26667	18.45326	100.0	25.0	281.63635	17.891914	11.419031	54.85867	-11.905489	2390000	1.1175871e-08	77.09487	-0.006122598	-17.198708	0.35558352	0.0163441	0.050505053	7.0	5954.598169088364
239	88.19375	14.266262	100.0	53.2	280.375	17.799213	11.868084	50.896122	-11.697443	2400000	1.9868216e-08	60.003723	-0.006990015	-11.728011	0.3445059	0.015738586	0.054905493	7.0	5979.882726430893
240	82.90909	32.118725	100.0	-80.0	278.78787	17.970892	11.42207	54.519173	-14.672707	2410000	1.3659398e-08	124.076485	-0.007383194	-26.559416	0.33454704	0.01573488	0.06360636	11.0	6004.547788143158
241	89.4125	12.505992	100.0	61.6	282.125	18.321255	11.308359	49.35692	-10.431138	2420000	0.0	74.66701	-0.00894422	-21.437464	0.3273311	0.015623148	0.07280728	15.0	6027.092205286026
242	87.163635	17.023724	100.0	31.0	286.66666	18.473375	11.070561	49.96516	-15.920946	2430000	1.2417634e-08	67.60663	-0.008626286	-15.090081	0.34573427	0.015056078	0.0690069	11.0	6051.5716717243195
243	88.97576	12.674648	100.0	58.0	281.63635	18.843126	10.829302	48.676414	-10.071267	2440000	0.0	67.56501	-0.009100203	-13.676995	0.3496965	0.015195091	0.070007004	16.0	6076.842171192169
244	87.00606	15.279259	100.0	31.0	272.33334	18.599312	10.915119	52.584026	-15.259941	2450000	-4.035731e-08	72.763405	-0.009435562	-16.604578	0.34419563	0.015380189	0.06710671	16.0	6101.494264602661
245	85.95757	13.432818	100.0	59.8	282.9394	18.121454	11.609776	61.92787	-14.560414	2460000	6.208817e-09	67.01389	-0.006366627	-12.419997	0.33147898	0.015828313	0.059705973	7.0	6126.779064178467
246	88.94545	11.911215	100.0	67.0	283.12122	18.0065	11.479236	56.671497	-14.801288	2470000	3.8494665e-08	62.277374	-0.008500771	-9.634887	0.3269038	0.015618893	0.059805978	15.0	6153.683371305466
247	87.85	13.623693	100.0	56.8	274.96875	18.895271	11.196227	55.8334	-13.63474	2480000	-2.8405339e-08	59.095947	-0.007772133	-9.768273	0.33105674	0.015607747	0.070707075	12.0	6177.63370013237
248	88.72121	10.943042	100.0	66.4	272.87878	18.72341	11.348103	55.668095	-13.879279	2490000	-2.2351742e-08	55.12559	-0.008246306	-9.95365	0.32212427	0.015281712	0.07470747	12.0	6201.033656358719
249	89.65455	11.90643	100.0	54.0	268.21213	18.832993	11.168582	55.638233	-5.417411	2500000	-9.934108e-09	64.242836	-0.008082879	-12.43398	0.32151788	0.01609189	0.082208216	12.0	6224.298189640045
