Epoch	AverageEpRet	StdEpRet	MaxEpRet	MinEpRet	EpLen	AverageVVals	StdVVals	MaxVVals	MinVVals	TotalEnvInteracts	LossPi	LossV	DeltaLossPi	DeltaLossV	Entropy	KL	ClipFrac	StopIter	Time
0	-6.1	26.375937	52.0	-40.0	728.2	-1.2957623	8.016336	26.359617	-44.88066	10000	-2.483527e-09	74.29148	-0.009997881	-20.856516	0.64820963	0.016488483	0.084708475	5.0	26.778797149658203
1	-13.555555	33.072685	36.0	-70.0	644.8889	-1.7151004	5.4279094	18.707972	-37.01531	20000	-6.208817e-09	85.207275	-0.008819149	-18.899992	0.66500115	0.01584773	0.0890089	10.0	51.43202257156372
2	-16.0	39.468693	48.0	-65.0	700.55554	-1.9159251	6.449099	23.298815	-49.93399	30000	2.483527e-09	102.51144	-0.0077909664	-25.255922	0.6466979	0.015067011	0.07060706	9.0	74.54564666748047
3	-7.1400003	34.4293	44.0	-60.0	739.1	-1.3839681	7.47825	29.442732	-46.01453	40000	-2.3903945e-08	98.85905	-0.018990995	-30.581627	0.6244698	0.015085396	0.12091208	57.0	100.0683422088623
4	-0.8888889	42.90673	76.0	-50.0	686.55554	-1.8432138	7.7970324	19.135378	-57.45518	50000	-4.967054e-09	77.00209	-0.009300078	-21.613806	0.6235106	0.015989995	0.08930894	7.0	123.64983701705933
5	-1.8888888	38.979893	56.0	-55.0	683.3333	-1.2256169	7.3086166	17.890337	-59.982033	60000	-4.967054e-09	78.23869	-0.0066249683	-13.756911	0.61926776	0.015690818	0.09110912	8.0	147.95309901237488
6	5.266667	56.10522	84.0	-75.0	699.6667	1.0624765	8.898788	32.69139	-67.33204	70000	2.2351742e-08	106.572205	-0.009655468	-30.310934	0.63467205	0.0150758	0.09160916	11.0	175.38993120193481
7	-4.036363	45.5133	75.8	-60.0	739.63635	-0.26817736	9.9826	30.062843	-52.783276	80000	-1.2417635e-09	86.96381	-0.011002918	-29.096304	0.63290364	0.015064302	0.10681068	16.0	197.22280287742615
8	-2.8923075	52.222164	67.6	-80.0	724.46155	0.6960284	9.162169	30.283298	-37.610924	90000	1.2417635e-09	102.750885	-0.0159812	-29.73873	0.601702	0.015346414	0.13141315	24.0	228.7597301006317
9	0.5	39.274036	60.0	-55.0	759.4	-0.7899648	8.192325	24.931126	-39.917526	100000	-6.2088173e-10	94.41569	-0.008247563	-28.01033	0.6229811	0.015021324	0.08390839	10.0	255.44502973556519
10	12.4800005	49.603165	76.0	-70.0	730.5	0.5648627	6.8350368	28.691063	-41.33537	110000	-2.483527e-09	83.290565	-0.00848816	-22.982027	0.6366995	0.015295476	0.11161116	12.0	277.8143925666809
11	-2.1846156	49.852856	83.2	-70.0	731.8461	1.5241712	8.357324	33.32585	-44.741848	120000	8.692344e-09	109.55359	-0.010874006	-29.513414	0.6287238	0.015756888	0.10611061	14.0	303.75725293159485
12	1.0200001	49.669743	56.0	-75.0	694.3	-0.94506615	8.313148	26.371271	-56.909252	130000	7.761021e-09	94.430786	-0.007913404	-29.128479	0.625923	0.015427777	0.09210921	9.0	327.2066345214844
13	3.22	40.057404	72.0	-65.0	734.5	0.6907964	7.50348	27.276789	-48.602505	140000	1.8626451e-09	94.66986	-0.009636341	-27.582682	0.60400176	0.015085355	0.09180918	12.0	349.90923380851746
14	-0.8	46.49043	80.0	-70.0	703.3	0.3545528	8.2674	30.64392	-53.653084	150000	8.692344e-09	93.48013	-0.011134219	-23.421356	0.60451555	0.015231657	0.09910991	16.0	375.2106935977936
15	-5.7	39.028324	68.0	-50.0	765.3	0.9850707	9.388728	36.906197	-60.7424	160000	4.967054e-09	90.40571	-0.0058714584	-29.089964	0.6164756	0.0158481	0.07740774	5.0	400.5810663700104
16	-8.0	34.542725	48.0	-45.0	710.8	-0.25065258	8.009959	25.916586	-67.347725	170000	3.1044085e-09	104.89312	-0.007648485	-34.99566	0.60280246	0.015213682	0.070007004	9.0	424.8011066913605
17	6.569231	49.169712	92.8	-70.0	761.7692	0.46131504	8.481408	31.818174	-42.819195	180000	-4.967054e-09	117.62643	-0.009352565	-29.179184	0.611531	0.015074037	0.08840885	11.0	453.9315450191498
18	11.0	44.929573	84.0	-55.0	662.8889	-0.69028413	6.95834	19.88775	-54.904396	190000	2.483527e-09	83.02509	-0.008018938	-16.459902	0.6049552	0.015758136	0.09310931	11.0	477.8345742225647
19	-8.444445	22.186638	23.0	-40.0	740.1111	0.7082326	7.4040766	17.345423	-53.91032	200000	7.2953603e-09	96.76501	-0.006959416	-33.398212	0.59846306	0.016500115	0.06460646	8.0	502.08303594589233
20	9.927273	58.662254	96.0	-80.0	767.63635	1.2339821	8.031387	30.539661	-52.681072	210000	2.483527e-09	127.017204	-0.01018028	-58.78445	0.5799446	0.015259256	0.10961095	14.0	528.3824162483215
21	-9.966667	49.03943	58.0	-75.0	719.1667	1.7714362	9.118414	32.809063	-44.835197	220000	0.0	109.7818	-0.01011929	-32.40079	0.58678705	0.015746444	0.10441045	12.0	552.9028391838074
22	-7.5	57.126377	76.0	-75.0	782.25	-0.62686324	8.810205	30.908403	-56.012234	230000	4.967054e-09	103.28125	-0.009403675	-40.13117	0.56456596	0.016702337	0.098809876	9.0	577.9737451076508
23	0.5555556	47.77054	76.0	-65.0	664.1111	-1.7676704	8.185576	20.431446	-49.320812	240000	9.934108e-09	77.59408	-0.00921342	-26.115793	0.576468	0.015908748	0.08730873	10.0	602.3658051490784
24	10.444445	47.26077	100.0	-45.0	662.0	-0.63669795	7.416236	19.477106	-47.14995	250000	0.0	78.42377	-0.01125099	-19.452108	0.59199995	0.01532648	0.10091009	16.0	625.3058166503906
25	-17.171429	48.478676	91.6	-85.0	633.5714	1.9306542	9.344017	33.508034	-45.346912	260000	0.0	178.78296	-0.013691686	-68.59333	0.5910866	0.015589136	0.108410835	20.0	655.4943833351135
26	-7.2714286	45.095303	71.2	-65.0	690.7857	-1.8797759	8.931437	36.821346	-51.71712	270000	-6.208817e-09	104.28434	-0.0091834	-24.53598	0.61152107	0.01547499	0.09380939	12.0	689.0735294818878
27	-3.630769	51.822227	76.0	-55.0	727.46155	-1.5395834	9.129757	30.381002	-45.266293	280000	-2.483527e-09	88.03622	-0.011134493	-22.046677	0.59165007	0.015112559	0.09520953	16.0	719.8336663246155
28	-15.766666	51.15889	70.0	-80.0	684.6667	-0.7695045	7.875949	24.033674	-51.58484	290000	-4.967054e-09	96.635284	-0.01045045	-31.264894	0.5800716	0.015389311	0.080708064	13.0	745.4920377731323
29	7.888889	46.959663	92.0	-50.0	670.6667	-3.5820353	8.080397	20.435492	-62.11965	300000	6.829699e-09	91.44941	-0.011606271	-35.540318	0.6017388	0.015117158	0.101510145	17.0	771.0123043060303
30	2.309091	55.909107	84.0	-75.0	683.0909	0.8169501	7.240206	29.288895	-44.31654	310000	-1.9868216e-08	96.44625	-0.006877271	-20.713182	0.5922696	0.0150404265	0.076107614	7.0	797.0962889194489
31	-2.6666667	50.030815	92.0	-75.0	791.9167	1.0423554	9.080291	35.873413	-59.9536	320000	-6.519258e-09	93.458305	-0.0085108895	-22.685862	0.57221687	0.016031185	0.09070907	11.0	821.0898923873901
32	-7.4	51.453773	92.0	-60.0	746.63635	0.7666072	8.936833	30.45082	-42.280796	330000	-3.1044085e-09	92.35764	-0.0077544227	-25.58808	0.5811345	0.015367166	0.087408744	9.0	845.0285897254944
33	-14.492308	48.645573	86.8	-70.0	726.9231	0.5299758	10.285473	30.743744	-52.391487	340000	7.450581e-09	121.409325	-0.012635584	-44.31009	0.5681412	0.015448031	0.08880889	17.0	872.2721922397614
34	2.8	42.03998	68.0	-50.0	736.3	-2.1837623	8.762935	31.185059	-63.90966	350000	-9.313226e-09	79.99114	-0.009710823	-31.777506	0.58278227	0.016424688	0.106410645	11.0	896.7493178844452
35	-4.927273	50.08155	60.0	-70.0	789.2727	0.91058797	8.095098	29.689583	-43.15811	360000	1.3038516e-08	97.243614	-0.0067512975	-27.337585	0.5477338	0.01599531	0.08360836	11.0	920.4114634990692
36	-8.66	37.99737	48.0	-75.0	723.9	-0.7192321	7.9004273	28.235006	-49.33061	370000	-9.934108e-09	118.64749	-0.0093174055	-25.707327	0.58289146	0.01525731	0.09190919	13.0	944.6865994930267
37	-8.0199995	41.041973	64.0	-80.0	723.1	-0.9232991	7.835292	27.966711	-58.986835	380000	-1.2417634e-08	104.99652	-0.00936981	-22.408972	0.57502496	0.015932254	0.08220822	13.0	967.2498033046722
38	-12.842857	52.721924	77.2	-75.0	642.2857	1.0573243	9.066843	31.802729	-54.731438	390000	-9.934108e-09	135.45636	-0.009601428	-44.80309	0.57675344	0.016059482	0.088208824	8.0	996.5933814048767
39	-1.2222222	44.87954	56.0	-75.0	672.1111	-3.1973555	7.168828	18.323164	-57.638844	400000	-1.4901161e-08	105.49845	-0.00813353	-38.478592	0.5819118	0.015175175	0.10751075	11.0	1021.487651348114
40	0.58181834	47.054356	80.0	-60.0	776.5455	0.7466856	8.330726	27.32419	-59.931248	410000	-2.483527e-09	99.130745	-0.008689106	-27.219315	0.58381355	0.015024352	0.084708475	12.0	1045.7332990169525
41	-1.7599999	40.544277	76.0	-55.0	731.6	-0.32644135	8.004544	29.182735	-57.1831	420000	2.7318796e-08	89.307304	-0.008344603	-20.719454	0.5726334	0.015614246	0.0929093	12.0	1070.3501262664795
42	13.563636	53.59897	96.0	-70.0	640.7273	0.69349617	8.241377	34.03756	-49.053364	430000	9.934108e-09	96.579834	-0.009262402	-24.11973	0.5829065	0.015200854	0.086608656	13.0	1093.9031674861908
43	9.555555	44.64206	68.0	-46.0	689.7778	0.6653562	7.2369924	18.312147	-51.95332	440000	-1.3659398e-08	82.96174	-0.012559789	-21.20265	0.56141955	0.015203424	0.11151115	23.0	1118.5773413181305
44	11.888889	44.608032	80.0	-55.0	666.7778	1.0258311	6.917124	21.596601	-56.14543	450000	-4.967054e-09	72.10534	-0.0107999975	-14.612578	0.5737031	0.01503176	0.10161016	17.0	1143.232959985733
45	11.555555	49.900146	92.0	-50.0	659.8889	1.0162781	7.385637	18.36678	-50.593327	460000	-1.2417635e-09	80.02337	-0.008757513	-21.569372	0.56660426	0.015018046	0.082308225	15.0	1165.0255215168
46	4.888889	47.766666	92.0	-55.0	668.7778	0.95881206	6.7745533	18.157167	-51.78686	470000	9.934108e-09	98.34687	-0.007585628	-37.439213	0.5606429	0.015164535	0.097009696	10.0	1190.0211436748505
47	3.36	53.530987	72.0	-80.0	696.4	1.8643898	8.002194	30.051636	-72.06496	480000	-1.9868216e-08	129.06038	-0.0085871145	-28.22418	0.5626854	0.015100203	0.09090909	16.0	1212.8793313503265
48	1.9599998	43.34944	56.0	-75.0	761.0	1.0690142	7.8150835	33.29249	-61.408264	490000	-6.208817e-09	89.31437	-0.0071904524	-15.480203	0.57648355	0.015516457	0.094209425	10.0	1238.7247488498688
49	-5.2599998	46.070473	63.4	-70.0	733.9	0.53843844	8.1079445	27.285477	-66.60149	500000	-5.529728e-09	108.223114	-0.009009455	-18.740953	0.56775886	0.015240298	0.0880088	16.0	1264.0162358283997
50	-1.28	36.18101	64.0	-55.0	739.5	-0.27055413	6.6767144	30.440884	-60.77174	510000	7.450581e-09	117.72861	-0.007769386	-32.312702	0.5635802	0.015632564	0.090209015	12.0	1286.654179096222
51	-6.4444447	51.781834	68.0	-85.0	641.55554	-0.75550205	6.7663445	17.513853	-56.66918	520000	2.483527e-09	105.579506	-0.010952047	-27.322525	0.58133554	0.015584081	0.121412136	18.0	1311.1092174053192
52	-4.5636363	51.564034	68.8	-75.0	660.2727	0.5799159	7.5488157	30.75299	-66.15182	530000	9.934108e-09	107.87509	-0.008124574	-26.455095	0.568311	0.015679592	0.11241124	14.0	1342.6403782367706
53	6.4444447	46.250793	76.0	-60.0	662.44446	-2.0904121	8.058519	19.238821	-64.43701	540000	1.5832484e-08	102.718315	-0.007999898	-26.845474	0.5752139	0.015024937	0.086508654	14.0	1364.847840309143
54	11.222222	43.672462	88.0	-45.0	684.2222	-0.35779437	7.9951177	22.195307	-75.54986	550000	-1.0554989e-08	76.2735	-0.007834122	-11.446999	0.5983596	0.015285712	0.090009004	14.0	1390.4471228122711
55	7.109091	52.593906	83.2	-55.0	652.36365	0.2390766	7.9887295	30.677906	-75.262695	560000	9.934108e-09	96.51681	-0.008959829	-19.330425	0.57533056	0.015634885	0.09560955	10.0	1418.2469954490662
56	12.04	44.000618	72.0	-65.0	761.9	0.5329088	7.497545	30.15155	-60.283154	570000	-9.934108e-09	96.12583	-0.009490739	-18.899271	0.6043369	0.015456374	0.0850085	17.0	1444.5820479393005
57	3.2222223	46.67328	84.0	-65.0	677.7778	0.79415154	7.4026046	18.702036	-60.57971	580000	-8.692344e-09	86.93606	-0.007871675	-19.306105	0.5895251	0.015098798	0.09680968	13.0	1466.651540517807
58	0.6499996	52.42004	84.0	-70.0	690.0	1.0082201	8.374145	33.7416	-65.53192	590000	7.450581e-09	107.247505	-0.013725226	-26.993795	0.5851572	0.01515394	0.10311031	32.0	1493.8646895885468
59	11.639999	44.741104	78.4	-50.0	722.1	-0.61034125	7.7546268	24.26464	-52.70428	600000	2.6077032e-08	84.58698	-0.009160098	-25.61909	0.59256166	0.015032541	0.078707874	10.0	1517.1084434986115
60	14.777778	48.377632	88.0	-50.0	679.8889	-0.23191097	6.0682273	24.6413	-60.355328	610000	-1.8626451e-09	86.32318	-0.008844377	-28.84694	0.58256286	0.015214275	0.10241025	13.0	1542.1836626529694
61	19.222221	49.819176	88.0	-55.0	684.55554	1.2809591	7.2322674	18.69993	-59.87382	620000	-1.20295836e-08	75.0047	-0.010924081	-12.386531	0.57660526	0.015229575	0.09380937	25.0	1564.642855644226
62	-0.11111111	51.288822	92.0	-55.0	659.6667	1.0570438	8.08807	16.048086	-64.69626	630000	2.7163576e-09	95.16352	-0.008503272	-20.78514	0.57036036	0.015577711	0.08210821	14.0	1589.1733186244965
63	-0.6	51.112034	76.0	-75.0	715.0	0.44014072	7.8364897	31.82642	-65.014305	640000	1.2417635e-09	100.41043	-0.010301824	-17.011183	0.56450546	0.015031914	0.1070107	23.0	1613.1195063591003
64	0.0	43.711174	72.0	-60.0	667.8889	-0.47468877	8.056844	18.27311	-68.91697	650000	-2.483527e-09	81.40504	-0.0067176134	-23.343561	0.5686305	0.016100904	0.06660666	10.0	1636.6105766296387
65	-2.3	50.416367	76.0	-75.0	695.7	0.80691814	7.0945387	27.559835	-59.54213	660000	7.450581e-09	122.338745	-0.010441664	-29.47951	0.5696798	0.015196182	0.09620962	21.0	1659.0218970775604
66	9.88	53.785217	96.0	-75.0	706.1	-0.32013726	8.526391	27.41395	-62.789883	670000	5.2774944e-09	115.67368	-0.0076384484	-36.990253	0.5543291	0.016148197	0.085808575	9.0	1682.9578032493591
67	-5.5	54.2763	76.0	-75.0	671.75	1.2221214	9.894718	34.636784	-72.05689	680000	7.450581e-09	134.87659	-0.009889254	-31.734657	0.5723689	0.015030037	0.10171017	13.0	1708.5959494113922
68	11.0	49.00642	88.0	-55.0	684.63635	-0.93687505	8.614698	29.38829	-65.24857	690000	-8.692344e-09	84.92261	-0.01118549	-21.583178	0.5772452	0.0150106875	0.094209425	20.0	1738.5750241279602
69	2.5833333	55.568962	80.0	-65.0	693.0	0.45570078	8.550858	27.777166	-53.18433	700000	1.2417634e-08	100.98203	-0.011760943	-27.291533	0.57130235	0.015356281	0.1140114	20.0	1766.537165403366
70	5.9	47.473045	76.0	-55.0	740.6	-0.08696247	9.352336	29.86051	-73.782936	710000	-2.483527e-09	90.12594	-0.007495655	-17.73623	0.5711083	0.015249439	0.07670767	13.0	1793.475792646408
71	-6.4	44.867077	84.0	-60.0	763.4545	1.3442792	8.870243	29.087189	-62.08993	720000	-1.2417634e-08	100.482445	-0.013650632	-24.594429	0.5513075	0.015313114	0.08950895	29.0	1816.2761688232422
72	-14.76	42.54596	72.0	-65.0	711.0	-0.04694697	9.086209	27.038275	-62.881016	730000	-1.8626451e-08	138.44998	-0.01652807	-34.015957	0.55191547	0.015092649	0.09370937	51.0	1842.1011171340942
73	11.222222	48.94618	80.0	-50.0	668.8889	-1.8382485	7.9574566	18.548532	-70.35074	740000	2.0799538e-08	98.96896	-0.007913203	-35.451622	0.55795795	0.015100263	0.093509346	14.0	1863.8334622383118
74	0.69090915	55.878723	84.0	-70.0	737.1818	1.92856	9.16398	29.717606	-56.899967	750000	1.4901161e-08	85.30265	-0.009008376	-19.632252	0.53903544	0.015022002	0.07280728	10.0	1888.8668041229248
75	-3.0	51.65484	80.0	-70.0	649.2222	-0.6627129	8.098318	15.2604265	-40.77082	760000	-4.346172e-09	79.89521	-0.009150363	-12.317749	0.55596584	0.016080156	0.08030803	13.0	1914.1984648704529
76	-4.381818	49.97639	80.0	-75.0	620.0	-0.31527975	9.2978325	29.733131	-48.407394	770000	7.450581e-09	110.94146	-0.008108623	-26.92962	0.546262	0.015445006	0.07740774	10.0	1936.9999792575836
77	1.4	45.954758	84.0	-65.0	699.1	-1.8481443	8.009776	20.624386	-64.374344	780000	3.7252903e-09	99.92724	-0.01006117	-28.845144	0.54880863	0.0153320385	0.097809784	14.0	1962.2195672988892
78	-2.4181817	59.92968	78.4	-75.0	633.9091	0.60923463	7.1908994	25.85848	-55.673878	790000	-4.967054e-09	104.76534	-0.013452898	-29.848856	0.56114656	0.015341601	0.09680968	21.0	1990.1046741008759
79	10.0	43.637394	60.0	-50.0	714.1111	-1.147062	7.5452375	18.615713	-58.533615	800000	1.6142925e-08	102.8688	-0.0094381925	-48.305256	0.56174475	0.015508138	0.119611956	13.0	2017.3778114318848
80	6.3333335	35.436954	64.0	-50.0	723.0	0.19679496	7.081033	17.486334	-52.43426	810000	-1.3348957e-08	65.91361	-0.006589964	-14.448918	0.57049847	0.015844854	0.07150715	9.0	2040.1086950302124
81	7.183333	51.68336	92.0	-75.0	714.5	1.7960688	7.3699317	32.741657	-62.061115	820000	2.483527e-09	114.37731	-0.011499344	-29.478247	0.5656548	0.015220743	0.10451045	23.0	2073.556580543518
82	-0.8199997	46.909824	80.0	-65.0	722.9	-0.32863957	8.058337	26.732384	-67.88727	830000	-4.967054e-09	95.38873	-0.008885738	-28.549585	0.5624244	0.01507933	0.08060806	13.0	2097.443593978882
83	9.42	45.865753	72.0	-75.0	730.3	0.10583836	6.644747	22.623018	-63.233315	840000	1.4901161e-08	96.267334	-0.008823919	-22.261902	0.57989174	0.015137083	0.109110914	14.0	2121.0093648433685
84	13.2	51.038807	76.0	-70.0	752.0	0.80022335	7.298102	28.07672	-45.143917	850000	-5.5879354e-09	98.94076	-0.012859203	-21.275034	0.56706643	0.015015186	0.09390939	35.0	2149.0112841129303
85	-0.054545317	52.570236	76.0	-80.0	655.63635	1.3810596	7.041675	30.788567	-50.907356	860000	-1.2417634e-08	98.26821	-0.010627921	-24.148453	0.57868314	0.015366332	0.10361036	12.0	2175.732244491577
86	5.888889	46.59863	92.0	-55.0	718.1111	-0.8083489	7.3836913	17.490385	-57.03442	870000	-1.7384687e-08	87.43894	-0.0071086125	-27.34214	0.5536356	0.015846236	0.075907595	9.0	2197.5604362487793
87	-10.34	33.804737	48.0	-65.0	720.6	0.6823917	8.463958	28.857533	-58.475273	880000	7.450581e-09	83.56031	-0.007546739	-23.192291	0.55856526	0.015842957	0.094209425	9.0	2223.34388589859
88	-1.9636364	46.578327	72.0	-55.0	757.2727	0.19041869	8.100793	27.695885	-56.355698	890000	2.7318796e-08	88.591705	-0.009961856	-22.772448	0.5703362	0.015533462	0.100610055	12.0	2245.2830851078033
89	-2.1	51.858364	84.0	-75.0	714.9	0.21244729	8.694747	30.004026	-57.454308	900000	-2.4214387e-08	102.731865	-0.009341347	-24.563803	0.573217	0.015153848	0.09710971	16.0	2269.208105802536
90	13.777778	51.00714	88.0	-55.0	710.2222	-0.10991965	8.634942	19.325226	-79.2036	910000	-1.8626451e-08	86.93686	-0.012169895	-26.457108	0.5838191	0.015233353	0.10121012	25.0	2292.4178495407104
91	10.4	43.160633	76.0	-45.0	728.3	1.657178	8.703626	29.297684	-67.47549	920000	-7.450581e-09	77.97448	-0.005191488	-14.5421715	0.58727634	0.016264945	0.08080808	6.0	2315.7700300216675
92	-5.4545455	37.604073	52.0	-55.0	771.0	2.201858	9.0452795	33.53468	-60.83018	930000	-7.450581e-09	99.65918	-0.010421389	-24.551882	0.5769312	0.015382544	0.091509156	18.0	2340.652860403061
93	3.7818184	47.70885	60.4	-65.0	671.63635	-0.09062553	8.191983	28.784515	-75.76063	940000	-6.829699e-09	129.68925	-0.008379819	-36.82481	0.5628565	0.015296287	0.08060806	13.0	2367.6331491470337
94	-2.7454543	49.610416	76.0	-70.0	741.0909	0.6357075	7.246912	29.822523	-64.39191	950000	1.2417634e-08	126.38813	-0.0102091115	-20.719215	0.5698475	0.0153494775	0.10601059	15.0	2391.9628999233246
95	-8.745454	43.036484	56.0	-70.0	759.1818	0.36040515	8.180183	28.782305	-63.724136	960000	8.071463e-09	122.45361	-0.007978376	-27.812479	0.5497354	0.015589247	0.08980898	8.0	2413.9431285858154
96	4.7400002	43.8284	76.0	-50.0	703.5	-0.7825965	8.558495	27.895508	-66.96894	970000	-9.934108e-09	87.56623	-0.0068722502	-30.365461	0.5688861	0.016880482	0.08260826	9.0	2437.3234016895294
97	4.316667	49.85696	80.0	-70.0	684.0833	0.3851422	8.271971	29.671398	-63.134647	980000	8.692344e-09	91.12604	-0.018345665	-20.524195	0.5825829	0.015172787	0.12441244	47.0	2464.452025413513
98	9.1	49.974895	84.0	-55.0	729.3	-0.7369299	9.683677	29.672237	-69.08982	990000	1.2417635e-09	84.56167	-0.010278917	-18.527914	0.57272905	0.015359375	0.0840084	13.0	2486.9693701267242
99	1.3	43.1	64.0	-55.0	738.6	1.1255186	8.5404215	26.252642	-72.68472	1000000	-1.7384687e-08	95.615395	-0.007916312	-23.534424	0.57595044	0.015130849	0.08180818	10.0	2511.9719326496124
100	11.84	45.722534	84.4	-55.0	710.0	0.5098087	8.247593	29.737669	-68.7864	1010000	-9.0076355e-09	79.56424	-0.007836587	-26.003891	0.57072705	0.016352478	0.0790079	8.0	2534.109705209732
101	4.9272723	50.741936	88.0	-80.0	757.5455	1.0289576	7.348085	29.757399	-48.23721	1020000	1.2417634e-08	102.37339	-0.0061915442	-18.831715	0.5650924	0.015648844	0.08520853	9.0	2557.2912378311157
102	-1.4444444	45.50729	64.0	-70.0	662.8889	0.6338796	7.5636897	19.956959	-47.620323	1030000	1.2417634e-08	109.83538	-0.010040204	-31.890997	0.5753121	0.015794082	0.09120912	14.0	2579.8810749053955
103	3.06	47.961575	68.0	-65.0	721.2	0.8156737	7.688438	28.552336	-53.45603	1040000	2.483527e-09	103.12452	-0.009037144	-27.562073	0.5988947	0.016015826	0.07770777	10.0	2603.7803268432617
104	-9.96	47.47857	64.0	-75.0	709.2	0.72321075	7.6502967	32.541477	-47.797863	1050000	-9.934108e-09	108.76792	-0.005681798	-18.93971	0.592214	0.015163402	0.08950895	6.0	2627.8650674819946
105	-0.01666673	50.83637	70.0	-65.0	689.0	-0.03231672	7.7815533	23.98437	-48.15179	1060000	1.8626451e-08	82.70691	-0.007467249	-25.048874	0.5970556	0.016023157	0.08640864	8.0	2653.864104270935
106	3.446154	55.539986	76.0	-70.0	734.7692	0.6606633	8.717127	24.962414	-67.35582	1070000	-7.450581e-09	127.739624	-0.010486024	-43.284943	0.56902856	0.01596991	0.089908995	11.0	2682.5549993515015
107	2.0666666	45.89207	76.0	-75.0	706.5833	0.18222275	8.0513115	24.698906	-53.039707	1080000	2.6077032e-08	100.13154	-0.008064254	-20.395666	0.59463173	0.015947768	0.08890889	9.0	2710.1145589351654
108	-14.109092	34.454014	52.0	-60.0	744.0	-0.36726487	7.6483493	30.118988	-66.55606	1090000	-3.0423205e-08	110.187416	-0.010230917	-43.293446	0.5856586	0.016033126	0.091509156	11.0	2732.151180744171
109	-5.883333	45.50769	72.4	-75.0	621.5833	-0.42984688	9.739552	33.671837	-43.533512	1100000	9.934108e-09	97.069405	-0.010861897	-27.565866	0.5901056	0.015056175	0.11361136	12.0	2756.562038421631
110	-7.888889	32.312515	56.0	-55.0	698.6667	-1.5666722	8.587885	17.26822	-47.32553	1110000	-1.6142925e-08	96.147484	-0.0071049966	-23.87874	0.5670084	0.015685095	0.078007795	8.0	2778.6270315647125
111	0.56363606	55.931244	96.0	-65.0	663.7273	-0.6983517	7.7565746	23.47097	-46.74496	1120000	1.0244548e-08	101.84994	-0.007895942	-26.917318	0.550057	0.018832786	0.08870887	9.0	2804.3714287281036
112	5.0	48.526283	84.0	-55.0	742.6	-0.61066115	8.852558	25.044483	-51.487133	1130000	6.829699e-09	97.646355	-0.010121607	-26.83962	0.5674865	0.015263054	0.09470948	13.0	2826.793458223343
113	-5.938462	48.248356	71.2	-75.0	742.1539	1.6186513	8.990509	33.151257	-70.09664	1140000	-1.0244548e-08	125.76138	-0.008819005	-36.90243	0.5695958	0.015897926	0.11051104	12.0	2854.9998466968536
114	-22.545454	36.003445	52.0	-60.0	734.63635	-1.5062959	10.032464	30.607206	-74.94379	1150000	9.807991e-09	98.53671	-0.00870085	-16.940994	0.5526206	0.01613109	0.087208726	10.0	2877.5481555461884
115	2.236364	53.77088	96.0	-75.0	732.1818	-0.8410427	9.198761	28.21722	-64.633026	1160000	-4.967054e-09	111.27761	-0.009791761	-27.319574	0.5484126	0.01540716	0.07740774	13.0	2900.3433475494385
116	-3.5833333	58.7327	74.8	-80.0	771.1667	1.158244	8.72458	33.557823	-56.647987	1170000	-6.208817e-09	94.818565	-0.008668654	-23.690031	0.54967123	0.015797792	0.087408744	12.0	2924.829184293747
117	-7.2599998	53.616867	88.0	-80.0	707.7	-0.031063775	9.250182	26.927011	-65.403755	1180000	2.4835268e-08	120.741356	-0.010118525	-27.97741	0.56680495	0.015143207	0.10181018	19.0	2947.292215824127
118	9.04	53.57065	92.0	-60.0	758.2	-0.1280799	8.574797	23.686651	-65.91038	1190000	2.4059166e-09	93.62815	-0.008142021	-23.394613	0.57081217	0.016114697	0.07870787	9.0	2972.4446139335632
119	-3.0727272	56.07153	96.0	-70.0	744.63635	1.1063753	8.9005	30.295216	-68.417816	1200000	-1.0166938e-08	83.84073	-0.009247641	-20.797197	0.5447307	0.015428919	0.09530953	11.0	2995.532313346863
120	2.95	61.388603	92.0	-85.0	719.75	0.36056808	8.286975	23.408236	-47.881542	1210000	-2.483527e-09	146.98976	-0.017962275	-42.897675	0.58104116	0.012236719	0.13321333	79.0	3021.3199384212494
121	3.3272727	45.66895	80.0	-55.0	702.4545	-0.94902575	9.523049	28.640375	-61.84022	1220000	9.002785e-09	136.27193	-0.00880443	-52.836933	0.56891215	0.01546863	0.08250825	8.0	3048.856638431549
122	-11.366666	50.61797	84.0	-70.0	793.4167	1.258565	9.279971	30.728308	-63.171066	1230000	3.3527613e-08	99.68279	-0.01040881	-31.55057	0.54812205	0.015392248	0.09140914	12.0	3072.1643574237823
123	-10.45	48.139183	92.0	-75.0	801.25	0.032206237	9.683251	34.51593	-59.29328	1240000	-2.483527e-09	109.735634	-0.015309998	-26.95001	0.542878	0.015056089	0.11021102	26.0	3097.010679244995
124	-4.181818	49.863117	84.0	-80.0	750.0909	-0.62625223	9.130627	31.821615	-52.180893	1250000	0.0	115.22628	-0.009466138	-26.066568	0.57788444	0.016094768	0.10251025	11.0	3120.4470295906067
125	9.555555	50.798317	92.0	-55.0	679.0	-1.0532652	7.461186	20.543808	-63.99648	1260000	-8.071463e-09	112.54748	-0.009415721	-27.353233	0.56085736	0.015813816	0.095009506	13.0	3142.620006799698
126	-3.3	43.262108	76.0	-55.0	732.0	0.7919256	8.384465	38.432587	-64.123856	1270000	1.27280755e-08	83.2069	-0.00864181	-22.261566	0.559532	0.015146591	0.08180818	10.0	3166.587408065796
127	5.2222223	51.714554	84.0	-55.0	650.55554	-0.12913698	7.909793	17.220264	-77.238266	1280000	-1.2417635e-09	114.18702	-0.0078013265	-19.043882	0.56732804	0.015142973	0.08350835	17.0	3189.2613475322723
128	-15.923077	48.47061	76.0	-75.0	708.6923	1.5841562	10.290487	33.615032	-66.347374	1290000	-1.8626451e-09	120.52244	-0.009387301	-40.805798	0.56796557	0.016256623	0.08410841	9.0	3216.5984392166138
129	-1.8888888	46.294815	76.0	-55.0	661.0	-2.5635364	9.265187	15.384067	-75.900566	1300000	-1.7384687e-08	111.81002	-0.006690251	-34.23852	0.5648017	0.015585017	0.081408136	8.0	3239.5477001667023
130	5.366667	50.865303	80.0	-75.0	729.25	0.6601043	8.625099	31.575424	-67.99811	1310000	-1.4901161e-08	118.93738	-0.011226404	-32.640438	0.57580256	0.015033114	0.10841084	13.0	3266.6213676929474
131	9.777778	41.273552	80.0	-50.0	677.7778	0.3953943	6.91798	16.85987	-44.441044	1320000	-1.1175871e-08	84.53863	-0.0090372795	-21.794573	0.5578045	0.015361666	0.082108214	12.0	3289.584727525711
132	-4.9	41.819733	60.0	-75.0	774.4	1.6736875	8.201765	32.48533	-71.43742	1330000	-3.7252903e-09	106.08915	-0.007914339	-24.403227	0.57526314	0.015005891	0.07590759	11.0	3315.056794643402
133	11.966667	52.13929	88.0	-60.0	817.9167	1.175714	8.063508	27.72039	-75.36049	1340000	2.3593506e-08	93.51913	-0.007621309	-29.049158	0.53869945	0.017542772	0.087408744	9.0	3339.602126121521
134	-10.12	42.334496	56.0	-75.0	711.2	1.484257	8.279853	25.863129	-74.664085	1350000	-3.7252903e-09	97.27521	-0.00930214	-31.784485	0.54964745	0.015141942	0.10871088	11.0	3364.520336151123
135	-2.6	46.33185	64.0	-70.0	733.4	-1.1115322	7.9768195	32.031765	-63.787838	1360000	-1.3038516e-08	111.30194	-0.00747712	-32.909657	0.5345228	0.015220159	0.08160816	9.0	3387.101755142212
136	-0.1333332	53.315372	80.0	-70.0	695.5	0.64399177	7.9512863	26.884638	-54.662556	1370000	-4.967054e-09	124.754265	-0.010685886	-36.517506	0.56600255	0.015150537	0.089008905	13.0	3411.5442910194397
137	1.0	39.939953	72.0	-45.0	711.1	-0.29404175	8.915832	21.01452	-72.82791	1380000	1.2417634e-08	96.114746	-0.0074914917	-27.644888	0.53918576	0.015001978	0.07680768	10.0	3435.2356901168823
138	13.222222	36.79305	72.0	-40.0	678.6667	-0.5862587	7.1368465	14.40734	-52.193905	1390000	2.9491882e-09	75.04914	-0.0091889845	-19.748415	0.54362774	0.015780797	0.10841084	14.0	3458.840446472168
139	-1.5	47.37985	80.0	-70.0	730.0	0.69094247	7.346421	27.032286	-49.882378	1400000	-1.3581788e-09	89.61471	-0.006669232	-18.211657	0.540436	0.017097255	0.0790079	6.0	3483.2943148612976
140	1.1111112	27.13933	52.0	-39.0	722.8889	0.036177833	7.6510572	16.960157	-52.928066	1410000	-2.6169195e-08	66.770966	-0.0072246846	-16.687958	0.5423628	0.01516306	0.09480948	9.0	3508.0240750312805
141	-1.0	44.991108	84.0	-65.0	724.8	0.5929084	7.065043	25.101374	-48.957714	1420000	1.2417634e-08	83.77294	-0.0077427723	-18.054981	0.54899496	0.016154828	0.08370837	8.0	3531.6831216812134
142	-11.366666	53.318027	79.6	-75.0	631.0833	0.06901151	7.4640427	28.714867	-51.967293	1430000	-9.934108e-09	120.69098	-0.009759209	-38.400433	0.5655932	0.015701966	0.09960996	11.0	3555.6252341270447
143	3.02	48.319393	84.0	-65.0	743.5	-1.3850167	8.736344	28.852793	-70.52278	1440000	2.2351742e-08	105.94515	-0.009714455	-29.592087	0.5539007	0.015306405	0.08440844	12.0	3577.3545372486115
144	5.34	47.442177	88.0	-60.0	743.5	1.2067205	8.084285	31.178795	-59.66027	1450000	3.7252903e-09	114.14227	-0.011689298	-25.402283	0.5478344	0.015077934	0.09670967	20.0	3603.340229511261
145	-3.7090912	49.32389	84.0	-65.0	776.9091	2.110194	8.773329	28.548023	-55.05084	1460000	4.967054e-09	108.82488	-0.012570704	-29.778757	0.56873244	0.015618575	0.10181018	18.0	3627.020166158676
146	3.4545455	49.377808	73.6	-60.0	652.5455	-0.5730879	8.964008	26.853449	-65.72523	1470000	-2.483527e-09	86.90008	-0.010550772	-22.01296	0.55006844	0.015199472	0.081608154	13.0	3656.4058740139008
147	1.1999998	44.48588	70.0	-70.0	703.5833	-0.0491261	8.930255	25.389833	-61.33023	1480000	3.1044085e-09	98.63326	-0.010539189	-24.913256	0.55305964	0.015529729	0.09960996	13.0	3685.2030634880066
148	10.333333	45.102352	88.0	-50.0	691.7778	-1.1344986	7.525762	21.349655	-55.306393	1490000	-4.967054e-09	86.220924	-0.007585436	-29.49289	0.5481405	0.015674284	0.08580858	11.0	3707.9739344120026
149	-21.233334	39.71103	76.0	-75.0	765.8333	1.9203998	7.7081656	29.08312	-49.997528	1500000	6.208817e-09	149.6439	-0.011282244	-50.306713	0.5687471	0.0150504755	0.07810781	15.0	3730.636781692505
150	14.666667	52.782574	92.0	-50.0	683.44446	-2.7407906	7.632197	25.552608	-47.622555	1510000	4.967054e-09	101.69629	-0.0059720404	-46.9756	0.55083567	0.015071694	0.07560756	8.0	3752.9557569026947
151	-4.7599998	49.075844	88.0	-65.0	770.1	2.202888	7.2531033	32.65822	-55.479984	1520000	1.7384687e-08	122.345604	-0.019121544	-40.86528	0.5623125	0.0152454525	0.10881088	56.0	3777.778594017029
152	3.7777777	44.79528	76.0	-60.0	737.2222	-0.46147785	7.043395	17.53784	-66.58708	1530000	1.2417634e-08	82.21391	-0.01375427	-16.756763	0.55642945	0.015271969	0.09780977	33.0	3804.632657766342
153	6.2363634	50.084064	88.0	-65.0	788.36365	1.2475799	7.294339	25.893854	-57.0604	1540000	-2.7939677e-09	92.71615	-0.011419409	-16.379646	0.5845223	0.015483131	0.10211021	15.0	3826.891697883606
154	17.333334	45.782093	88.0	-45.0	697.7778	-0.18270612	7.5429068	19.903713	-68.22554	1550000	-9.934108e-09	80.61806	-0.016760906	-23.63855	0.5556077	0.0152690485	0.12431243	45.0	3853.3406894207
155	7.888889	46.45056	76.0	-55.0	726.7778	1.3207654	6.724259	16.770128	-67.11594	1560000	2.173086e-09	77.07342	-0.009273838	-12.512467	0.58267075	0.015922708	0.08990899	13.0	3875.3590927124023
156	12.222222	50.475025	76.0	-60.0	682.6667	-0.021318957	7.208727	20.877495	-58.716347	1570000	6.2088173e-10	88.02908	-0.014070943	-18.19908	0.5666062	0.0150247365	0.101510145	37.0	3901.1262810230255
157	10.26	53.391087	88.0	-65.0	725.7	0.6724626	8.182598	27.841024	-74.708275	1580000	-7.450581e-09	98.44226	-0.00904259	-26.872438	0.55874777	0.015830362	0.09390939	10.0	3924.841169118881
158	17.11111	53.43832	92.0	-55.0	672.55554	0.8979082	6.967859	18.55262	-71.98213	1590000	9.934108e-09	104.80752	-0.0077493717	-20.854967	0.5704968	0.015895655	0.09390939	11.0	3948.54386305809
159	-2.3400002	50.54424	76.0	-70.0	733.9	1.2416381	7.0277934	28.728252	-47.175804	1600000	7.450581e-09	120.15527	-0.0067453757	-39.37523	0.56063324	0.015090627	0.08840885	7.0	3970.420226097107
160	0.5999997	46.56644	67.6	-60.0	692.6667	-0.24452035	8.86939	29.422815	-65.08637	1610000	-1.7384687e-08	101.73136	-0.007892475	-23.24455	0.54553986	0.015594552	0.07860786	8.0	3997.4434201717377
161	8.181818	47.364773	88.0	-55.0	754.1818	-0.12949614	8.936358	32.092678	-64.20097	1620000	1.9868216e-08	108.1153	-0.009189868	-33.475086	0.5560381	0.015683962	0.090209015	14.0	4019.1247272491455
162	-2.2222223	48.35006	80.0	-75.0	672.8889	1.1256143	6.736715	18.497118	-58.77564	1630000	4.967054e-09	96.00058	-0.014141013	-16.18624	0.5504028	0.015219435	0.10271027	50.0	4042.9950907230377
163	13.111111	53.897934	88.0	-55.0	690.0	-0.58705986	7.9803658	14.197186	-62.52904	1640000	-1.0554989e-08	105.364136	-0.0076926867	-26.058891	0.55218625	0.015582631	0.07950795	14.0	4066.488079071045
164	0.8888889	48.924988	72.0	-65.0	691.0	0.9160927	7.604827	17.396486	-64.35477	1650000	1.9868216e-08	86.54914	-0.0062006637	-17.568281	0.52937615	0.015042155	0.06810681	7.0	4091.0999920368195
165	18.333334	46.276947	80.0	-45.0	674.8889	0.34943435	7.4193397	16.51414	-70.98094	1660000	1.8626451e-09	98.076454	-0.0056524673	-18.833845	0.53554726	0.015338982	0.066406645	15.0	4114.760970830917
166	1.3333334	42.661457	76.0	-55.0	766.0	0.93292534	7.678974	16.393534	-64.826805	1670000	-2.561137e-09	98.79083	-0.008457706	-32.006195	0.5466737	0.015351318	0.083808385	12.0	4138.450839042664
167	-0.6666667	35.89181	64.0	-40.0	679.1111	0.18008178	7.828434	21.320877	-60.646553	1680000	-7.450581e-09	92.31839	-0.008184466	-17.878927	0.55136484	0.015338946	0.075907595	11.0	4161.272548675537
168	5.888889	42.771862	80.0	-50.0	723.1111	0.051877867	7.842428	16.405033	-64.27223	1690000	-3.7252903e-09	101.594826	-0.010955013	-28.94184	0.55917495	0.015007738	0.09340934	20.0	4185.79075551033
169	1.1	43.880405	80.0	-55.0	759.7	0.0924391	8.198141	27.386358	-67.84032	1700000	2.9491882e-09	92.88858	-0.007432764	-20.127382	0.55467653	0.015075254	0.07990799	11.0	4210.468223571777
170	-2.2181818	43.566914	64.0	-75.0	808.7273	0.35378408	8.276663	28.308699	-70.267715	1710000	7.450581e-09	118.94518	-0.01004154	-29.714312	0.56378585	0.015081487	0.09330932	17.0	4237.216256856918
171	5.9	51.110565	80.0	-70.0	724.7	-0.6034666	9.169848	28.104801	-66.06792	1720000	1.6298145e-09	101.83484	-0.009906986	-28.543434	0.5479364	0.0152982725	0.10091009	21.0	4260.511392116547
172	-1.8	44.379726	80.0	-45.0	739.1	0.27394536	8.882022	36.389866	-68.39307	1730000	-4.967054e-09	94.290276	-0.009820453	-25.531494	0.5556381	0.015738467	0.0930093	16.0	4285.190997600555
173	-3.5090907	48.64202	88.0	-75.0	794.36365	0.81733954	8.565534	28.714634	-64.94224	1740000	2.483527e-09	110.55135	-0.012095804	-30.42147	0.587585	0.015152168	0.10161016	19.0	4308.489295721054
174	3.1818182	47.445316	76.0	-65.0	643.5455	-0.04909292	8.429798	28.049784	-64.67978	1750000	0.0	129.35884	-0.010078269	-40.709496	0.5725267	0.015050945	0.09670967	13.0	4334.271871328354
175	-9.219999	51.523544	88.0	-85.0	733.8	-0.71288514	8.715585	27.90734	-67.742546	1760000	9.934108e-09	100.74485	-0.007466056	-27.120758	0.5674457	0.015553732	0.073407345	8.0	4355.724411249161
176	2.4444444	39.064365	64.0	-40.0	707.2222	-1.937088	8.77333	15.653001	-75.02811	1770000	-1.3659398e-08	89.84588	-0.009657595	-24.470404	0.57644564	0.015259906	0.08700871	13.0	4380.98370051384
177	-6.7599998	45.078583	88.0	-70.0	731.8	-0.19219461	8.501366	26.26914	-67.080666	1780000	-1.4901161e-08	102.688255	-0.010044269	-47.45757	0.5825359	0.015249208	0.08820882	14.0	4403.075609207153
178	-1.6666666	39.092484	72.0	-55.0	702.3333	-0.69836724	6.2806263	17.861732	-51.483196	1790000	6.829699e-09	132.604	-0.012177219	-53.982727	0.57882166	0.0157903	0.10381038	20.0	4428.227113723755
179	-0.049999874	41.502136	56.0	-65.0	677.8333	-0.48890874	8.5289955	31.56192	-67.70519	1800000	1.2417634e-08	114.51731	-0.01125583	-32.198574	0.5854252	0.015607036	0.09270927	11.0	4452.925815105438
180	5.090909	49.62121	92.0	-50.0	755.9091	-0.722946	8.309909	33.736523	-71.65171	1810000	-1.7384687e-08	87.38562	-0.0068550394	-19.607378	0.5736397	0.015032254	0.07350735	8.0	4475.356733322144
181	-6.7999997	47.268826	92.0	-75.0	748.7273	0.07032159	8.345044	25.16295	-71.779175	1820000	3.7252903e-09	126.92344	-0.012749332	-35.880375	0.5816707	0.015137918	0.0951095	23.0	4497.6276433467865
182	-9.777778	36.95576	76.0	-55.0	748.6667	-0.4634458	8.85684	19.313835	-66.636826	1830000	-1.8626451e-08	100.10627	-0.008820004	-31.857103	0.59441054	0.015382345	0.096309625	9.0	4522.060919284821
183	3.5555556	47.98405	72.0	-60.0	677.7778	-0.87885815	8.012045	16.554823	-74.54832	1840000	1.2417635e-09	93.32235	-0.008168065	-21.00014	0.5912879	0.015280592	0.097709775	14.0	4544.943942785263
184	7.7777777	44.53657	80.0	-60.0	666.55554	-0.052049357	8.847992	16.737904	-70.34835	1850000	1.4280279e-08	95.97227	-0.00959223	-23.494123	0.5682295	0.015121671	0.10021002	16.0	4566.5166935920715
185	-1.9272724	39.555004	68.8	-60.0	669.2727	-0.19807029	9.508279	23.304916	-69.11641	1860000	6.208817e-09	91.43121	-0.008693376	-21.037756	0.57754284	0.016619243	0.098709874	10.0	4596.279017925262
186	6.04	39.286823	64.0	-55.0	786.8	-0.58270943	8.373222	19.587934	-76.72497	1870000	2.483527e-09	89.05393	-0.009245685	-23.64312	0.5885697	0.015803585	0.08890889	12.0	4619.593426942825
187	4.38	45.437645	68.0	-50.0	742.9	0.40102255	8.870767	25.60663	-69.750786	1880000	2.4835268e-08	104.23773	-0.008444066	-20.682314	0.56254786	0.015143308	0.08280828	12.0	4644.898601055145
188	8.5199995	40.305256	65.2	-50.0	766.5	-0.098837	8.207743	24.69158	-82.8891	1890000	4.967054e-09	90.7819	-0.009993203	-26.057798	0.5635024	0.015293457	0.10471047	15.0	4668.397185325623
189	-10.8	27.117521	28.0	-45.0	723.5	0.44118097	8.805072	24.161068	-71.46076	1900000	-9.313226e-10	96.76565	-0.013944715	-26.53494	0.5826917	0.015188438	0.110211015	38.0	4690.472809553146
190	6.16	50.956753	88.0	-60.0	716.8	-1.103705	8.496005	30.319132	-69.96794	1910000	-1.4901161e-08	120.395874	-0.009222225	-37.674755	0.57339364	0.015093834	0.10471047	10.0	4713.242691516876
191	9.111111	37.722507	60.0	-40.0	724.6667	-0.16016853	8.706078	16.290796	-74.07779	1920000	1.4901161e-08	87.618744	-0.0071421475	-18.766052	0.6050618	0.016343784	0.07960796	10.0	4736.221065759659
192	3.2	32.38765	48.0	-45.0	702.2	1.2553005	7.913674	27.002275	-64.35189	1930000	-1.7656324e-09	80.39286	-0.008632095	-17.214094	0.5955372	0.015168046	0.089108914	13.0	4759.955817461014
193	6.4444447	39.412663	84.0	-45.0	695.0	0.0012318217	8.006268	15.162315	-68.71029	1940000	2.4122224e-08	82.14527	-0.008160115	-15.947304	0.6034287	0.015750542	0.08340833	11.0	4782.937855243683
194	3.8888888	41.990597	72.0	-42.0	705.55554	-0.4156267	7.7400155	16.099333	-71.04151	1950000	9.934108e-09	76.52873	-0.0066933427	-15.188858	0.58924764	0.015637891	0.08710871	10.0	4806.4292578697205
195	1.1	37.138794	52.0	-50.0	735.3	1.0041014	7.656323	27.714771	-72.673454	1960000	-7.1401396e-09	109.35734	-0.009584401	-18.17835	0.6008386	0.015344932	0.099809974	21.0	4831.229250431061
196	12.444445	42.340187	64.0	-45.0	676.3333	-0.44065106	7.092727	18.754145	-63.112823	1970000	-1.5211603e-08	110.88119	-0.008109716	-26.07907	0.59590715	0.015479631	0.08360836	12.0	4853.589486122131
197	2.4	39.64139	60.0	-45.0	743.0	0.9598341	8.283487	26.409334	-70.49446	1980000	-3.1044085e-09	90.55949	-0.0076342435	-22.774826	0.58743054	0.015303471	0.09490949	13.0	4876.419779539108
198	5.2222223	37.359447	64.0	-45.0	683.3333	0.28822583	7.599074	19.589602	-71.50286	1990000	-1.4901161e-08	117.22651	-0.006718692	-44.983013	0.5884859	0.0154628595	0.08350835	17.0	4901.014240026474
199	10.64	39.07693	64.0	-40.0	760.6	1.1885984	6.993833	24.722416	-51.85394	2000000	1.2340024e-08	101.720856	-0.009080694	-31.889702	0.5939576	0.015496624	0.09840984	15.0	4923.894428253174
200	-4.0	44.45222	64.0	-75.0	708.8	1.5096368	8.084185	26.800896	-68.75702	2010000	2.483527e-09	109.98649	-0.009404294	-27.407143	0.62572116	0.015243811	0.09840984	17.0	4946.574051141739
201	-4.0	24.823376	28.0	-40.0	765.9	0.5692629	8.399508	27.25779	-67.87806	2020000	-3.1664968e-08	109.867424	-0.008865745	-35.745697	0.6228547	0.015688855	0.083108306	10.0	4971.212968587875
202	6.6666665	49.589424	80.0	-70.0	644.2222	-0.499745	7.569506	21.722645	-69.7604	2030000	-4.967054e-09	135.3994	-0.008766908	-40.06557	0.61709577	0.015280441	0.101910196	17.0	4993.404669284821
203	23.82	39.10309	92.0	-25.0	725.6	0.5165686	8.364265	29.61252	-66.98873	2040000	3.7252903e-09	86.27255	-0.0074240468	-24.865	0.6182223	0.015186696	0.08360836	13.0	5017.828248262405
204	0.7799999	42.88631	52.0	-85.0	709.1	1.2549458	7.7429223	27.871109	-62.90596	2050000	-7.450581e-09	122.10732	-0.009408255	-28.16548	0.6260186	0.016314112	0.09160916	10.0	5040.186052083969
205	17.89091	45.35006	84.0	-50.0	676.9091	0.2736358	8.081597	30.931793	-62.00529	2060000	7.450581e-09	92.254585	-0.008632	-22.565195	0.6089694	0.015250805	0.085808575	15.0	5071.641051769257
206	8.581819	49.16913	76.0	-60.0	629.4545	0.88339067	7.6105247	27.573252	-65.31949	2070000	-7.450581e-09	114.45352	-0.009615961	-27.634245	0.6381723	0.015092994	0.10941094	13.0	5101.497697353363
207	5.18	43.075882	72.0	-70.0	727.7	0.49465108	8.351731	25.773766	-64.589424	2080000	-1.2417635e-09	101.59359	-0.008234887	-28.89939	0.6085011	0.0152910175	0.089308925	12.0	5124.472626924515
208	1.5	36.447906	64.0	-40.0	737.0	0.85059077	8.762606	26.24063	-68.57001	2090000	2.483527e-09	83.813995	-0.006081026	-22.966066	0.6222599	0.016953101	0.08680868	8.0	5148.657973051071
209	5.1	43.302307	80.0	-45.0	708.0	0.935542	6.2395806	24.110418	-59.483643	2100000	0.0	133.27617	-0.009668696	-49.526794	0.61243504	0.015045426	0.10321032	21.0	5172.178234100342
210	6.111111	29.167883	56.0	-35.0	740.1111	0.60585195	9.324554	24.0232	-76.47698	2110000	-1.2417635e-09	95.54037	-0.006374966	-25.655035	0.59787685	0.016551897	0.08350835	10.0	5195.435480594635
211	0.7777778	46.972282	64.0	-53.0	676.3333	0.24719644	7.1343546	19.579224	-57.29837	2120000	9.934108e-09	104.464386	-0.009060486	-23.615622	0.5925689	0.015434743	0.09230923	14.0	5219.775761842728
212	2.7777777	27.935553	39.0	-45.0	727.3333	-1.1379775	8.6945	32.92157	-69.11991	2130000	6.829699e-09	87.80964	-0.007963344	-19.704254	0.5974267	0.015225361	0.07320732	12.0	5242.8224992752075
213	17.36	44.22405	76.0	-45.0	745.9	1.169427	8.128982	29.063555	-65.37442	2140000	-4.4237822e-09	114.13306	-0.007938107	-32.824215	0.60691625	0.015433093	0.09310931	19.0	5265.421896934509
214	6.4444447	46.291615	64.0	-55.0	680.0	1.0719911	6.887881	17.609108	-56.66897	2150000	-1.0554989e-08	90.89898	-0.010459284	-25.947435	0.58781695	0.01513297	0.09640964	21.0	5288.051247835159
215	17.949999	53.265568	83.2	-65.0	708.25	1.2077738	8.922368	27.450068	-58.19892	2160000	1.1175871e-08	84.13384	-0.009947811	-19.868156	0.5874531	0.015223034	0.09670967	12.0	5313.357634782791
216	1.9	47.653854	84.0	-50.0	726.6	1.4768211	7.3566613	26.269985	-58.726463	2170000	1.3659398e-08	98.660545	-0.007369584	-27.647835	0.5942393	0.015030228	0.09930993	9.0	5335.626505613327
217	13.0	45.64598	80.0	-45.0	678.6667	0.0993094	7.8804393	18.481352	-62.4283	2180000	1.3659398e-08	84.53626	-0.0063587725	-18.47325	0.6013499	0.015082945	0.07810781	9.0	5359.988959312439
218	5.8	38.376556	76.0	-45.0	732.9	1.4338129	9.215043	28.600218	-70.86417	2190000	1.1175871e-08	90.43948	-0.009656408	-17.12571	0.596411	0.015412004	0.085708566	19.0	5382.726496458054
219	8.777778	39.532764	60.0	-45.0	676.1111	0.0031828408	7.7981944	16.801529	-70.86972	2200000	6.208817e-09	77.50894	-0.0062399805	-14.692895	0.5966944	0.016839175	0.092409246	8.0	5405.055165529251
220	0.22222222	40.00216	68.0	-50.0	729.2222	0.3207272	8.450201	18.118065	-70.17624	2210000	-2.2351742e-08	99.49708	-0.008834514	-25.229774	0.5910493	0.016092435	0.0980098	12.0	5429.7502183914185
221	8.8	42.248787	76.0	-55.0	735.7	1.062328	7.524561	27.539875	-60.560566	2220000	1.9247333e-08	98.743225	-0.008629955	-24.273935	0.60367495	0.015113362	0.095109515	10.0	5450.403046131134
222	3.7272727	47.76665	64.0	-50.0	661.0	0.103320785	8.928023	26.948015	-68.39734	2230000	-9.934108e-09	91.81055	-0.009069163	-20.605211	0.5846545	0.0156047195	0.09630963	14.0	5477.644040584564
223	9.46	38.422188	61.6	-45.0	721.9	0.13316888	7.814255	25.540096	-72.4711	2240000	4.8894435e-09	82.7046	-0.0075671603	-21.745665	0.5950387	0.015225214	0.07290729	11.0	5500.133424758911
224	5.0	35.34591	56.0	-45.0	700.44446	0.94427764	7.4804955	15.824921	-73.637215	2250000	-6.208817e-09	111.50419	-0.006136162	-31.370142	0.5958776	0.015291743	0.08370837	9.0	5522.633749246597
225	-1.0	33.23987	60.0	-45.0	745.1111	-0.014956053	7.02721	17.671371	-68.367775	2260000	1.0244548e-08	98.534515	-0.008324345	-30.95989	0.6134897	0.015156456	0.090809084	13.0	5548.269364833832
226	-0.9400002	28.269285	46.0	-40.0	749.0	-0.21579912	8.567042	30.364052	-77.152725	2270000	-1.3659398e-08	100.102356	-0.0076034456	-25.137197	0.58501303	0.01584483	0.09750974	11.0	5570.616453409195
227	-4.6	30.252934	52.0	-45.0	741.3	0.27042148	6.470969	22.377193	-52.02352	2280000	-9.934108e-09	100.205284	-0.0120277405	-24.919344	0.58010036	0.015744789	0.09210921	19.0	5594.815230607986
228	0.7799999	36.99237	48.0	-55.0	729.1	0.111594744	7.0666738	24.918753	-64.617386	2290000	2.483527e-09	97.27178	-0.01015138	-19.105156	0.59028906	0.015015051	0.09590959	18.0	5618.242999076843
229	5.3333335	26.936138	40.0	-30.0	680.8889	-0.8779584	7.902618	21.577116	-65.31926	2300000	-7.450581e-09	87.756386	-0.007462368	-32.78089	0.59191525	0.01549194	0.0879088	12.0	5639.486006498337
230	-2.8	40.25121	52.0	-70.0	758.1	0.91997427	7.3280354	28.02964	-73.09253	2310000	1.9557774e-08	142.44041	-0.007267453	-49.734802	0.60784817	0.016175896	0.11111111	9.0	5662.632410526276
231	0.5799999	36.898613	56.0	-55.0	758.3	-0.075168565	7.788678	24.831186	-56.479828	2320000	-5.5879354e-09	102.41122	-0.008044849	-24.960999	0.582642	0.015670946	0.09390939	11.0	5686.714542865753
232	9.222222	39.999382	68.0	-45.0	680.7778	-0.31344172	7.415778	16.850012	-53.23362	2330000	1.1641532e-09	91.21374	-0.008236103	-32.460323	0.586457	0.015211972	0.092409246	15.0	5710.073472499847
233	-8.781818	36.68544	54.4	-75.0	779.1818	2.4466755	9.065745	30.38464	-63.18162	2340000	2.6077032e-08	100.61533	-0.010638058	-31.369339	0.5906102	0.015820289	0.10271027	11.0	5734.882605552673
234	-7.888889	30.526653	40.0	-50.0	704.7778	-1.4244705	6.9070582	13.946559	-70.8426	2350000	9.934108e-09	100.18108	-0.0066457535	-27.72139	0.5802706	0.015723465	0.06570657	7.0	5757.458341360092
235	10.36	40.188137	55.0	-55.0	765.8	0.32119912	8.065243	28.012157	-64.67992	2360000	-1.5522043e-09	83.70822	-0.010623683	-20.196518	0.58773434	0.0152085265	0.11141115	20.0	5782.537522315979
236	3.0	40.428265	52.0	-55.0	701.55554	0.5896107	8.085733	15.3546	-76.0155	2370000	6.2088173e-10	88.99955	-0.008600742	-21.583158	0.58136123	0.0152704315	0.10011002	12.0	5806.51042175293
237	-9.666667	50.0	68.0	-85.0	686.44446	-0.09225853	7.823158	19.259306	-72.48183	2380000	8.692344e-09	113.21995	-0.007818617	-36.281837	0.5986097	0.015350853	0.09620962	12.0	5830.927057504654
238	8.777778	41.3408	68.0	-50.0	708.6667	-0.53798276	7.224417	18.737957	-61.79764	2390000	1.1175871e-08	83.801	-0.008951764	-22.455149	0.59706306	0.015315603	0.092609264	15.0	5853.9555542469025
239	4.3333335	33.69471	60.0	-40.0	690.44446	0.50178576	6.302225	15.630186	-60.987705	2400000	-7.450581e-09	100.2546	-0.0069345217	-16.38925	0.5917195	0.015460846	0.10001001	10.0	5878.905977487564
240	10.76	46.792713	64.0	-70.0	709.3	1.6003342	7.477487	29.798485	-61.72033	2410000	-9.313226e-09	101.78474	-0.0068587787	-24.217987	0.5888682	0.0151056545	0.10101011	9.0	5900.381410121918
241	-8.963636	45.149193	60.0	-70.0	739.2727	1.4224377	8.579866	31.99077	-69.89307	2420000	-7.450581e-09	107.264404	-0.009445865	-28.670828	0.58493775	0.015324595	0.089308925	11.0	5924.013339281082
242	1.0	34.10116	44.0	-55.0	755.6667	-0.85875374	7.405806	18.250044	-60.783493	2430000	-2.0489097e-08	98.715416	-0.006274076	-31.153116	0.5996063	0.015294419	0.06790679	8.0	5946.59996175766
243	5.2	40.67874	72.0	-45.0	734.0	-0.25771973	8.640664	33.167564	-71.1293	2440000	-4.967054e-09	94.09512	-0.006257899	-21.156584	0.59105426	0.015018135	0.08910891	7.0	5970.865797519684
244	-4.5636363	35.45566	56.8	-50.0	701.2727	0.1734048	9.101796	28.791159	-74.610405	2450000	-7.450581e-09	94.35154	-0.0067857546	-25.460855	0.59311724	0.016226606	0.09160916	8.0	6001.911192417145
245	-2.0769231	47.096138	80.0	-75.0	749.61536	-0.2144528	9.167993	24.363586	-66.06331	2460000	1.7384687e-08	110.5913	-0.009787155	-32.85748	0.57865673	0.015384967	0.098609865	15.0	6025.367426395416
246	10.111111	44.265472	84.0	-45.0	690.55554	-1.2306098	7.1648216	22.569572	-53.212715	2470000	2.483527e-09	83.57008	-0.008344918	-29.828405	0.5989641	0.016305381	0.08160816	11.0	6049.2326600551605
247	4.5555553	35.52186	72.0	-40.0	722.0	0.48018977	7.7799053	23.67053	-66.609886	2480000	2.1109978e-08	93.593666	-0.0062611867	-18.398954	0.59941584	0.0153085925	0.073407345	6.0	6075.122250795364
248	2.527273	43.24495	80.8	-55.0	693.8182	0.28642637	8.774488	31.063583	-65.08175	2490000	-4.967054e-09	108.77537	-0.006497538	-27.308304	0.60924	0.016440189	0.08100811	6.0	6098.565352201462
249	5.0	45.17743	64.0	-60.0	721.7	1.2533286	7.958031	27.349133	-62.21307	2500000	1.2417634e-08	97.7335	-0.008530922	-21.333246	0.57830155	0.015643153	0.087408744	13.0	6122.818770647049
