Epoch	AverageEpRet	StdEpRet	MaxEpRet	MinEpRet	EpLen	AverageVVals	StdVVals	MaxVVals	MinVVals	TotalEnvInteracts	LossPi	LossV	DeltaLossPi	DeltaLossV	Entropy	KL	ClipFrac	StopIter	Time
0	96.96124	4.0763493	100.0	84.1	121.625	35.423096	17.928762	82.59988	-2.0261245	10000	1.5056381e-08	63.379375	0.004562351	-12.863034	0.28499076	0.019035717	0.07920792	1.0	22.560072660446167
1	95.96753	4.810984	100.0	81.7	127.77922	34.80364	17.641264	79.689804	-19.091045	20000	-9.623666e-09	69.99133	-0.01140764	-21.801947	0.28243986	0.01757174	0.09280928	19.0	47.223121881484985
2	96.192406	5.039584	100.0	80.5	123.18987	34.3325	18.06294	82.76308	-4.8197002	30000	-8.2266824e-09	59.831142	-0.005695407	-10.9079895	0.2805619	0.015026894	0.06840684	8.0	71.04534125328064
3	96.71125	4.091241	100.0	84.7	121.5625	34.45582	17.790981	80.41902	-1.9497087	40000	-1.777274e-08	55.917324	-0.006507332	-9.979249	0.26644865	0.0151509615	0.07420742	19.0	94.61090064048767
4	96.38205	4.3493805	100.0	81.7	123.628204	35.276237	18.264444	80.53904	1.6349463	50000	-3.7252903e-09	59.36612	-0.006599646	-10.158649	0.27891538	0.01560766	0.06270627	12.0	119.57090711593628
5	96.14103	5.0007806	100.0	79.0	125.0	34.967052	18.113213	95.165985	-3.9247015	60000	2.20413e-08	63.401913	-0.0061786976	-15.103286	0.29202244	0.015916975	0.06110611	10.0	141.6736044883728
6	96.00256	4.99651	100.0	78.4	124.65385	34.594673	18.180897	80.35334	-0.65423894	70000	1.7384687e-08	55.870594	-0.0069514965	-10.085099	0.29020852	0.015175682	0.08320832	11.0	164.44733047485352
7	96.13974	4.96566	100.0	79.3	125.589745	34.190964	17.794514	80.44322	-10.482347	80000	3.1044085e-08	69.65348	-0.007698553	-15.126339	0.29103658	0.015395995	0.071607165	13.0	189.4064781665802
8	96.32821	4.2750587	100.0	84.1	126.78205	33.876892	17.729696	81.20035	-5.9721594	90000	-1.1175871e-08	59.19161	-0.010425729	-11.081632	0.27639493	0.015114668	0.08510851	28.0	214.2893669605255
9	96.5375	4.559231	100.0	81.7	122.925	34.23765	17.597906	79.05999	-3.3850846	100000	-2.2351742e-08	74.229065	-0.007320306	-16.814262	0.2844679	0.017098242	0.06350636	12.0	237.82279324531555
10	96.47875	4.6356683	100.0	82.0	121.35	34.9262	17.669746	82.21877	0.78388643	110000	-1.9868216e-08	56.51488	-0.006752427	-11.53722	0.2824296	0.016204342	0.09070907	15.0	261.21969771385193
11	96.19359	4.7268286	100.0	82.9	123.833336	34.552517	18.229687	86.35457	-21.867828	120000	4.346172e-09	64.4104	-0.0070460713	-14.910672	0.28619385	0.015753182	0.061006103	9.0	284.03567934036255
12	95.54487	5.8800325	100.0	73.6	124.47436	34.622417	18.329718	80.11324	-7.3539653	130000	6.2088173e-10	69.50011	-0.0044767186	-16.34755	0.29276612	0.017571641	0.063906394	6.0	307.30401396751404
13	95.94684	5.0653405	100.0	81.1	124.582275	33.507885	18.302498	79.573235	-1.8390054	140000	8.071463e-09	62.60661	-0.0072763045	-11.970754	0.28606445	0.015242376	0.063806385	15.0	331.9909293651581
14	96.16124	4.714194	100.0	78.4	123.4125	33.51571	18.222675	85.283	-16.93699	150000	2.0178655e-08	53.120808	-0.0059992988	-7.74869	0.28465617	0.015537157	0.07160716	11.0	356.1250810623169
15	95.56	5.0903563	100.0	82.0	131.10667	34.09885	18.253214	86.2394	-8.71756	160000	2.483527e-09	71.918816	-0.008088374	-15.032856	0.30312645	0.01530615	0.079507954	10.0	380.0716531276703
16	95.877625	4.9575725	100.0	77.2	127.460526	34.244976	18.158682	79.99381	-9.785566	170000	-2.0799538e-08	71.47737	-0.008256416	-14.58939	0.28884825	0.015376975	0.069806986	14.0	404.98122811317444
17	96.137665	4.390161	100.0	85.0	126.06493	34.453186	17.732897	76.87691	-3.6028826	180000	-1.2805685e-09	64.61047	-0.0087794075	-14.464105	0.29224703	0.015155663	0.070107006	15.0	428.34964990615845
18	96.475	4.5024576	100.0	84.7	121.925	34.531715	18.133999	88.30948	-3.1072757	190000	-8.071463e-09	57.518173	-0.007259145	-11.745728	0.2929882	0.015688473	0.06760676	15.0	451.51907658576965
19	96.3605	5.1105227	100.0	79.3	119.50617	34.6129	18.40182	80.42975	1.8965384	200000	-3.0112762e-08	51.865376	-0.0076485598	-9.047084	0.29860845	0.015273302	0.07030704	13.0	475.6442301273346
20	96.27875	5.1269064	100.0	74.8	124.025	34.807426	18.23177	82.47266	-9.137716	210000	-2.0178655e-08	61.62585	-0.00864157	-13.539692	0.2989916	0.015800687	0.06930693	15.0	500.9042475223541
21	95.824356	5.1835084	100.0	79.6	123.166664	35.149544	18.196396	81.81387	-0.6751387	220000	2.2584572e-08	60.95943	-0.0066193207	-12.930413	0.3027389	0.016407033	0.06720672	9.0	523.1825382709503
22	96.296104	4.496216	100.0	83.5	125.454544	34.363777	18.302084	80.51449	-10.669286	230000	-2.9957544e-08	67.65964	-0.0057009608	-12.67537	0.3096741	0.015107248	0.07510751	9.0	548.2182545661926
23	96.2375	4.6134143	100.0	82.6	123.7375	34.03171	17.905193	81.22128	-0.91798246	240000	-2.7008355e-08	70.73388	-0.008896663	-13.140908	0.3064276	0.015135515	0.07110711	24.0	572.6978256702423
24	96.37875	4.559021	100.0	81.1	121.175	34.28544	18.043715	82.623116	-1.5525014	250000	3.7408125e-08	68.60921	-0.008542075	-14.467294	0.30274	0.01549556	0.06690669	16.0	596.3475222587585
25	96.520004	5.013816	100.0	80.5	121.6125	34.797386	17.938051	79.14671	-15.808854	260000	-3.3527613e-08	68.28019	-0.0102546	-15.335069	0.2996373	0.015239414	0.083708376	21.0	620.2461557388306
26	96.46875	5.075125	100.0	82.3	121.075	35.374058	18.010727	80.33874	-7.2567706	270000	3.601114e-08	62.201458	-0.008509101	-13.101315	0.30185	0.015091802	0.06540654	10.0	644.8453810214996
27	95.7359	4.9567356	100.0	81.4	125.9359	34.967945	18.337593	88.258995	-9.875788	280000	3.9115548e-08	72.623535	-0.01082701	-15.238496	0.3073908	0.015512197	0.08180818	22.0	669.3180317878723
28	95.685524	5.1049175	100.0	79.9	128.25	34.554188	17.344193	80.261345	-4.469442	290000	-8.692344e-09	68.800476	-0.008873033	-15.827206	0.29510474	0.015120812	0.07720772	12.0	695.0927178859711
29	96.37342	4.5716715	100.0	80.2	124.93671	33.69407	17.718023	78.20858	-3.275855	300000	-2.483527e-09	64.708885	-0.0075038318	-12.152484	0.29327622	0.015191064	0.06840684	12.0	718.6129038333893
30	95.610535	5.7523584	100.0	70.9	128.82895	33.86914	17.604305	80.79461	-9.7760515	310000	-2.7318796e-08	65.074	-0.0092020035	-11.969724	0.2983967	0.01502253	0.07390739	14.0	741.8302428722382
31	95.85	5.49825	100.0	76.0	123.3375	33.704575	18.239359	79.832016	-10.637781	320000	8.692344e-09	70.508705	-0.007280621	-17.357199	0.3005216	0.016493663	0.06730673	8.0	764.8096647262573
32	95.53116	5.3105936	100.0	77.2	128.14285	33.89832	18.206785	80.17554	-20.337158	330000	-1.8626451e-08	69.94813	-0.008287314	-16.809193	0.2971277	0.015172887	0.07390739	13.0	787.9532489776611
33	96.28375	4.6004195	100.0	84.1	121.0	34.296597	18.171429	78.54076	-5.858904	340000	2.0799538e-08	59.707783	-0.006840605	-12.753922	0.298672	0.01529824	0.07580758	10.0	814.0193481445312
34	96.765434	4.4725547	100.0	83.2	119.580246	34.208023	17.70572	85.768074	1.2937746	350000	6.208817e-09	56.1362	-0.0063109123	-10.3138895	0.27583423	0.016231107	0.061806183	9.0	836.9755847454071
35	96.07013	5.1186457	100.0	79.3	126.64935	35.221706	18.342089	79.021095	-5.023261	360000	-2.3593506e-08	67.64441	-0.006862709	-13.192093	0.2906033	0.015246153	0.07040704	11.0	861.1178393363953
36	96.43826	4.6648564	100.0	82.3	120.234566	33.948418	17.764698	79.4067	-9.019703	370000	-2.8560558e-08	59.490505	-0.007720152	-13.358745	0.25978816	0.015225307	0.07330733	15.0	886.8627254962921
37	96.21393	4.9841957	100.0	79.6	122.3924	34.94677	18.199675	83.24046	-12.28253	380000	6.208817e-09	61.067917	-0.0077250362	-11.027027	0.26835537	0.015101243	0.06210621	23.0	911.43230676651
38	96.30633	4.7685237	100.0	82.3	123.63291	34.487312	18.032347	81.69096	-13.651712	390000	-9.934108e-09	61.158344	-0.007752877	-13.297809	0.26418683	0.015107143	0.060206022	14.0	935.403968334198
39	96.765434	4.843811	100.0	81.4	116.54321	34.695267	18.442577	85.20894	-1.1791661	400000	-2.9414272e-08	51.249863	-0.0071731843	-9.05091	0.25427756	0.015597776	0.055505555	11.0	958.199104309082
40	96.51625	4.759738	100.0	79.9	119.6875	35.079277	18.49261	80.61975	-2.9063735	410000	2.2351742e-08	51.605804	-0.0082749585	-8.473802	0.25814015	0.015369694	0.063806385	27.0	982.1277029514313
41	96.29507	5.6335173	100.0	69.7	120.049385	34.487797	18.453154	79.80951	-4.2456427	420000	-1.6142925e-08	52.355347	-0.0114106685	-7.3842797	0.2544156	0.0150323035	0.07820782	58.0	1007.328357219696
42	96.52345	4.61172	100.0	83.8	120.87654	34.30771	18.655077	83.80889	-22.994637	430000	-4.0357313e-09	49.640152	-0.010019206	-9.473072	0.25144145	0.015166767	0.06620661	26.0	1031.50675034523
43	96.43827	4.9017143	100.0	80.5	118.82716	34.491783	18.464062	80.70681	-10.584927	440000	-4.5013926e-09	49.440784	-0.0062406124	-9.21394	0.25306854	0.015052599	0.057505753	9.0	1055.4130182266235
44	96.60249	4.165872	100.0	86.2	120.0625	34.956722	18.30095	80.81919	-6.9071174	450000	-2.9685907e-09	57.556347	-0.006690185	-12.630778	0.25940856	0.016837256	0.07040704	10.0	1078.9701008796692
45	96.2519	5.0823565	100.0	76.9	122.77215	34.909843	18.64193	80.764465	-27.851868	460000	-2.1109978e-08	62.502926	-0.004393474	-14.20615	0.2685649	0.016027294	0.04720472	6.0	1102.474625825882
46	96.44938	4.6608996	100.0	81.4	119.54321	34.1993	18.385149	80.313095	1.8789177	470000	1.6453365e-08	59.60129	-0.0044606603	-10.616689	0.25520083	0.015317519	0.042704273	5.0	1127.2245571613312
47	96.908745	3.900743	100.0	83.5	121.15	34.99138	18.163925	82.35101	-11.019495	480000	2.514571e-08	55.024277	-0.005784601	-11.562138	0.24707733	0.015057016	0.06010601	8.0	1150.897355556488
48	96.37778	5.3540792	100.0	70.3	121.666664	34.32951	17.86917	89.27788	-10.679996	490000	1.1175871e-08	58.57506	-0.006752357	-11.837306	0.252099	0.016276142	0.06950695	11.0	1175.859126329422
49	96.50494	4.6488786	100.0	79.6	121.87654	34.779476	18.0004	83.23064	-3.4305406	500000	3.5952933e-08	55.641582	-0.004528022	-11.302924	0.25539085	0.016010767	0.03850385	6.0	1200.3743979930878
50	96.666245	4.406584	100.0	85.3	120.3125	35.165485	17.71907	86.77647	-3.8720565	510000	1.8626451e-09	53.10937	-0.008429219	-9.557139	0.24941762	0.015117508	0.06630663	18.0	1223.9816210269928
51	96.7725	4.402498	100.0	80.8	118.2875	35.194008	18.451702	91.84886	-36.312206	520000	1.2417635e-09	53.560028	-0.0070225964	-11.195115	0.25190318	0.015535536	0.0470047	9.0	1246.9194474220276
52	96.65926	4.328139	100.0	84.1	120.12346	35.286232	17.787783	86.820816	-9.475522	530000	1.7074248e-09	57.78041	-0.009693078	-13.354257	0.25525033	0.015394301	0.0710071	17.0	1271.0958125591278
53	96.478485	4.56951	100.0	79.0	121.974686	35.24001	17.949638	79.9841	-16.79099	540000	-6.9461144e-09	65.319305	-0.008127314	-14.535724	0.25280294	0.0156714	0.06660666	13.0	1296.633254289627
54	96.84321	4.433568	100.0	79.9	118.333336	35.126816	17.759995	82.170395	-4.370532	550000	-6.519258e-09	54.684887	-0.00831715	-10.149035	0.2541497	0.015002046	0.06410641	21.0	1320.8986988067627
55	96.10864	6.355384	100.0	67.0	119.51852	35.208836	18.182556	79.82573	-12.547115	560000	7.450581e-09	52.669186	-0.008470724	-10.26217	0.25708625	0.015105039	0.06550655	14.0	1344.2997298240662
56	96.61357	4.464918	100.0	83.5	120.62963	34.58891	18.128473	79.181465	-7.054056	570000	6.6744783e-09	55.7442	-0.0081194695	-13.091434	0.24548417	0.015763493	0.06750675	14.0	1368.887906074524
57	96.3075	6.0671406	100.0	67.0	119.7125	35.519936	18.11418	82.21961	-4.7649603	580000	6.208817e-09	60.89679	-0.0073448527	-12.734019	0.26263383	0.015142611	0.06430643	12.0	1393.2694070339203
58	96.89629	4.2694855	100.0	83.5	118.14815	35.605717	17.85221	79.40422	-7.7421713	590000	-8.7699545e-09	53.504333	-0.0068362416	-8.880646	0.2556704	0.015767148	0.07260726	14.0	1417.5488240718842
59	96.50741	4.9344788	100.0	81.1	119.93827	35.3916	17.618427	90.9668	-1.277893	600000	-9.313226e-09	54.576904	-0.009396593	-11.570816	0.24828054	0.015221011	0.06320632	21.0	1442.2601335048676
60	96.498726	4.213225	100.0	83.5	122.35443	35.10837	17.969276	78.8643	-9.245795	610000	-6.208817e-09	55.873535	-0.0069863736	-12.078529	0.25298557	0.01527959	0.07260726	10.0	1466.462598323822
61	96.40617	4.847587	100.0	80.2	120.641975	34.39303	17.883148	78.75736	2.5361247	620000	1.0554989e-08	59.563915	-0.005364184	-14.048478	0.26355433	0.015689647	0.04630463	6.0	1491.176241159439
62	96.690125	4.614727	100.0	80.5	118.18519	34.84967	17.789312	81.45564	-26.089085	630000	-6.208817e-09	54.11897	-0.0071932445	-11.572876	0.26022702	0.016591093	0.074107416	11.0	1515.602447271347
63	96.338745	4.8024344	100.0	81.1	120.0125	35.31426	18.227262	80.48634	-6.1852474	640000	-6.829699e-09	52.895874	-0.006465589	-10.136967	0.26861462	0.01568521	0.060006004	8.0	1539.2013366222382
64	96.68375	4.1187506	100.0	83.8	119.15	35.035954	17.806068	85.001015	-0.5269886	650000	2.8560558e-08	52.803112	-0.0059646964	-9.815926	0.26458085	0.015321091	0.06430643	11.0	1562.670048236847
65	97.03333	4.329742	100.0	83.8	117.61729	35.21344	17.807444	86.3215	0.20930481	660000	5.9604645e-08	62.947956	-0.007230641	-13.907501	0.24963923	0.015542272	0.07910791	18.0	1587.9264914989471
66	96.8375	4.3515043	100.0	85.0	118.975	35.832027	18.09367	83.19969	-10.754507	670000	3.7252903e-09	60.14818	-0.007645145	-14.19683	0.2548246	0.015197143	0.06420642	9.0	1611.7322545051575
67	96.799995	4.620004	100.0	82.0	117.48148	35.419827	17.93685	79.65885	-17.15996	680000	-2.7939677e-09	54.662342	-0.0068691834	-11.102393	0.2547772	0.01518089	0.05960596	11.0	1636.061327457428
68	96.5679	4.8023353	100.0	83.5	121.09876	34.824474	17.92176	84.46321	-21.220856	690000	-3.7252903e-09	70.341484	-0.009309403	-16.47273	0.25216752	0.015768196	0.06870687	16.0	1659.8387413024902
69	96.720985	4.622695	100.0	84.4	117.79012	35.61447	17.817156	80.98299	0.9175551	700000	-4.307367e-09	58.09283	-0.00838887	-12.484109	0.25776157	0.015255116	0.07130713	14.0	1683.9374663829803
70	94.59241	15.996525	100.0	-40.0	124.27848	34.747284	18.231958	93.38642	-20.064991	710000	-1.1175871e-08	171.02043	-0.007140254	-81.92267	0.2755033	0.016298437	0.05710571	7.0	1708.0956411361694
71	96.703705	4.6981063	100.0	79.9	119.049385	34.640232	17.749866	77.52843	-25.46144	720000	-1.4823551e-08	62.112812	-0.010883138	-16.124544	0.26414552	0.016015107	0.070707075	28.0	1732.2298288345337
72	96.967896	4.2389092	100.0	84.4	117.80247	35.655495	17.944141	89.817085	0.15295696	730000	3.1044087e-10	51.052067	-0.008124383	-12.395717	0.25452384	0.015362383	0.064906485	14.0	1755.9830787181854
73	96.74691	4.7895484	100.0	81.1	118.679016	35.200596	18.003403	81.04505	-16.151821	740000	-2.3593506e-08	59.238052	-0.008133463	-13.982792	0.2616203	0.015062868	0.064706475	12.0	1779.5290215015411
74	96.69383	4.5583277	100.0	83.5	118.950615	35.597343	17.84623	79.12217	-16.88354	750000	3.0073957e-10	60.75334	-0.006600739	-11.365724	0.25413308	0.017190104	0.051405143	9.0	1803.5895643234253
75	96.490005	4.890209	100.0	82.3	120.7125	35.257217	17.93501	81.914276	-14.350903	760000	7.450581e-09	61.266003	-0.008316018	-13.119927	0.26081908	0.015779205	0.07270727	18.0	1829.1821796894073
76	96.8	4.697754	100.0	82.3	119.296295	34.72765	18.117348	84.929886	-6.4912276	770000	-2.173086e-08	53.531063	-0.0038033866	-9.770967	0.26500773	0.018982315	0.053205322	10.0	1853.0478732585907
77	97.03333	4.455403	100.0	82.3	120.17284	35.06308	17.769682	75.23104	-14.857583	780000	3.1044085e-09	59.744213	-0.007434103	-9.412025	0.2568812	0.015693149	0.07550755	13.0	1876.408903837204
78	96.53	4.525688	100.0	82.6	122.2875	35.569355	17.813263	79.45133	-12.703658	790000	-3.1044085e-09	57.8759	-0.007859539	-10.9948	0.26473787	0.01524787	0.05960596	14.0	1900.948971748352
79	96.47125	4.8833957	100.0	81.1	120.725	35.29486	17.49281	77.71757	-7.336403	800000	6.2088173e-10	55.29407	-0.009943539	-11.590545	0.26658493	0.016070003	0.06970697	17.0	1924.865818977356
80	96.08861	5.657861	100.0	74.2	122.0	35.409893	17.785847	77.23645	-19.893553	810000	-1.2417634e-08	58.225754	-0.008654609	-13.4846	0.2607165	0.015420699	0.08150815	15.0	1947.235776424408
81	96.534996	5.025761	100.0	79.6	118.775	35.016605	18.06965	78.64668	-18.58235	820000	3.7252903e-08	57.850525	-0.004398054	-12.800129	0.25851563	0.01605135	0.043504354	6.0	1970.0676219463348
82	96.65185	4.736491	100.0	81.1	119.888885	34.969677	17.92262	77.119576	-8.56111	830000	1.2417635e-09	46.244823	-0.0073936917	-9.682891	0.25508815	0.015025466	0.06770677	12.0	1994.0127937793732
83	96.41875	5.508359	100.0	73.3	120.375	35.093193	18.111519	76.32652	-7.7130857	840000	4.967054e-09	51.058353	-0.009045207	-11.398438	0.24448378	0.015391547	0.07230723	16.0	2017.690988779068
84	96.52716	4.7615747	100.0	76.9	119.91358	34.855698	18.042322	80.12251	-10.350039	850000	-2.7318796e-08	57.827877	-0.0039481972	-15.052611	0.23628472	0.01517287	0.03750375	6.0	2041.8703651428223
85	96.7	4.8421755	100.0	82.9	118.79012	34.840137	17.67868	78.45535	-16.650097	860000	1.5114589e-08	57.151752	-0.004117844	-12.760005	0.23570342	0.01663436	0.054905493	10.0	2064.996554851532
86	96.83951	4.6165476	100.0	81.7	119.20988	35.221832	17.92573	77.89352	-10.652671	870000	1.2417634e-08	55.054638	-0.01130737	-9.632815	0.24361879	0.015031293	0.07010701	53.0	2089.3455622196198
87	96.66376	4.7401276	100.0	80.5	118.6	36.0045	17.67147	95.88877	-15.508095	880000	-1.3969839e-08	54.57144	-0.008348461	-10.844617	0.2395072	0.015535864	0.06480648	13.0	2113.418735265732
88	96.75375	4.361276	100.0	80.2	121.3	35.697872	17.935904	79.48239	-4.3576994	890000	2.1109978e-08	55.571716	-0.011253576	-10.590294	0.23527557	0.015100211	0.07580758	55.0	2138.386325597763
89	97.03333	4.367303	100.0	82.6	117.74074	35.147614	18.15087	79.66024	4.371518	900000	-3.2538082e-08	49.612865	-0.007676777	-7.227121	0.2419144	0.015259293	0.07260726	20.0	2162.3739244937897
90	96.40864	5.07546	100.0	73.9	120.93827	35.292336	18.01681	80.11631	-14.127588	910000	-1.8626451e-09	48.412537	-0.006561085	-9.368892	0.23817708	0.015428261	0.055705573	16.0	2186.6817910671234
91	97.200005	4.170798	100.0	85.9	115.888885	35.543613	17.861666	80.30054	2.05857	920000	-3.1044085e-08	42.386246	-0.0072857644	-7.4138503	0.23584737	0.015617606	0.05860586	15.0	2210.10005068779
92	97.03827	4.118899	100.0	81.7	116.48148	35.540627	18.147251	86.18554	-4.0676546	930000	1.2417634e-08	39.28827	-0.0048404248	-6.33464	0.23930816	0.015149158	0.040004	6.0	2232.471956729889
93	96.68889	4.9018006	100.0	80.5	119.81481	35.145714	18.259024	80.31412	-16.302147	940000	3.7563343e-08	50.4984	-0.005138249	-9.9186125	0.23933995	0.016233439	0.050905094	8.0	2256.6202030181885
94	96.73951	4.708481	100.0	79.3	117.09876	35.250004	18.373001	79.96339	-1.4951379	950000	5.122274e-09	45.568726	-0.0025529938	-8.532891	0.23908794	0.01997697	0.036503654	6.0	2280.4855346679688
95	96.67375	4.506488	100.0	83.5	122.325	35.08549	18.220259	80.29524	-6.7004156	960000	-3.0112762e-08	55.332764	0.00089889363	-14.466216	0.24066085	0.019533576	0.038003802	5.0	2303.6629853248596
96	96.7525	4.737905	100.0	80.8	117.0375	35.42658	18.204073	83.89604	-12.504138	970000	-6.2088173e-10	49.212322	0.0042039915	-9.516887	0.24307136	0.032710742	0.030903092	1.0	2327.709901332855
97	96.835	4.715562	100.0	79.6	120.1875	35.64923	18.350428	79.48324	-12.636414	980000	1.2805685e-08	44.138386	-0.0014801171	-8.775007	0.23104459	0.0151354745	0.050005	3.0	2350.196758747101
98	97.08889	4.2256994	100.0	83.8	118.30864	35.570927	18.357367	79.83071	-7.000228	990000	-2.7939677e-09	52.274567	-0.007942034	-14.50488	0.21439713	0.015033573	0.069106914	28.0	2373.5614783763885
99	96.751854	4.704086	100.0	82.0	116.61729	35.675884	18.03495	79.665215	-1.4267335	1000000	-1.6298145e-08	47.16522	-0.008803139	-7.414688	0.22360623	0.015334127	0.062406242	25.0	2398.7879073619843
100	97.06913	4.2271795	100.0	85.0	118.12346	35.78507	18.145237	79.53414	-1.5311637	1010000	-7.450581e-09	46.96211	-0.0073478394	-10.166427	0.22903426	0.015075747	0.06760676	13.0	2422.258702993393
101	96.58125	5.081389	100.0	77.8	119.1625	36.12832	18.060255	79.75914	-8.597282	1020000	6.208817e-09	56.804707	-0.008496177	-11.648708	0.22586887	0.015159562	0.06930693	20.0	2447.3442862033844
102	96.4475	5.3627644	100.0	79.3	118.1375	35.777878	17.989191	79.94761	-15.083628	1030000	4.967054e-09	51.155094	-0.0070464355	-13.379191	0.22874129	0.015916655	0.05920592	11.0	2469.887225151062
103	96.72593	4.887671	100.0	83.2	118.25926	35.407978	18.28872	79.428795	0.080451965	1040000	-3.7252903e-09	40.915623	-0.007146058	-8.701283	0.22306396	0.015414838	0.055105507	13.0	2493.171797275543
104	96.792595	4.8271556	100.0	82.6	116.950615	35.59294	18.37488	80.90463	-15.512613	1050000	1.6142925e-08	47.70824	-0.004865371	-11.02579	0.2227314	0.015173904	0.04680468	7.0	2515.9513750076294
105	96.81999	4.4214926	100.0	82.9	121.2125	35.814697	18.070213	80.4933	-2.2158782	1060000	1.6763806e-08	65.568596	-0.005775099	-21.388885	0.2227268	0.015483615	0.056305632	15.0	2539.6775965690613
106	96.152504	5.6194077	100.0	66.0	123.4875	35.68654	17.562557	79.79645	-0.7724781	1070000	-9.313226e-09	65.95367	-0.0064575137	-14.640706	0.22113036	0.015474784	0.05060506	14.0	2564.88125705719
107	96.6725	4.498721	100.0	82.9	120.6125	35.420414	17.58176	79.848175	-4.3490458	1080000	1.8781671e-08	62.648365	-0.009479991	-14.29288	0.22355963	0.015308603	0.0590059	28.0	2589.9578499794006
108	96.655556	4.7602777	100.0	81.7	120.91358	35.90012	17.628443	80.28866	-16.918148	1090000	6.829699e-09	57.81004	-0.009413284	-11.223572	0.21645106	0.015329763	0.0560056	14.0	2615.211276769638
109	97.05061	4.067308	100.0	79.9	119.888885	35.630325	17.649641	77.681175	-6.9990854	1100000	-2.3903945e-08	59.07208	-0.011081272	-10.135376	0.21349108	0.015103634	0.06810681	56.0	2640.023451089859
110	96.46667	4.952116	100.0	80.5	119.69136	35.549416	17.508745	81.99935	-11.145001	1110000	-1.4280279e-08	53.51805	-0.009120231	-11.655326	0.21911664	0.015607309	0.06550655	19.0	2665.2057931423187
111	96.57	4.5224547	100.0	83.2	122.9375	35.14602	17.86726	81.393105	-7.143297	1120000	1.1563922e-08	53.136417	-0.004353999	-14.5621805	0.2216164	0.016266303	0.03750375	6.0	2687.694834470749
112	96.90618	4.152267	100.0	86.2	117.03704	35.27154	17.740541	82.29566	3.6333637	1130000	6.2088173e-10	59.895275	-0.010422059	-15.397984	0.22003673	0.015324158	0.085508555	61.0	2712.9722967147827
113	96.00253	6.0706797	100.0	69.0	121.53165	36.01183	17.638163	79.83939	-10.614147	1140000	-1.4125059e-08	60.585766	-0.011328864	-12.657486	0.22749738	0.015564715	0.07320732	20.0	2735.979387521744
114	96.84445	4.5103717	100.0	82.6	118.27161	35.86468	17.61952	82.76602	-3.681975	1150000	-2.7008355e-08	53.935337	-0.0069190376	-10.85423	0.22424448	0.015300681	0.058805883	13.0	2759.1223816871643
115	96.88148	4.3354154	100.0	84.7	119.45679	35.483006	17.55051	82.68228	-2.9295032	1160000	-3.1044087e-10	48.94525	-0.0059697255	-10.074066	0.21852835	0.01532542	0.068006806	13.0	2783.3908145427704
116	97.07407	4.422551	100.0	82.0	119.07407	35.934673	17.977785	81.41078	3.4356854	1170000	1.2417635e-09	52.60727	-0.007308246	-9.705134	0.21993126	0.015147702	0.07110711	21.0	2807.6518609523773
117	96.863754	4.289267	100.0	81.7	119.05	36.030502	17.834593	78.22309	6.6304445	1180000	1.8626451e-09	55.30862	-0.0069314917	-11.1793375	0.21968387	0.015152648	0.053905394	13.0	2831.0150146484375
118	96.40375	4.5783854	100.0	84.1	121.525	35.770874	17.712103	83.82718	-8.966646	1190000	-1.1306838e-08	53.32837	-0.007497448	-10.649258	0.21840627	0.01504805	0.05760576	12.0	2855.11057305336
119	96.77407	4.6469893	100.0	82.9	119.27161	35.354984	17.344751	77.879425	-3.7017665	1200000	1.3659398e-08	52.143932	-0.005645772	-8.8896055	0.21867572	0.0150393	0.046804678	8.0	2878.416624546051
120	96.72222	4.7335153	100.0	83.2	117.54321	36.227486	17.710697	82.235756	-2.940507	1210000	-3.1044085e-09	52.998783	-0.0069515468	-9.58881	0.23038524	0.015722178	0.06960696	12.0	2901.13224029541
121	95.93784	5.4711947	100.0	78.7	126.47298	34.660522	18.068863	89.01083	-28.96842	1220000	2.3593506e-08	98.997444	-0.009182871	-37.965443	0.23994054	0.01541808	0.06340634	8.0	2924.1601490974426
122	96.745674	4.919376	100.0	80.5	118.28395	35.67074	16.627636	77.91169	-12.127156	1230000	-9.313226e-10	56.17917	-0.010296005	-14.339459	0.23492306	0.015205097	0.06420642	26.0	2948.7622368335724
123	96.99753	4.4841003	100.0	78.7	120.641975	35.079372	18.120665	85.25008	-23.80143	1240000	3.259629e-09	60.72112	-0.0070673153	-13.830475	0.23536038	0.01560194	0.054805476	9.0	2971.698113679886
124	96.16154	5.3885264	100.0	79.3	123.38461	35.7656	17.500322	85.0114	-2.067495	1250000	-1.3659398e-08	73.78073	-0.00676416	-17.612423	0.23282582	0.015937475	0.061406136	10.0	2996.5297231674194
125	96.840744	4.599054	100.0	82.3	118.604935	35.485126	17.417183	80.97425	-7.193863	1260000	1.8471232e-08	50.439747	-0.008943292	-10.225444	0.23103671	0.015828019	0.06690669	18.0	3020.4855511188507
126	97.03704	4.31055	100.0	82.3	119.296295	35.985832	17.580114	78.2973	-3.3853774	1270000	3.1044085e-09	53.294636	-0.011909944	-9.283981	0.23161443	0.015048116	0.08620862	41.0	3044.343328475952
127	96.3	5.511604	100.0	76.9	121.419754	34.94364	17.893024	77.716896	-19.186794	1280000	5.5879354e-09	60.31834	-0.011100762	-15.9613495	0.24187644	0.015195742	0.078007795	22.0	3067.1532804965973
128	96.305	5.548488	100.0	72.4	120.7625	36.005913	17.797192	78.88354	-12.254211	1290000	-8.071463e-09	53.871567	-0.009356666	-10.604932	0.2350808	0.015101698	0.06710672	16.0	3090.6835951805115
129	95.98987	5.833287	100.0	74.8	122.63291	36.012413	17.64253	80.409096	-5.4576263	1300000	8.2266824e-09	60.739697	-0.0089580035	-12.421181	0.24512792	0.015436807	0.06780678	14.0	3115.207179546356
130	96.44557	4.958098	100.0	82.9	122.43038	35.6506	17.658798	78.12988	-22.724367	1310000	-1.6142925e-08	66.91254	-0.0077655935	-14.350967	0.24584083	0.015811117	0.05860586	12.0	3137.1322576999664
131	96.0924	5.6045585	100.0	73.0	124.696205	35.359158	17.429893	77.803665	-18.008938	1320000	2.4447218e-09	72.87025	-0.0071244403	-20.413126	0.24709065	0.015615855	0.07870787	7.0	3160.784506082535
132	96.15317	5.5129037	100.0	78.4	123.0	36.15058	17.438366	78.28137	-7.614221	1330000	3.1044087e-10	64.16357	-0.007877154	-16.658049	0.23410852	0.015079242	0.07110711	12.0	3183.9915022850037
133	96.74074	4.8395944	100.0	80.8	120.77778	35.090443	17.462101	84.21324	-8.387056	1340000	-1.21071935e-08	57.744537	-0.010450433	-11.689011	0.22843276	0.015598358	0.08180818	23.0	3208.614088535309
134	96.34374	5.304593	100.0	81.1	122.0625	36.321743	17.64857	78.88776	-4.267352	1350000	-1.086543e-08	65.99751	-0.006767751	-19.357365	0.23097064	0.015488923	0.05280528	11.0	3232.291077375412
135	96.66913	4.795179	100.0	82.0	121.765434	35.020844	17.549162	77.36064	-5.4975843	1360000	-1.0554989e-08	58.032543	-0.0088949995	-11.503978	0.23828001	0.015193328	0.06210621	16.0	3257.18661236763
136	96.677216	4.7790136	100.0	78.7	123.303795	35.10009	17.52491	79.03574	-20.68899	1370000	2.483527e-09	64.03418	-0.0071310247	-16.605846	0.23130064	0.01501437	0.057905793	10.0	3280.8519248962402
137	96.51139	4.697885	100.0	83.8	123.48101	36.238804	17.043716	87.97684	-5.911523	1380000	1.6142925e-08	65.723785	-0.0068846736	-16.950369	0.22528951	0.015477489	0.061506152	10.0	3305.40508890152
138	96.64445	4.8474755	100.0	82.0	117.59259	35.562923	17.934376	78.49294	-7.5949335	1390000	-3.4148495e-09	54.453888	-0.011739039	-14.181989	0.22490372	0.015143828	0.06990699	24.0	3329.307671070099
139	96.59874	4.6692767	100.0	83.2	121.544304	36.241695	17.400887	81.691986	-11.144821	1400000	5.8983765e-09	63.885605	-0.008008525	-14.017307	0.23102163	0.015565708	0.05710571	14.0	3351.3409955501556
140	96.475	5.066249	100.0	80.5	121.875	35.612473	17.474037	79.15033	-14.06632	1410000	2.2351742e-08	57.90492	-0.007597635	-12.890652	0.22643368	0.015827138	0.05520552	12.0	3375.316869020462
141	96.28608	5.0974984	100.0	80.2	122.55696	35.69121	17.609055	80.655914	-6.004775	1420000	-1.086543e-08	55.963825	-0.008157582	-12.749106	0.22266638	0.01540707	0.07680768	9.0	3399.306676864624
142	95.926926	5.4876475	100.0	78.7	124.96154	35.044804	17.483522	80.46241	-2.9478555	1430000	-6.208817e-09	67.86197	-0.010964234	-17.78776	0.22986539	0.015459906	0.079607956	18.0	3422.3932819366455
143	96.65925	4.9778967	100.0	79.9	119.14815	35.05196	17.609196	81.21063	-8.874863	1440000	0.0	48.833927	-0.005888771	-10.673083	0.2293316	0.015325234	0.046904687	7.0	3448.036919116974
144	96.362816	4.787513	100.0	85.0	124.57692	35.737476	17.777143	78.53625	-4.966763	1450000	-7.916242e-09	62.644276	-0.008150422	-15.087508	0.23700482	0.015310782	0.07120712	16.0	3471.90132188797
145	96.35185	5.4101663	100.0	76.6	119.65432	35.12335	17.306492	79.406746	-7.9487123	1460000	3.1044085e-09	54.68393	-0.0074457773	-12.754142	0.23126625	0.016114753	0.056405645	10.0	3495.3680930137634
146	96.067085	5.711209	100.0	71.5	124.01266	35.596672	17.791277	79.743454	-4.263252	1470000	-1.3038516e-08	59.355366	-0.007809577	-14.013858	0.23421006	0.015242531	0.05650565	11.0	3518.351153612137
147	96.63039	4.5696125	100.0	84.4	122.12658	35.32781	18.072144	81.55957	-8.142556	1480000	-8.692344e-09	60.326218	-0.006674573	-13.372411	0.24107994	0.015541692	0.0590059	10.0	3542.12145113945
148	95.818665	4.8526745	100.0	82.6	130.76	34.394833	18.064686	79.6801	-15.878164	1490000	3.7252903e-09	75.32529	-0.008003614	-25.537207	0.25478154	0.015167425	0.06730673	9.0	3564.2206444740295
149	95.87334	5.3447876	100.0	82.6	130.12	33.754456	17.858553	76.31831	-1.6481981	1500000	7.761021e-09	79.869934	-0.006214261	-20.625872	0.24461631	0.015126352	0.06490649	12.0	3587.16428732872
150	96.52987	4.842723	100.0	81.7	127.31169	33.89058	17.644676	80.69709	-1.950362	1510000	-1.854884e-08	78.38314	-0.0074837003	-18.13405	0.23719263	0.015573711	0.05830583	13.0	3611.469833612442
151	96.61299	4.8766165	100.0	81.1	127.766235	34.7251	17.613016	83.055466	-3.3000257	1520000	-2.7939677e-09	65.32426	-0.007485783	-14.995301	0.24359287	0.015827445	0.06610661	11.0	3634.8137395381927
152	95.66133	5.4314365	100.0	79.6	130.96	34.33548	17.524458	79.41837	-8.439306	1530000	-8.692344e-09	59.7961	-0.0051348596	-11.624818	0.25632545	0.019107066	0.04490449	7.0	3658.2265696525574
153	95.96329	6.557191	100.0	57.0	123.025314	34.743206	17.282106	79.45994	-11.15141	1540000	-1.7384687e-08	73.10436	-0.00083807606	-18.62831	0.26389423	0.030229278	0.06040604	6.0	3681.8495922088623
154	94.22568	14.2609	100.0	-20.0	133.7027	33.679684	18.03386	81.46934	-13.607695	1550000	9.934108e-09	149.937	-0.0034044927	-54.775757	0.2623056	0.021611482	0.051205117	3.0	3703.922686815262
155	96.519	4.488158	100.0	82.9	124.620255	34.146946	17.373753	76.52519	-20.445385	1560000	3.7252903e-08	61.038006	-0.005371897	-14.568771	0.25425655	0.01703867	0.06740674	6.0	3727.2943699359894
156	96.34286	4.9198623	100.0	82.6	124.57143	34.760517	17.98648	78.49654	-16.347387	1570000	1.6142925e-08	58.767185	-0.010307094	-13.197219	0.2625101	0.015348398	0.08080808	19.0	3751.397712945938
157	96.388466	4.6565638	100.0	80.2	122.64103	35.246544	17.56632	78.21637	-9.8075485	1580000	-1.0554989e-08	58.765087	-0.0025011045	-9.998672	0.25925288	0.016933773	0.04970497	3.0	3774.5705139636993
158	96.32405	4.6908264	100.0	83.5	124.379745	34.693405	17.858143	79.84285	-6.4621477	1590000	-2.2351742e-08	61.781292	-0.003331772	-15.218337	0.25356364	0.015519832	0.049604964	4.0	3797.4385256767273
159	96.49875	4.7820106	100.0	83.5	121.3625	34.838135	17.396133	80.42514	-6.79543	1600000	-1.086543e-08	68.28535	-0.0025571368	-17.151367	0.24877256	0.016738152	0.06410641	5.0	3821.047084093094
160	97.12592	4.0394893	100.0	84.1	119.8642	35.18948	17.372799	81.202896	6.650033	1610000	2.7338197e-08	54.19759	-0.005286075	-12.570851	0.24583739	0.015563082	0.06410641	11.0	3844.98176240921
161	96.21391	5.290946	100.0	78.7	122.51899	35.561726	17.885317	79.9971	-1.067919	1620000	-1.4901161e-08	65.89188	-0.006602306	-14.310746	0.26710814	0.017800238	0.0510051	6.0	3869.363789319992
162	96.539505	4.832086	100.0	82.6	117.65432	35.10401	17.37612	80.914055	-1.1122313	1630000	1.5522042e-08	55.3929	-0.0048432723	-13.054558	0.26114228	0.01666228	0.08270828	8.0	3893.436630964279
163	96.78249	4.6863837	100.0	82.9	120.85	35.339043	17.902376	79.75772	-10.723288	1640000	2.4214387e-08	64.908806	-0.0033940773	-15.344719	0.25095224	0.0153028285	0.09180918	5.0	3916.993808031082
164	96.92963	4.422234	100.0	81.4	118.48148	35.415077	17.644022	80.028206	-7.761329	1650000	-2.2739792e-08	55.469513	-0.0064192596	-10.366485	0.24470186	0.015165159	0.06350635	14.0	3941.055718421936
165	96.726585	4.5201297	100.0	82.9	123.93671	35.332638	17.829962	79.41012	-0.5698252	1660000	-2.9181441e-08	57.45053	-0.008892777	-10.511697	0.2482527	0.015103471	0.0740074	20.0	3965.09521651268
166	96.59875	4.8085213	100.0	83.2	120.1	35.29891	17.906738	79.29013	0.96643496	1670000	-2.0489097e-08	61.48583	-0.007105503	-9.37865	0.25086316	0.015474699	0.055005502	13.0	3988.5588788986206
167	96.14416	5.164526	100.0	77.8	126.402596	35.54658	17.802792	80.67049	-18.693792	1680000	4.0978193e-08	69.189766	-0.003990879	-19.082129	0.25094625	0.017738825	0.051205117	6.0	4011.189870595932
168	96.777504	4.294618	100.0	84.7	122.95	34.552097	17.599625	80.68549	-4.7723036	1690000	-5.1688403e-08	57.658573	-0.0011437158	-12.017161	0.23839127	0.018667327	0.060206022	6.0	4035.0553352832794
169	97.09615	3.9991808	100.0	86.2	125.333336	35.13557	17.783895	78.41244	-6.3518276	1700000	4.656613e-09	59.44237	-0.0035770384	-13.521222	0.23320341	0.015829368	0.05890589	7.0	4058.0680718421936
170	96.318184	5.02453	100.0	75.7	127.77922	35.144985	17.57544	77.96327	-0.2999122	1710000	2.483527e-09	64.6296	-0.009946604	-15.447755	0.2342385	0.01505661	0.06740674	23.0	4081.1314656734467
171	96.41538	4.3472967	100.0	82.9	125.67949	34.92408	17.698751	80.09035	-33.560925	1720000	1.0554989e-08	58.001434	-0.007584362	-12.813508	0.24082345	0.016200347	0.057505753	10.0	4104.36650800705
172	96.31924	4.81411	100.0	83.5	124.371796	35.16725	17.573097	78.30687	-12.952776	1730000	6.45717e-08	62.881657	-0.0098628625	-16.987822	0.24365067	0.015022282	0.06790679	22.0	4127.023907423019
173	96.3962	5.2379684	100.0	78.4	123.88608	34.86579	17.786821	79.85937	0.3654759	1740000	1.21071935e-08	58.195576	-0.007299973	-14.462945	0.24501078	0.015238413	0.064906485	12.0	4151.96334028244
174	96.583336	4.454453	100.0	84.4	125.0	35.767628	17.33041	79.431854	-0.6485181	1750000	-2.7939677e-09	60.62709	-0.0057638735	-13.46402	0.23912759	0.015816214	0.05950595	9.0	4175.046790361404
175	96.7481	4.5025687	100.0	83.8	122.27848	34.9636	17.869028	86.31793	-3.0057023	1760000	-1.816079e-08	58.323795	-0.004634418	-10.773862	0.23536776	0.015611831	0.056605656	9.0	4199.6253044605255
176	96.700005	5.068293	100.0	74.8	124.51899	35.0368	18.042698	79.45257	-18.476093	1770000	2.9802322e-08	56.870197	-0.005337739	-11.769406	0.22644024	0.01633354	0.0570057	10.0	4222.852113246918
177	96.63544	4.3733087	100.0	85.0	122.83544	35.623627	17.823069	79.7639	-0.32719612	1780000	9.934108e-09	53.523254	-0.0069046975	-10.807075	0.22750817	0.015092802	0.050505053	16.0	4247.079573631287
178	96.648094	4.5466876	100.0	82.3	122.32912	35.36743	17.81454	79.787544	-2.3466806	1790000	-3.7252903e-09	48.626568	-0.006987786	-8.533271	0.23412623	0.015505978	0.060006004	15.0	4271.51172375679
179	96.25769	5.149023	100.0	81.4	126.52564	35.08908	17.796505	79.445694	-1.789602	1800000	-1.1175871e-08	60.451862	-0.008207555	-12.5720625	0.23730393	0.015174571	0.06790679	14.0	4294.875566959381
180	96.34102	4.4112163	100.0	84.1	125.80769	35.03893	17.953901	78.86283	-7.2500324	1810000	2.8560558e-08	57.071613	-0.012472018	-12.301647	0.23455648	0.01503665	0.07840785	25.0	4319.930426597595
181	96.76364	4.465071	100.0	83.2	125.623375	34.899075	17.70299	79.589554	-3.2753503	1820000	-1.1175871e-08	53.01921	-0.009412988	-8.566967	0.22817361	0.015103679	0.07020702	26.0	4343.67999625206
182	96.621796	4.259459	100.0	84.4	126.333336	35.220127	17.605148	79.03196	-5.241427	1830000	-3.5390258e-08	66.47088	-0.0055880505	-15.0493	0.24070692	0.015743943	0.06760677	10.0	4368.131360769272
183	96.6141	4.4141593	100.0	85.3	124.0	35.813286	17.372835	76.77934	0.2101407	1840000	1.0399769e-08	57.226994	-0.006688087	-10.939624	0.23211162	0.015351442	0.05440544	14.0	4391.214933872223
184	96.71429	4.316014	100.0	83.2	128.23376	35.02606	17.518335	80.99212	-9.271325	1850000	1.9868216e-08	55.09112	-0.007502975	-14.535378	0.23878433	0.015194614	0.06130613	10.0	4414.415554523468
185	96.61154	4.289192	100.0	85.9	125.871796	35.385548	17.631529	78.97526	-21.405476	1860000	-7.1401396e-09	49.028584	-0.008282094	-9.122913	0.23851366	0.015718108	0.07360736	18.0	4438.239319801331
186	96.23334	4.67576	100.0	83.8	125.089745	35.289116	17.678862	80.103676	-3.1466231	1870000	-1.0554989e-08	48.77347	-0.005692759	-9.594445	0.23765852	0.015357782	0.04980498	11.0	4463.601153373718
187	96.45769	4.5071316	100.0	82.6	125.589745	35.150517	17.679083	81.29115	-1.7646582	1880000	2.3593506e-08	60.83853	-0.005597212	-12.100174	0.2365954	0.016170822	0.05070507	8.0	4486.21625828743
188	96.55641	4.590307	100.0	81.7	126.166664	34.673958	17.647968	78.05867	-5.4632597	1890000	-3.601114e-08	52.841187	-0.009847765	-8.745082	0.2255135	0.015053024	0.0720072	21.0	4508.935689210892
189	96.75256	4.07342	100.0	86.2	123.410255	35.148296	17.946413	79.08858	-6.22464	1900000	-4.1909516e-08	56.574203	-0.005057184	-9.520665	0.22705609	0.015105938	0.048704866	8.0	4532.1607966423035
190	96.3961	4.720402	100.0	82.9	125.74026	35.756016	17.438957	79.36635	-0.4845016	1910000	-3.4769375e-08	54.885605	-0.0053607016	-10.882756	0.22590387	0.015671669	0.049404938	9.0	4554.808505296707
191	96.74102	4.6576223	100.0	77.5	123.01282	35.10573	17.685745	79.31461	-9.126187	1920000	8.692344e-09	58.81117	-0.007097189	-9.463223	0.23028533	0.015119779	0.06170617	13.0	4578.404627084732
192	96.37342	5.2261443	100.0	80.5	122.898735	35.223774	17.736687	80.04537	-9.928229	1930000	0.0	52.33537	-0.0073781204	-10.311267	0.22628659	0.015663302	0.058805883	12.0	4602.467430114746
193	96.68874	4.337626	100.0	84.7	122.875	35.086517	17.312748	78.194954	-4.387102	1940000	-7.916242e-09	51.826202	-0.0069295433	-10.807354	0.22656596	0.015412495	0.06210621	16.0	4626.779947757721
194	96.82821	3.8498049	100.0	87.1	125.88461	35.732647	17.743969	76.6665	-1.6565855	1950000	-1.6142925e-08	60.65582	-0.00798519	-11.435757	0.23285659	0.015840687	0.060006004	17.0	4651.700469017029
195	96.325966	4.608332	100.0	83.2	126.72727	34.92948	17.182419	78.816574	0.5709021	1960000	3.228585e-08	53.7253	-0.008381291	-10.758057	0.23262124	0.018605126	0.068106815	15.0	4676.168356657028
196	97.27038	3.8162239	100.0	86.8	121.234566	34.53751	17.532562	79.245346	-1.9178731	1970000	-1.839362e-08	47.10619	-0.0065917093	-7.3991637	0.22578688	0.015968287	0.053605363	14.0	4700.327219963074
197	96.74074	4.744009	100.0	74.5	121.641975	35.23237	17.550562	78.97071	-2.2689717	1980000	1.8626451e-09	48.408527	-0.0071306787	-7.9144034	0.2256366	0.015321203	0.068306826	17.0	4725.522417068481
198	96.665825	4.235112	100.0	86.8	124.48101	35.097973	17.87673	79.74998	-10.979122	1990000	1.7850349e-09	57.91028	-0.00654196	-15.046417	0.23748648	0.016188601	0.056605663	7.0	4749.267816543579
199	97.1175	3.936838	100.0	87.7	122.975	35.299488	17.513958	75.23775	-14.562214	2000000	-2.0799538e-08	58.61951	-0.0039391844	-12.605437	0.22736889	0.01584662	0.06270627	5.0	4772.230686664581
200	96.61795	4.151297	100.0	84.7	125.79487	35.15607	17.303696	79.549194	2.6532688	2010000	6.519258e-09	68.588356	-0.0045223613	-18.498165	0.23110099	0.016332297	0.06040604	5.0	4795.503780603409
201	96.718994	4.651584	100.0	82.6	122.101265	35.59251	17.510725	79.3754	2.4235873	2020000	3.1199306e-08	63.117756	-0.0055963905	-14.662922	0.22606169	0.015032868	0.060906094	11.0	4817.425790071487
202	96.7125	4.4755545	100.0	84.4	122.3375	35.31157	17.45062	79.30766	-2.7370794	2030000	-3.259629e-09	58.484955	-0.008253886	-10.442336	0.23490413	0.015041918	0.06670668	26.0	4842.715677499771
203	94.73462	16.04571	100.0	-40.0	125.15385	35.178432	17.791227	79.11536	-22.01581	2040000	1.4901161e-08	137.2134	-0.010307942	-51.087814	0.23732425	0.016037218	0.07960796	18.0	4866.680632829666
204	96.7038	4.3451247	100.0	83.2	124.01266	34.61906	17.234907	78.36309	-7.1380377	2050000	3.1199306e-08	65.80273	-0.008394032	-14.610962	0.23512696	0.0152949905	0.071607165	17.0	4890.842338085175
205	96.85822	4.1724415	100.0	85.9	124.06329	35.539417	17.390587	88.948715	-5.5889897	2060000	1.1796753e-08	59.04297	-0.010393935	-10.138495	0.23686473	0.015384533	0.07810781	32.0	4914.489684343338
206	96.98125	3.8682392	100.0	86.5	121.4875	35.397945	17.408974	78.268364	-6.8635	2070000	-6.519258e-09	50.00446	-0.008182199	-8.48777	0.22710955	0.015384335	0.06470647	27.0	4939.003212928772
207	96.677216	4.42281	100.0	81.4	122.25317	36.037575	17.52694	78.9798	-2.4681191	2080000	2.4524828e-08	54.137318	-0.006848698	-8.53844	0.22532767	0.015455422	0.05620562	17.0	4962.921110391617
208	97.26296	4.135048	100.0	82.9	119.62963	35.147144	17.64644	79.77236	-12.176033	2090000	3.259629e-09	47.73352	-0.009267165	-8.777324	0.23025179	0.015637347	0.063006304	30.0	4986.959137439728
209	96.628204	3.994801	100.0	84.4	124.64103	36.321194	17.819618	79.84449	-4.156024	2100000	5.5879354e-09	59.61662	-0.010706554	-14.46149	0.23747422	0.015027941	0.08080808	42.0	5012.554152965546
210	96.99621	3.7993815	100.0	86.2	123.50633	34.716934	17.678295	78.531136	0.5964446	2110000	-2.9802322e-08	56.33079	-0.006578805	-11.465443	0.24021114	0.016160673	0.065806575	12.0	5034.787095308304
211	96.74557	4.765721	100.0	78.4	123.11392	35.490276	17.636644	80.988304	-13.164656	2120000	-3.092767e-08	65.53814	-0.009647069	-16.78076	0.24215128	0.015020034	0.0710071	35.0	5060.075506448746
212	96.04102	4.9007444	100.0	77.5	125.74359	35.330753	17.992977	80.051956	-13.442671	2130000	-4.0357313e-09	65.11908	-0.006938199	-11.977975	0.23436217	0.015985617	0.06420642	13.0	5085.5465495586395
213	96.62727	3.9549618	100.0	85.6	128.14285	34.691746	17.652306	79.79442	-18.043028	2140000	2.514571e-08	63.704	-0.011976759	-9.202544	0.24107182	0.015143842	0.075907595	57.0	5109.776063203812
214	97.09625	4.02593	100.0	84.1	123.125	34.749027	17.308052	79.33776	-12.407687	2150000	1.5133992e-08	58.101612	-0.008208615	-10.926532	0.24684715	0.015539347	0.074207425	15.0	5133.86629652977
215	96.4421	4.2108335	100.0	86.5	128.26315	35.058064	17.899818	79.31919	-29.917883	2160000	2.3593506e-08	64.53799	-0.0058329166	-16.714588	0.2468378	0.015567794	0.05040504	7.0	5156.417541503906
216	96.68608	4.086276	100.0	85.0	124.88608	34.729923	17.689392	76.76224	-2.5692651	2170000	-1.6763806e-08	50.59827	-0.0076095737	-7.3578544	0.2394981	0.015123946	0.061606158	15.0	5179.953192234039
217	96.106575	4.432515	100.0	83.8	130.64473	34.682636	18.09433	80.1975	-17.6487	2180000	2.3593506e-08	70.97025	-0.006788986	-17.940273	0.24955024	0.015049492	0.06750675	9.0	5204.61140537262
218	96.9025	4.1636214	100.0	84.1	122.6	34.546875	17.45757	78.862305	-1.9401138	2190000	-3.4148495e-09	51.92325	-0.0066321357	-9.011018	0.23428404	0.016065456	0.05470547	10.0	5229.5113260746
219	97.134995	4.047749	100.0	81.7	123.15	35.13837	17.505808	78.86168	-3.9852684	2200000	3.3217173e-08	49.438046	-0.011408162	-8.170731	0.23215084	0.014370074	0.0810081	79.0	5254.715215444565
220	96.8	4.2159557	100.0	84.7	125.06493	35.538063	17.63258	80.39682	0.9083266	2210000	-1.2417635e-09	68.477486	-0.007064315	-14.785462	0.23775716	0.016496107	0.07890789	12.0	5276.284544229507
221	96.54416	4.895147	100.0	79.0	126.8961	34.870842	18.328701	80.00695	-47.594448	2220000	5.4181633e-09	72.51966	-0.0063789426	-26.410501	0.24967967	0.015036819	0.05790579	9.0	5298.744357347488
222	96.98205	3.9585588	100.0	85.6	123.15385	35.304237	18.087286	77.553406	-4.497886	2230000	1.5522043e-09	59.638203	-0.010979769	-12.394959	0.23196273	0.0150251975	0.07490749	40.0	5323.4683406353
223	96.55257	4.1632924	100.0	84.1	122.52564	35.651894	17.531193	79.0528	-2.947596	2240000	7.450581e-09	59.113964	-0.007094713	-11.630301	0.23504949	0.015715944	0.06320632	9.0	5346.420067310333
224	96.833336	4.501073	100.0	80.2	123.71795	34.855812	17.944183	80.4299	-0.14150906	2250000	9.002785e-09	53.60901	-0.004011865	-9.651692	0.23151822	0.015163414	0.049804986	7.0	5369.4571034908295
225	96.4076	4.7732844	100.0	79.3	122.341774	34.85645	17.941456	79.45625	-1.7045662	2260000	3.1044087e-10	55.511974	-0.007629139	-9.1028595	0.22818935	0.0156292	0.071507156	15.0	5393.034810781479
226	96.73077	4.3217487	100.0	82.0	123.03846	35.446644	18.230694	85.7181	-8.912067	2270000	-1.6142925e-08	57.507004	-0.0065986193	-9.774693	0.22841902	0.017484725	0.06080608	7.0	5416.565305709839
227	96.85124	4.0663247	100.0	84.4	123.4375	34.732555	18.189419	79.37443	-4.976616	2280000	6.208817e-09	61.49143	-0.005503021	-12.184804	0.2270187	0.015411892	0.05530553	10.0	5439.966002941132
228	95.99999	4.487966	100.0	85.3	129.52632	34.856647	18.084906	84.89659	-6.1325016	2290000	-2.0489097e-08	74.51639	-0.007213086	-18.2083	0.23473911	0.015497777	0.07110711	10.0	5463.146846532822
229	96.24935	4.290903	100.0	83.8	128.74026	34.512623	17.156706	81.27435	-8.299133	2300000	-4.967054e-09	62.535114	-0.010662653	-16.027222	0.23803712	0.015133772	0.06770677	27.0	5486.879098892212
230	96.37013	4.4793053	100.0	84.1	127.75325	34.477123	17.81934	81.131065	1.3434227	2310000	4.5634806e-08	62.16179	-0.008382376	-13.475272	0.2405547	0.015126384	0.05740574	13.0	5510.676052808762
231	96.26184	4.7239575	100.0	83.2	127.68421	35.50618	17.70968	84.38319	-8.870417	2320000	-8.692344e-09	65.04589	-0.009096851	-12.953697	0.24138284	0.01517411	0.06250625	20.0	5534.311152219772
232	96.628	4.0010185	100.0	85.3	129.94667	34.65628	17.742273	80.896225	-5.5717783	2330000	1.071021e-08	60.808422	-0.009386372	-11.125412	0.24179669	0.015135345	0.086508654	30.0	5559.3292853832245
233	96.2171	4.7501907	100.0	81.1	129.0921	34.54476	17.545715	81.94903	-6.631695	2340000	-2.8560558e-08	64.24473	-0.006159786	-12.498075	0.240184	0.016163304	0.0710071	8.0	5582.419907093048
234	96.22857	4.6850095	100.0	82.3	125.06493	34.880604	17.344782	80.77187	0.7799592	2350000	-2.7318796e-08	70.2044	-0.0073316707	-17.656454	0.23367341	0.015098994	0.055005502	12.0	5605.428543329239
235	96.75527	4.2294207	100.0	80.8	128.71053	34.734436	17.962109	78.55935	-4.3102336	2360000	-3.4769375e-08	66.96562	-0.009177331	-16.796476	0.23292525	0.015113787	0.070007	19.0	5629.107417583466
236	97.23164	3.8980856	100.0	85.9	123.68355	35.016106	17.61223	81.538605	3.1586442	2370000	-1.6763806e-08	55.026386	-0.0073238253	-11.030956	0.22174434	0.015190353	0.054105412	16.0	5653.702929735184
237	96.86923	4.2836094	100.0	81.0	124.84615	35.49764	17.81603	83.208565	-4.867699	2380000	2.3283064e-10	54.015686	-0.0047572195	-9.541473	0.21986854	0.01678725	0.056705672	8.0	5678.252444028854
238	97.01139	4.2271576	100.0	82.9	122.658226	35.580284	17.54154	79.36933	-3.0599375	2390000	-9.934108e-09	58.371265	-0.007906133	-11.036293	0.21794647	0.015258462	0.06130613	15.0	5703.709439992905
239	97.10768	3.902654	100.0	85.0	123.15385	35.69169	17.410004	80.66446	0.7129748	2400000	2.3283064e-09	55.689606	-0.007082055	-8.820011	0.2187831	0.015112842	0.06280628	16.0	5726.657428979874
240	96.54871	4.2139797	100.0	83.8	126.71795	35.703503	17.375233	91.59046	-6.4007463	2410000	3.290673e-08	61.318798	-0.0094483895	-13.3238325	0.22434486	0.015444096	0.06190619	20.0	5749.890704870224
241	96.9525	4.016403	100.0	85.6	124.175	34.40807	17.47772	82.72235	-25.23869	2420000	-1.0554989e-08	58.2341	-0.0062174983	-10.602469	0.22472991	0.015047313	0.07410741	16.0	5773.593514204025
242	96.66883	4.5103993	100.0	82.3	126.818184	35.245167	17.891607	86.480225	-7.441613	2430000	4.967054e-09	57.50339	-0.007747233	-12.08754	0.23106356	0.015609938	0.0690069	13.0	5797.271449327469
243	97.258224	3.6775613	100.0	85.3	123.07595	34.94052	17.214972	79.588425	1.2673547	2440000	2.0333877e-08	53.774296	-0.0065087616	-11.024864	0.22841364	0.015037193	0.058805883	16.0	5821.227615594864
244	96.91266	4.399406	100.0	82.0	124.03797	35.39701	17.697674	80.11351	-3.289342	2450000	-1.800557e-08	61.083637	-0.007937889	-12.464986	0.23154469	0.016492536	0.06590659	12.0	5844.325383424759
245	96.784615	4.7275534	100.0	79.6	123.76923	35.61415	17.60611	80.93069	-3.7382376	2460000	2.0489097e-08	59.10779	-0.008453184	-12.667285	0.22518848	0.015240747	0.063906394	12.0	5866.679328203201
246	96.703896	4.279563	100.0	82.3	124.87013	35.91975	17.704605	79.3047	0.21647763	2470000	7.450581e-09	60.56125	-0.004667345	-11.37429	0.22417502	0.015591278	0.03970397	8.0	5891.8835272789
247	96.92821	4.3122334	100.0	84.1	125.0	35.547504	17.500092	80.03331	1.4793568	2480000	9.934108e-09	56.92276	-0.005445954	-8.18917	0.2254088	0.015938783	0.04990499	9.0	5914.80970287323
248	96.8825	4.208853	100.0	83.2	124.3	34.882217	17.515509	80.45443	-11.537643	2490000	-9.313226e-09	57.047832	-0.0075886357	-9.965603	0.22363336	0.015383611	0.06450645	14.0	5938.09073638916
249	97.03333	4.432456	100.0	79.0	121.1358	35.118862	17.70119	78.12897	5.1889076	2500000	-8.381903e-09	51.152874	-0.006647335	-8.835515	0.21679254	0.015466857	0.05560556	12.0	5961.597964763641
