Epoch	AverageEpRet	StdEpRet	MaxEpRet	MinEpRet	EpLen	AverageVVals	StdVVals	MaxVVals	MinVVals	TotalEnvInteracts	LossPi	LossV	DeltaLossPi	DeltaLossV	Entropy	KL	ClipFrac	StopIter	Time
0	76.18125	40.67568	100.0	-70.0	285.15625	16.903635	10.705115	52.821198	-9.328116	10000	-3.1664968e-08	164.62914	-0.005737649	-43.365204	0.39403	0.018278385	0.06510651	3.0	26.649677753448486
1	85.0875	13.4577055	100.0	53.8	282.90625	17.18537	10.43118	50.09519	-14.570806	20000	1.6298145e-09	82.483696	-0.009533986	-22.504538	0.40809834	0.015550207	0.08700869	11.0	51.35538339614868
2	82.72727	23.555418	100.0	-20.0	281.42426	17.199959	10.952443	49.46253	-14.539971	30000	-7.450581e-09	85.82611	-0.013034453	-18.64065	0.39469612	0.015598811	0.084808476	19.0	79.1593005657196
3	81.7375	18.513674	100.0	34.0	299.96875	17.337622	11.508629	50.109585	-12.949581	40000	-7.450581e-09	82.1529	-0.008593682	-17.828516	0.40865302	0.01512858	0.06620663	7.0	104.43925762176514
4	81.34545	23.992334	100.0	-20.0	281.57574	16.48046	11.060931	50.66034	-10.290364	50000	-1.4280279e-08	135.00801	-0.009144256	-34.97373	0.3932663	0.015628872	0.08140814	13.0	129.06173253059387
5	86.012115	14.095427	100.0	52.6	276.78787	16.882988	11.249497	50.5396	-11.218014	60000	2.0489097e-08	74.954	-0.010566297	-14.763209	0.38295826	0.015426536	0.080208026	18.0	155.0870156288147
6	83.46875	17.551966	100.0	36.4	283.0625	17.871788	11.588668	53.15558	-16.378965	70000	2.4214387e-08	71.623314	-0.009444879	-11.336331	0.3754154	0.01750981	0.077807784	13.0	181.04182362556458
7	83.1394	15.499011	100.0	47.2	292.21213	16.45103	11.500217	52.692436	-15.880177	80000	1.1331092e-08	77.38533	-0.011006757	-12.814446	0.39885616	0.015529491	0.08550855	15.0	208.10491371154785
8	87.4875	11.890221	100.0	58.0	278.71875	17.927414	11.158209	50.761543	-13.318179	90000	2.483527e-09	77.31345	-0.010135007	-18.358507	0.40282378	0.015716543	0.07830783	13.0	234.12350583076477
9	86.03226	13.4106455	100.0	50.8	302.7742	19.45768	10.632252	51.9654	-7.32707	100000	-1.7151857e-08	66.83463	-0.012495401	-12.724819	0.39911082	0.015234746	0.08690869	20.0	260.27516770362854
10	82.3375	18.153198	100.0	26.2	297.4375	18.015434	10.875286	53.975704	-11.0561495	110000	3.686485e-08	71.25336	-0.011034205	-13.7466955	0.42019418	0.015843801	0.07410741	13.0	285.75734400749207
11	83.12728	16.446484	100.0	44.8	282.9091	16.891443	11.365407	53.79477	-10.110486	120000	2.0489097e-08	78.19186	-0.0071424157	-19.186243	0.40643767	0.016587004	0.061506152	8.0	311.9561312198639
12	87.32727	14.078122	100.0	49.6	271.69696	17.00453	11.645054	55.744255	-9.928353	130000	1.1175871e-08	68.209816	-0.012058023	-14.316022	0.41067874	0.015087071	0.079507954	19.0	337.00263690948486
13	80.048485	25.251513	100.0	-40.0	297.57574	17.183353	11.969237	56.58542	-13.2048645	140000	-9.313226e-09	120.340904	-0.00988174	-34.588623	0.42861667	0.016681507	0.07630763	11.0	363.7402718067169
14	83.1375	17.485525	100.0	37.6	298.0	16.266716	10.923025	50.296444	-14.983721	150000	2.1109978e-08	79.92806	-0.008467331	-20.996805	0.43502292	0.018278474	0.0740074	8.0	390.90083169937134
15	83.63636	23.442436	100.0	-20.0	290.75757	16.880592	11.410232	52.817734	-15.199281	160000	-4.967054e-09	119.98734	-0.007855513	-29.581884	0.44624427	0.01700254	0.08240824	8.0	416.19916701316833
16	84.8125	15.1869135	100.0	56.8	294.96875	16.829247	11.494616	54.781372	-16.35108	170000	-1.8626451e-09	71.89841	-0.009408006	-15.549577	0.43011156	0.015874853	0.07950795	12.0	441.1476001739502
17	85.95758	16.386303	100.0	32.8	280.57574	17.284386	11.137022	53.882626	-10.380356	180000	-2.20413e-08	75.359825	-0.014067146	-13.480929	0.43881723	0.015116345	0.08750876	29.0	468.21164894104004
18	82.88486	24.431774	100.0	-30.0	290.84848	17.744932	11.366901	57.279575	-12.501227	190000	2.514571e-08	123.72376	-0.010044532	-32.844517	0.4613421	0.016732201	0.068206824	7.0	495.4693486690521
19	84.04375	17.05775	100.0	40.6	298.6875	16.747957	11.4740505	49.22735	-21.13646	200000	-1.9014502e-08	79.31226	-0.007487697	-21.375738	0.4512181	0.015029896	0.08730873	9.0	521.3431015014648
20	83.006065	30.524328	100.0	-70.0	276.63635	17.437433	11.064027	49.338425	-12.157884	210000	2.6077032e-08	113.07348	-0.0061639007	-22.941107	0.43200076	0.01633026	0.070707075	6.0	545.2989852428436
21	78.76129	33.92749	100.0	-90.0	304.48386	17.63093	11.147503	47.716103	-19.693375	220000	-2.483527e-09	105.61799	-0.0074438327	-20.553265	0.4470766	0.01601121	0.07270727	8.0	570.7860305309296
22	82.9375	17.603085	100.0	32.8	297.03125	17.386497	10.571473	45.09854	-12.892925	230000	1.2262414e-08	87.58895	-0.011388534	-21.475992	0.4462192	0.015794221	0.07910791	15.0	595.5098674297333
23	83.737495	12.743864	100.0	50.8	297.84375	16.828018	11.583507	49.466343	-19.986523	240000	1.3659398e-08	80.76117	-0.007407217	-18.568048	0.45353782	0.015063311	0.06110611	7.0	621.7333447933197
24	82.912506	14.7029705	100.0	48.0	306.03125	16.961096	10.650117	54.121964	-12.572482	250000	-8.692344e-09	81.71246	-0.01232709	-18.752401	0.43574548	0.015191755	0.08870888	19.0	647.791912317276
25	85.20625	14.821732	100.0	50.0	294.34375	16.923674	10.454896	52.319412	-18.209032	260000	-1.4901161e-08	73.66915	-0.009618792	-17.188524	0.43796036	0.015570919	0.07570757	12.0	673.6445634365082
26	85.799995	15.840496	100.0	40.0	296.7742	18.245962	10.745931	51.670116	-14.603816	270000	-1.1641532e-08	63.971416	-0.009978344	-14.404983	0.4431151	0.015918577	0.08970898	10.0	697.1497926712036
27	81.16774	23.855322	100.0	-10.0	306.2258	17.91923	10.984819	50.100105	-12.293913	280000	2.483527e-09	107.29901	-0.010842048	-33.41045	0.46309903	0.015771024	0.08190819	16.0	723.8669712543488
28	83.878784	19.692726	100.0	2.2	281.45456	16.495163	11.580983	46.13362	-15.927445	290000	1.1175871e-08	82.99414	-0.0069021205	-20.95446	0.4542038	0.015201971	0.06450645	6.0	748.481299161911
29	83.741936	15.880538	100.0	45.4	300.35483	18.181784	11.785074	47.929794	-16.82775	300000	-6.1506094e-09	77.611626	-0.010272336	-18.879904	0.46857575	0.015066308	0.083808385	12.0	774.2912051677704
30	84.870964	13.970618	100.0	55.0	301.19354	17.310307	11.082156	49.034077	-15.40929	310000	1.2417635e-09	75.20477	-0.012303081	-14.431579	0.45577094	0.015167475	0.09450945	20.0	800.7503535747528
31	85.63636	15.442205	100.0	35.2	286.36365	17.35435	10.838648	50.749676	-11.533146	320000	-2.636807e-08	71.122	-0.011526962	-12.446384	0.45151237	0.015174431	0.09010901	18.0	827.9234764575958
32	80.84	23.602451	100.0	-10.0	306.23334	18.502975	11.988272	50.297844	-22.648478	330000	-9.313226e-09	104.10946	-0.009371506	-27.909174	0.4576157	0.015355277	0.07540754	14.0	851.625569820404
33	85.2625	13.988427	100.0	54.4	290.125	16.363974	11.061942	47.009846	-19.31646	340000	0.0	75.55779	-0.010866041	-19.044033	0.44652095	0.015572379	0.084708475	17.0	878.462984085083
34	86.6606	13.506137	100.0	57.4	290.0303	17.02935	11.182909	52.10299	-13.068093	350000	-2.483527e-09	74.92764	-0.010177817	-14.257603	0.46356776	0.016034	0.064006396	14.0	903.9335453510284
35	82.58125	16.756071	100.0	38.8	291.0	18.224865	10.754166	53.934956	-7.5976157	360000	3.5661895e-08	75.084785	-0.009663706	-15.235519	0.46506503	0.015109767	0.084808476	11.0	929.620260477066
36	82.9375	18.111284	100.0	32.2	291.90625	17.396223	10.078965	51.967117	-9.868645	370000	4.718701e-08	82.69242	-0.010343427	-18.822142	0.45497528	0.015642054	0.07310731	11.0	954.13596534729
37	86.38788	14.113731	100.0	52.6	289.87878	17.436064	10.815227	51.44302	-11.8197	380000	4.0357313e-09	69.07886	-0.009059786	-15.643154	0.4503924	0.016062358	0.072507255	10.0	979.5277004241943
38	86.5697	12.5373745	100.0	50.0	292.18182	17.709152	10.902667	50.591858	-8.753376	390000	2.9802322e-08	66.18902	-0.007891145	-13.183999	0.4613105	0.01565876	0.07970797	10.0	1006.9845767021179
39	85.3871	13.644513	100.0	52.6	307.64517	18.626402	10.10661	51.3807	-8.4491415	400000	-9.934108e-09	70.54391	-0.010292613	-17.340714	0.4619819	0.015480491	0.073207326	13.0	1034.1062681674957
40	87.25625	11.618329	100.0	59.8	286.34375	17.453108	10.208111	55.14625	-21.64953	410000	1.9868216e-08	76.37997	-0.008731675	-15.428208	0.44440857	0.015163429	0.076907694	10.0	1061.3325264453888
41	86.96363	11.990648	100.0	52.6	284.87878	18.416945	9.984649	50.177	-8.791165	420000	-3.3372392e-09	67.71147	-0.0073734187	-16.29527	0.46161738	0.015495705	0.06190619	8.0	1089.016013622284
42	84.16875	11.990737	100.0	56.2	301.5625	18.155231	10.5322695	52.42555	-10.794936	430000	3.5700698e-08	70.69573	-0.009499935	-12.149265	0.4648845	0.015160769	0.09650966	11.0	1115.5227489471436
43	83.49375	12.952025	100.0	55.6	293.875	17.827818	10.067707	49.47172	-19.185493	440000	1.4901161e-08	65.82967	-0.010946873	-15.471294	0.45811903	0.0150016025	0.079307936	16.0	1141.0062506198883
44	88.20606	13.052666	100.0	46.0	285.27274	16.859129	10.650082	47.187115	-8.143502	450000	7.450581e-09	73.136566	-0.0067963563	-19.392729	0.45038867	0.016454926	0.059805978	8.0	1167.9229769706726
45	84.83871	14.4842005	100.0	56.8	300.48386	19.558025	10.621516	48.17342	-7.3870482	460000	1.1525117e-08	73.66535	-0.004852749	-16.025652	0.460395	0.016716726	0.043704372	4.0	1195.276676416397
46	79.96	23.03802	100.0	17.2	307.3	18.588356	10.416253	47.491055	-18.774559	470000	-2.5921812e-08	94.4369	-0.0030369929	-26.848852	0.46603385	0.015545544	0.042404238	3.0	1217.4181916713715
47	86.509094	13.161753	100.0	53.8	294.48486	16.134453	10.723221	43.25375	-15.730712	480000	1.8626451e-08	84.05109	-0.013656211	-21.673302	0.4626758	0.015027676	0.113411345	27.0	1245.3562326431274
48	86.05	11.169154	100.0	61.0	284.53125	18.407913	10.198427	47.021786	-15.0665455	490000	-2.1963691e-08	78.55533	-0.0055908244	-18.366693	0.4656173	0.015419352	0.067306735	6.0	1268.9450855255127
49	72.86897	31.940948	100.0	-20.0	331.72415	18.507957	10.351816	46.175385	-13.430186	500000	-2.4059166e-09	153.67705	-0.009203109	-55.8827	0.4733733	0.01650717	0.08920892	8.0	1293.5496129989624
50	84.55625	16.003807	100.0	38.0	302.5	15.176595	11.742458	43.72574	-23.658033	510000	-3.8805106e-10	89.263855	-0.008476136	-22.429895	0.44027868	0.015246109	0.09470948	9.0	1320.4189939498901
51	82.83871	17.63526	100.0	40.0	298.2258	17.558138	11.733834	48.07712	-19.523188	520000	1.44355e-08	74.591064	-0.008401171	-18.33127	0.44303158	0.0153372595	0.07380738	10.0	1343.7784101963043
52	83.12667	15.6401615	100.0	46.6	298.33334	17.575178	11.809079	44.63123	-17.640877	530000	-1.3038516e-08	101.99954	-0.010312068	-25.748352	0.4508063	0.0152536975	0.08710871	13.0	1367.4875683784485
53	85.78182	20.918797	100.0	-10.0	279.33334	16.600254	10.028901	51.820168	-6.8558207	540000	-1.261166e-09	116.828156	-0.009263138	-34.156067	0.4581581	0.015407532	0.093609355	12.0	1393.4076092243195
54	84.256256	15.461665	100.0	40.0	298.0	18.335283	10.924832	50.61838	-32.40955	550000	1.0244548e-08	70.02824	-0.0097585395	-17.897362	0.44111013	0.015011524	0.088208824	13.0	1419.9588377475739
55	82.2	19.42878	100.0	24.0	295.4375	16.894375	11.30392	49.00227	-20.50039	560000	3.601114e-08	93.56199	-0.0077410922	-19.968718	0.45756504	0.0160405	0.068906896	6.0	1446.036504983902
56	86.77576	14.881981	100.0	38.2	282.9394	16.91694	11.194684	49.719288	-18.295193	570000	-7.761021e-09	74.75959	-0.005167776	-16.12768	0.43599442	0.01642443	0.05520552	7.0	1472.0958416461945
57	87.854546	11.739318	100.0	55.0	289.0909	17.909487	11.367141	50.92538	-15.289289	580000	4.967054e-09	63.39867	-0.0057878704	-11.698089	0.4664015	0.015944215	0.08330833	6.0	1500.2605900764465
58	85.26875	12.758389	100.0	54.0	302.5	18.037958	10.620438	49.4882	-15.86491	590000	2.483527e-09	70.69287	-0.0050429907	-15.563716	0.45394027	0.015270005	0.07130713	7.0	1524.1320927143097
59	84.24375	15.751803	100.0	49.0	293.1875	17.658117	10.709106	49.302185	-11.126834	600000	1.2417634e-08	65.71229	-0.005634101	-14.127027	0.44500747	0.015796272	0.07150715	7.0	1550.7229392528534
60	82.1375	16.558414	100.0	42.4	288.75	18.088673	10.650962	48.391346	-13.016488	610000	3.821333e-08	86.0129	-0.0077393674	-15.983617	0.42964625	0.015575799	0.07840784	9.0	1579.0712592601776
61	83.92902	17.67145	100.0	38.2	292.96774	17.79515	10.37462	44.23687	-17.007244	620000	4.967054e-09	77.49877	-0.0108233215	-17.276237	0.42975864	0.01502267	0.07850785	13.0	1601.9741294384003
62	85.43226	14.989208	100.0	40.0	299.3871	17.547817	11.311393	41.94747	-15.544374	630000	-3.228585e-08	80.70812	-0.011299878	-18.353115	0.4527917	0.015765807	0.081108116	14.0	1626.7577669620514
63	87.78125	14.789047	100.0	34.6	296.15625	17.402914	10.943942	47.483643	-13.014067	640000	3.601114e-08	74.78155	-0.0117612975	-16.30139	0.4423058	0.015617769	0.09130913	18.0	1652.3397765159607
64	87.03125	13.054129	100.0	56.2	286.6875	18.359528	11.253984	48.043526	-15.905904	650000	9.934108e-09	75.71081	-0.008215624	-16.917917	0.43707022	0.015350781	0.07790779	10.0	1676.210531949997
65	88.1	10.72532	100.0	61.6	289.375	19.129986	10.957284	48.22682	-9.265072	660000	2.483527e-09	69.86789	-0.008712373	-12.154307	0.4456586	0.015435844	0.080408044	12.0	1702.1061387062073
66	82.73333	24.34209	100.0	-30.0	294.0	18.039946	10.459859	48.141647	-14.856114	670000	7.450581e-09	120.67651	-0.009636802	-35.004436	0.45250058	0.015126307	0.07380738	9.0	1729.7742459774017
67	87.075	11.5982485	100.0	56.2	294.625	17.657112	9.756467	44.174732	-14.245317	680000	1.0554989e-08	73.25516	-0.00911541	-17.284777	0.4483794	0.015471742	0.08660867	13.0	1756.4596724510193
68	82.05455	21.752062	100.0	6.4	287.51514	17.557936	10.479821	50.303375	-19.965929	690000	-1.9247333e-08	104.57084	-0.009689162	-29.968712	0.4387107	0.015676834	0.069806986	9.0	1781.8346843719482
69	85.72727	12.227621	100.0	55.6	286.12122	17.159227	10.915009	54.46794	-8.431226	700000	-2.6387472e-09	77.714874	-0.012413462	-17.635864	0.42980704	0.015263383	0.08750876	20.0	1807.4216012954712
70	85.44243	13.601404	100.0	50.2	292.78787	17.831945	10.165212	52.248863	-8.721781	710000	2.173086e-09	74.73446	-0.011901275	-16.734644	0.44535407	0.0151541075	0.08730873	17.0	1832.9660141468048
71	85.35	16.064947	100.0	30.0	292.90625	18.043404	10.926439	51.46773	-8.582641	720000	-3.9425988e-08	69.52737	-0.008967764	-11.139347	0.43472996	0.015243426	0.07590759	13.0	1859.0020925998688
72	83.739395	12.825211	100.0	54.0	288.9394	18.216017	11.261417	52.443604	-10.325402	730000	-1.6142925e-08	79.20691	-0.009425245	-16.342716	0.45019218	0.015026137	0.079607956	10.0	1885.648035287857
73	81.354836	15.384845	100.0	46.0	302.80646	17.728508	10.4932785	52.8627	-12.473964	740000	-9.934108e-09	79.47765	-0.009991871	-14.641345	0.46801436	0.016023153	0.09610961	15.0	1910.251076221466
74	84.23871	14.237562	100.0	52.0	299.48386	17.054949	9.933624	52.88832	-11.127055	750000	1.2417634e-08	77.235954	-0.008747268	-15.210341	0.4355687	0.015487541	0.08170817	10.0	1936.0984432697296
75	80.92902	20.093496	100.0	20.8	312.6129	16.646782	10.366794	53.050877	-11.178098	760000	-2.7318796e-08	82.16343	-0.012212942	-14.589234	0.43869844	0.015386711	0.08660867	19.0	1960.7863864898682
76	84.20625	16.5763	100.0	41.2	284.25	16.725742	11.342136	53.967793	-9.866139	770000	-6.829699e-09	83.26023	-0.010482091	-13.273854	0.4513611	0.015129581	0.08890889	17.0	1987.1373109817505
77	83.870964	13.957498	100.0	48.4	299.35483	17.21341	11.249635	54.767895	-18.54487	780000	3.8805106e-09	76.67391	-0.009315564	-16.089792	0.45819095	0.015344262	0.07920793	10.0	2012.0783114433289
78	83.975	15.688113	100.0	29.8	288.90625	17.39905	10.123211	49.02584	-17.541822	790000	1.3659398e-08	87.5362	-0.013955351	-26.478216	0.43180072	0.015664026	0.09250925	31.0	2038.307489156723
79	82.51875	16.551046	100.0	41.2	299.96875	17.970984	11.287397	52.791885	-12.8139925	800000	-3.228585e-08	96.93386	-0.006503019	-29.890589	0.43589723	0.018241493	0.05620562	6.0	2065.697316646576
80	79.6	22.592642	100.0	-10.0	294.65625	17.421736	10.349321	47.967403	-12.043511	810000	-3.228585e-08	114.58811	-0.0056339963	-24.884737	0.46119764	0.015837133	0.084008396	6.0	2091.677950143814
81	86.5375	12.148192	100.0	62.2	292.09375	17.328333	10.09684	50.5512	-20.787766	820000	-1.5075784e-08	75.76745	-0.009903553	-27.339935	0.43445054	0.01564579	0.09270927	14.0	2116.49781870842
82	80.49032	23.813135	100.0	-10.0	301.1613	17.452505	11.391808	49.595615	-12.621643	830000	-1.2417635e-09	112.95725	-0.00782377	-27.912054	0.444249	0.015203345	0.06420642	8.0	2142.6172337532043
83	84.5	16.109936	100.0	29.8	288.0	16.761202	10.963888	51.56816	-21.219303	840000	2.9802322e-08	82.85868	-0.009303734	-18.31188	0.4393206	0.015342797	0.09440944	12.0	2168.6027371883392
84	87.72727	12.292379	100.0	47.2	279.9697	17.603827	10.63495	52.914875	-11.430393	850000	-4.967054e-09	69.1095	-0.010409898	-13.61158	0.435712	0.015660124	0.07440744	16.0	2195.6551761627197
85	84.53125	15.674869	100.0	38.0	298.3125	18.094955	11.101987	52.50693	-12.238786	860000	1.4280279e-08	79.74484	-0.008386095	-14.657832	0.4239478	0.016114417	0.07450745	11.0	2220.0019731521606
86	85.6375	12.816146	100.0	49.6	296.4375	17.454268	11.041116	53.742195	-16.990221	870000	-1.7384687e-08	71.095314	-0.008043791	-10.84906	0.43938538	0.015603341	0.06410641	11.0	2246.3076894283295
87	84.575	16.77526	100.0	41.8	294.0	17.757921	10.39699	55.819843	-10.880635	880000	-1.8049226e-08	73.5816	-0.0041356506	-14.182628	0.43484473	0.018359194	0.037203718	3.0	2272.123822450638
88	88.82424	14.031199	100.0	40.6	270.0606	17.232082	11.022641	53.084988	-9.076883	890000	-2.2351742e-08	70.07183	-0.009121855	-15.870331	0.41695002	0.015461662	0.08780878	15.0	2296.205719947815
89	84.44243	16.91897	100.0	31.6	291.78787	18.032217	11.41942	56.106377	-10.681332	900000	-8.692344e-09	76.43134	-0.013733395	-17.882366	0.41634026	0.015108116	0.0940094	28.0	2326.1746184825897
90	81.475	17.752659	100.0	17.8	299.65625	17.310572	10.839338	55.619953	-14.720393	910000	1.4901161e-08	74.23896	-0.0071520656	-18.265654	0.42105675	0.015112549	0.04720472	7.0	2351.123050928116
91	84.666664	19.470236	100.0	2.8	292.84848	16.188501	10.714767	52.14448	-12.896568	920000	-1.2417634e-08	75.999725	-0.01219721	-14.996398	0.4273157	0.015249587	0.0880088	21.0	2378.5067348480225
92	88.95758	9.565438	100.0	61.6	283.24243	17.346342	11.534356	54.65479	-13.312793	930000	-4.967054e-09	62.004627	-0.006853119	-11.288823	0.4186771	0.0151725365	0.0440044	9.0	2404.3612422943115
93	87.38788	11.563783	100.0	58.6	289.9394	18.662327	10.928093	54.808548	-14.239043	940000	-3.228585e-08	61.86858	-0.016715242	-10.204788	0.43630037	0.015055996	0.10931093	48.0	2433.078894853592
94	86.19375	14.700722	100.0	41.8	284.46875	18.458942	10.812022	54.07325	-14.1109085	950000	9.934108e-09	64.13235	-0.006384725	-13.630448	0.4393537	0.016807646	0.04910491	7.0	2458.462251186371
95	82.52121	16.512398	100.0	40.0	290.48486	17.073343	11.609304	56.564568	-13.036348	960000	1.9868216e-08	87.01592	-0.009039246	-15.455044	0.42032507	0.01550332	0.068006806	12.0	2485.374013900757
96	87.67879	11.85651	100.0	58.0	283.60605	16.38304	10.858744	55.296783	-8.535687	970000	-1.6142925e-08	64.83935	-0.006961291	-13.473966	0.42344832	0.015723033	0.09220922	8.0	2511.740570783615
97	86.3625	12.716666	100.0	43.6	289.40625	17.911764	11.431859	55.194	-9.453843	980000	1.1796753e-08	63.71132	-0.00834377	-10.197093	0.4365519	0.015378378	0.0690069	12.0	2536.47753572464
98	84.40606	14.12777	100.0	44.2	288.57574	17.72788	10.993277	55.735985	-10.101496	990000	-3.1044085e-09	60.89557	-0.0075105377	-10.928052	0.44704393	0.016551534	0.10681068	8.0	2563.9462027549744
99	85.90323	11.406153	100.0	62.8	296.51614	18.240618	10.727683	52.055004	-9.980476	1000000	-1.1951973e-08	64.73063	-0.0065993	-10.281011	0.43881702	0.015201339	0.09050906	7.0	2588.0806918144226
100	82.15625	25.011635	100.0	-30.0	303.46875	17.473383	10.6947975	52.92527	-13.37826	1010000	3.7252903e-09	114.63305	-0.008885138	-33.496693	0.42117676	0.016526809	0.07790779	11.0	2613.1402509212494
101	87.36364	12.614225	100.0	59.8	289.45456	16.97482	10.780592	51.563435	-13.92053	1020000	3.7252903e-09	70.43517	-0.0108753545	-18.481573	0.4273858	0.0154209295	0.07780778	15.0	2640.205091714859
102	86.32121	14.9816	100.0	39.4	297.57574	17.599125	10.708099	53.528873	-17.497606	1030000	-1.4978772e-08	66.06494	-0.0072660297	-13.355446	0.41520813	0.01661904	0.069106914	8.0	2665.7559928894043
103	87.0125	16.585003	100.0	19.6	285.125	18.043243	11.075307	54.60888	-13.794188	1040000	-1.8626451e-08	74.27221	-0.012329352	-14.384078	0.40780893	0.0151082575	0.082908295	24.0	2693.312809944153
104	85.4125	14.385925	100.0	36.4	297.3125	18.304638	11.448211	55.528954	-8.267513	1050000	7.644606e-09	63.89792	-0.010512193	-11.856007	0.4026262	0.0153429	0.06890689	19.0	2719.015849351883
105	87.631256	11.727969	100.0	60.4	287.75	18.832905	10.828026	55.414757	-8.8677025	1060000	1.2417634e-08	66.82033	-0.008733824	-15.325054	0.42226872	0.015396436	0.06770677	12.0	2744.404381275177
106	87.2375	13.845526	100.0	47.2	289.4375	17.873209	11.462493	55.863796	-18.668673	1070000	-5.122274e-09	54.26946	-0.0067915074	-11.63807	0.40593472	0.016417434	0.05560556	9.0	2770.5207574367523
107	84.82581	13.612872	100.0	54.4	290.41934	19.239668	11.071585	55.704395	-6.371508	1080000	-1.4280279e-08	73.24524	-0.006821226	-12.500707	0.40710697	0.015033353	0.066706665	8.0	2795.248399734497
108	85.6875	18.946499	100.0	23.8	283.625	17.98441	10.581856	54.52207	-9.501749	1090000	2.483527e-09	77.49834	-0.0063908934	-13.816939	0.40386367	0.015081557	0.07460746	10.0	2822.3359036445618
109	87.6909	11.262499	100.0	56.8	288.57574	17.803085	11.436238	56.561928	-11.966018	1100000	-1.4280279e-08	59.280975	-0.01050814	-11.275487	0.40412083	0.01567172	0.083708376	14.0	2848.8515105247498
110	85.825	14.492649	100.0	40.0	292.9375	18.773424	10.656625	55.314964	-9.625473	1110000	2.2972623e-08	63.704468	-0.0072384565	-13.624755	0.39451584	0.015758498	0.062406242	10.0	2872.7754032611847
111	80.44666	17.191757	100.0	33.4	314.36667	18.747375	11.006567	55.26726	-17.086967	1120000	-1.6763806e-08	77.825035	-0.006773809	-16.781813	0.40248227	0.016840955	0.061806183	8.0	2897.907003879547
112	85.7375	12.813219	100.0	52.6	292.0625	17.313597	10.120115	51.466106	-15.529762	1130000	-2.7318796e-08	72.46994	-0.0070648068	-14.702146	0.38318476	0.01518644	0.05190519	10.0	2922.932035923004
113	88.09091	12.870646	100.0	48.4	278.57574	17.964485	10.333415	53.479164	-9.042199	1140000	1.2417635e-09	66.32421	-0.012269829	-13.901973	0.36509684	0.015171471	0.079307936	31.0	2947.095461368561
114	84.354836	17.12864	100.0	31.0	294.2903	19.06671	11.507223	51.243786	-10.704001	1150000	3.7252903e-09	72.590965	-0.0101973275	-19.934725	0.38619718	0.015366255	0.075207524	12.0	2972.6397128105164
115	81.056244	31.142103	100.0	-70.0	297.15625	18.235407	10.694793	49.126564	-13.979565	1160000	-4.1599076e-08	126.56393	-0.0066395774	-32.31044	0.39062917	0.015465022	0.050505053	7.0	2997.1533913612366
116	87.15625	13.3883095	100.0	50.2	299.84375	17.723713	10.218163	42.42261	-11.308606	1170000	1.3659398e-08	76.84946	-0.010535116	-19.739044	0.36799827	0.015075225	0.07930793	18.0	3023.8684616088867
117	84.741936	14.427142	100.0	45.4	307.41934	17.797943	10.896811	53.89173	-9.334801	1180000	-3.7563343e-08	71.05249	-0.008537859	-12.164356	0.38879237	0.015142529	0.05650565	10.0	3053.1753916740417
118	89.92121	9.77107	100.0	68.8	289.15152	17.629038	10.611171	52.28179	-11.422452	1190000	1.6763806e-08	66.1792	-0.00809405	-15.167259	0.38622752	0.015655736	0.06640664	10.0	3079.0486159324646
119	84.29032	15.92392	100.0	42.4	306.51614	19.374777	10.581126	51.816017	-13.990087	1200000	1.7384687e-08	75.55503	-0.009648115	-23.219528	0.3982942	0.015640134	0.08280828	11.0	3102.961587905884
120	85.8303	13.944838	100.0	41.8	298.78787	17.159191	10.970016	52.695206	-15.03559	1210000	6.208817e-09	69.389015	-0.009546951	-12.437226	0.40401578	0.015768163	0.07920792	12.0	3129.8851816654205
121	87.818184	11.820205	100.0	58.0	284.75757	17.295101	10.747503	46.686222	-15.674208	1220000	-3.290673e-08	62.732132	-0.008258654	-11.934432	0.41191176	0.01577712	0.08710871	10.0	3155.4548528194427
122	85.42581	16.149681	100.0	44.2	297.41934	19.013042	11.065348	53.240253	-14.033482	1230000	-1.4901161e-08	67.55432	-0.009990895	-14.132538	0.4017087	0.015447982	0.07140714	14.0	3180.997513771057
123	85.548386	14.629177	100.0	43.0	295.2903	18.332422	10.904674	51.457085	-10.576069	1240000	-4.967054e-09	65.58521	-0.0072659305	-14.432671	0.39890942	0.015119701	0.072807275	9.0	3205.1371626853943
124	85.875	15.5511055	100.0	46.6	296.5	16.996555	10.481063	50.62545	-13.093514	1250000	-2.8560558e-08	72.138245	-0.006765568	-15.727597	0.4025341	0.016503073	0.04970497	8.0	3230.992799282074
125	84.91613	14.272804	100.0	53.2	299.12903	17.617292	11.38533	52.05616	-12.592244	1260000	8.692344e-09	75.14643	-0.006141909	-13.082019	0.38924965	0.016135693	0.0850085	9.0	3258.2173850536346
126	86.38182	10.642438	100.0	59.2	300.21213	17.386156	10.515749	52.59651	-11.323051	1270000	2.3593506e-08	61.885296	-0.009031374	-12.046219	0.40854454	0.01502724	0.08010801	16.0	3284.7020456790924
127	85.51515	14.798528	100.0	41.8	290.33334	17.889029	10.248954	55.18993	-11.896243	1280000	-6.208817e-09	69.71567	-0.00870115	-13.305046	0.41340342	0.01502648	0.06780678	13.0	3310.262580394745
128	88.0125	12.837634	100.0	43.0	298.9375	18.292694	10.328514	49.373817	-7.2920313	1290000	-8.071463e-09	68.08742	-0.010621302	-12.289524	0.40791583	0.015324842	0.076107614	16.0	3336.4444835186005
129	84.79355	15.086886	100.0	39.4	301.6129	18.87594	10.865573	56.07851	-19.448603	1300000	-2.6077032e-08	64.353745	-0.007274177	-12.761075	0.40218773	0.015371191	0.05810581	9.0	3361.5377819538116
130	87.76969	12.734313	100.0	40.0	296.63635	16.77631	11.131511	51.862896	-10.711072	1310000	-1.3038516e-08	61.43533	-0.009921622	-12.113277	0.40271094	0.015614255	0.07920792	16.0	3388.554807662964
131	84.94194	13.937111	100.0	46.0	303.4516	18.935492	10.694654	51.831505	-9.751087	1320000	0.0	70.70602	-0.0065704235	-13.363045	0.40842545	0.015100267	0.06480648	7.0	3413.877069711685
132	87.5625	11.967815	100.0	59.8	284.71875	18.091448	10.886168	53.534077	-8.4948225	1330000	1.2272115e-08	64.584465	-0.008252975	-11.309948	0.40081498	0.0150996335	0.07820782	11.0	3439.6132247447968
133	85.933334	13.309341	100.0	53.2	298.27274	17.295431	10.530152	54.926975	-8.343938	1340000	-3.3217173e-08	63.082184	-0.00886409	-12.450395	0.38398984	0.015534013	0.07920793	13.0	3465.5985062122345
134	86.6	15.999063	100.0	36.4	282.53125	17.759655	11.121306	54.330452	-7.2327604	1350000	-2.4835268e-08	70.17634	-0.007179788	-12.345767	0.39415947	0.01547875	0.052105214	9.0	3490.6224207878113
135	88.05625	11.899394	100.0	59.2	292.375	18.250202	11.412002	54.934708	-9.622836	1360000	6.2088173e-10	61.837826	-0.012961924	-11.33044	0.39536205	0.015088688	0.08870888	27.0	3517.3958926200867
136	84.28387	14.50444	100.0	46.6	297.19354	18.726566	11.313527	56.768044	-11.338275	1370000	1.3659398e-08	60.86099	-0.008664957	-12.086427	0.4104099	0.01551684	0.06450645	8.0	3539.919777393341
137	86.187874	13.503125	100.0	52.0	291.66666	16.980621	11.24234	50.708492	-12.938203	1380000	1.1175871e-08	62.997036	-0.0070913755	-9.957366	0.41988602	0.015780834	0.06620663	8.0	3567.3606173992157
138	84.72121	16.955696	100.0	38.0	288.51514	17.136549	11.289911	56.382168	-8.178034	1390000	1.9868216e-08	77.308754	-0.00803684	-14.430669	0.41366565	0.015974987	0.07990799	9.0	3593.009209394455
139	84.642426	16.876217	100.0	44.8	290.66666	17.415949	11.03203	53.996346	-9.557107	1400000	-1.6142925e-08	71.0254	-0.0077263564	-17.08352	0.4207673	0.015635585	0.06700671	9.0	3620.699855566025
140	85.399994	15.62754	100.0	44.2	300.03125	17.656689	11.336726	55.10653	-8.193324	1410000	1.4901161e-08	69.84777	-0.007078309	-16.028513	0.41708413	0.015091666	0.048904892	8.0	3646.27894115448
141	88.35152	12.652849	100.0	54.4	287.87878	17.350367	10.515799	52.15129	-8.135296	1420000	-1.1175871e-08	67.37017	-0.013634133	-20.375486	0.39443815	0.015344766	0.08410841	30.0	3672.2310531139374
142	79.46667	18.161303	100.0	32.8	316.13333	19.489231	11.4018955	52.804153	-17.596218	1430000	-9.934108e-09	87.46427	-0.010526139	-26.585785	0.4142612	0.015994368	0.068006806	10.0	3696.4346494674683
143	82.82581	16.883947	100.0	44.0	302.7742	16.602028	10.625374	47.016636	-16.442112	1440000	-9.934108e-09	75.18666	-0.011308993	-13.1633415	0.40857124	0.0152175985	0.074507445	15.0	3722.1222388744354
144	87.10625	15.748014	100.0	23.8	293.875	17.426853	10.004903	47.17638	-15.099387	1450000	1.4901161e-08	69.68834	-0.009926577	-15.484192	0.41208017	0.015133701	0.07580758	12.0	3745.824763059616
145	82.5	17.464035	100.0	40.0	291.65625	17.874321	11.399	52.424713	-10.576118	1460000	3.228585e-08	78.30587	-0.010430182	-13.649444	0.4274949	0.01538406	0.08420842	14.0	3770.1580476760864
146	82.90303	16.47824	100.0	38.2	297.24243	16.59329	11.30883	47.31621	-15.129858	1470000	-3.7252903e-09	87.2947	-0.008801642	-18.374472	0.42290333	0.016669014	0.064006396	9.0	3797.1551945209503
147	80.32727	23.986906	100.0	-20.0	294.60605	16.031658	10.857246	49.240524	-16.636074	1480000	2.3903945e-08	109.6307	-0.008013339	-27.125023	0.4160285	0.015494791	0.07220722	9.0	3823.2166838645935
148	84.645164	12.859811	100.0	59.8	302.35483	17.081331	11.064385	50.431152	-20.756031	1490000	0.0	68.916016	-0.008347312	-17.451227	0.40623537	0.015633907	0.0610061	12.0	3849.0293679237366
149	86.3375	13.191706	100.0	49.6	297.125	16.929235	10.484815	50.382103	-11.942605	1500000	1.9247333e-08	60.09805	-0.011523603	-11.446347	0.42272988	0.015577014	0.07920792	19.0	3875.4500143527985
150	83.44243	22.513391	100.0	-20.0	286.69696	17.479895	11.041664	52.406357	-9.105502	1510000	1.9868216e-08	98.91419	-0.011559549	-24.022352	0.40985385	0.015040248	0.07740774	15.0	3900.907788038254
151	85.33125	16.496258	100.0	40.0	288.375	17.908314	11.256541	48.55703	-17.58761	1520000	-1.6142925e-08	73.70104	-0.010219087	-15.333851	0.43622282	0.015505674	0.07870787	14.0	3925.357335090637
152	86.242424	14.017976	100.0	53.8	290.0303	17.235832	11.065344	54.366467	-10.684546	1530000	5.8983765e-09	71.042946	-0.009585665	-12.982403	0.42205548	0.015706515	0.08170817	15.0	3951.2379121780396
153	84.35334	14.865144	100.0	44.0	313.23334	18.870853	11.597968	52.573334	-13.702017	1540000	0.0	71.05548	-0.006172687	-14.858911	0.42002162	0.015839117	0.06040604	6.0	3975.1543385982513
154	86.7	12.223543	100.0	49.6	296.25	17.425808	10.695329	50.611008	-8.914334	1550000	1.2262414e-08	64.01186	-0.010496949	-13.294746	0.42040917	0.015777202	0.0750075	15.0	4001.9038643836975
155	84.5125	16.177835	100.0	44.8	297.59375	18.008055	10.17293	52.483906	-13.622429	1560000	2.2351742e-08	72.51998	-0.01022064	-19.64305	0.42151734	0.015137945	0.0880088	17.0	4029.223108768463
156	80.07334	19.193436	100.0	29.8	319.43332	17.797684	11.354658	51.177837	-13.091903	1570000	2.6077032e-08	75.48737	-0.009217766	-14.906615	0.42061734	0.015413987	0.07140715	12.0	4052.244908094406
157	83.5871	17.383043	100.0	37.6	304.9355	16.673677	10.642331	45.251076	-14.373081	1580000	1.7384687e-08	72.67079	-0.010701721	-12.682593	0.4188919	0.015565582	0.084808476	15.0	4077.071533203125
158	81.87273	30.405893	100.0	-70.0	272.30304	16.704384	10.752007	48.484917	-15.183799	1590000	-3.228585e-08	118.09783	-0.010792255	-36.51529	0.40671015	0.015481333	0.082208216	16.0	4107.29331111908
159	83.91875	15.941287	100.0	43.0	304.0	17.42283	11.640178	50.512157	-13.348185	1600000	-1.5056381e-08	89.23115	-0.011205922	-23.522879	0.43649054	0.015179299	0.07580758	11.0	4132.959689855576
160	82.31875	16.779217	100.0	44.0	297.5	17.23233	10.324272	46.96324	-15.617649	1610000	-1.2417634e-08	78.82216	-0.008351869	-18.550821	0.41516328	0.015224527	0.08080808	8.0	4158.424747943878
161	85.21875	14.800875	100.0	55.6	283.4375	17.04282	11.100635	48.21047	-12.5448675	1620000	4.346172e-09	75.783264	-0.0085334405	-15.510119	0.43036065	0.015233333	0.07770777	10.0	4182.657920360565
162	84.8875	17.128042	100.0	25.6	294.15625	17.492498	11.077141	49.211357	-11.059687	1630000	3.8494665e-08	74.00486	-0.0071558864	-10.111728	0.4354984	0.015304328	0.06660666	9.0	4210.433012008667
163	84.725	19.097757	100.0	22.6	299.78125	17.259089	10.741651	51.768906	-10.001025	1640000	-2.6697913e-08	77.69308	-0.008204894	-12.998874	0.43224236	0.015081133	0.06370637	11.0	4236.8192574977875
164	87.71516	12.700182	100.0	46.0	287.0909	17.026663	11.406522	51.41781	-15.2792635	1650000	-4.4703484e-08	71.25997	-0.0079193255	-16.461962	0.41985366	0.015088275	0.06440645	10.0	4261.783208847046
165	82.05334	17.444458	100.0	32.2	318.13333	19.555141	10.79775	52.200336	-14.088253	1660000	-8.692344e-09	75.86144	-0.010513986	-17.055592	0.42644176	0.015299854	0.06940694	16.0	4286.757736682892
166	87.2125	13.101426	100.0	58.0	286.40625	16.947376	10.955744	49.358624	-11.755162	1670000	-9.701277e-09	76.84432	-0.007342745	-17.106318	0.4283863	0.015903907	0.05830583	10.0	4311.596444606781
167	86.8606	14.26685	100.0	49.0	291.0	17.312677	11.330341	52.798637	-10.331328	1680000	-2.6853135e-08	70.986595	-0.01238409	-13.285136	0.43207002	0.015088373	0.081208125	21.0	4338.020272731781
168	84.4	19.496449	100.0	16.0	282.51514	17.27155	11.37092	52.005577	-12.657233	1690000	-9.002785e-09	72.34316	-0.009739032	-14.449649	0.42333508	0.015400432	0.07270727	11.0	4366.373797178268
169	83.95152	20.637127	100.0	-10.0	287.42426	17.203232	11.455024	48.96746	-13.324487	1700000	-9.934108e-09	105.33654	-0.0073269885	-29.04986	0.4326251	0.015554938	0.06350635	8.0	4391.964403867722
170	84.4875	17.616678	100.0	39.4	299.625	17.090061	10.740532	44.60927	-14.538891	1710000	1.2417634e-08	95.06214	-0.01474404	-23.233507	0.41691852	0.015185595	0.08680868	30.0	4417.661047697067
171	80.81291	23.862776	100.0	-10.0	302.64517	17.32774	11.255852	53.89403	-18.906164	1720000	4.967054e-09	98.32089	-0.008012372	-22.578756	0.43529868	0.01600178	0.0760076	8.0	4441.935442447662
172	85.94375	13.374812	100.0	53.8	292.6875	17.034138	11.259043	48.45875	-22.047405	1730000	-3.1044085e-09	74.53185	-0.012751211	-17.762402	0.43330947	0.015012723	0.08890889	22.0	4466.328952789307
173	85.21212	16.772701	100.0	42.4	275.48486	17.416725	10.996864	54.527023	-10.987708	1740000	-1.3659398e-08	80.19346	-0.011651088	-14.939334	0.41156638	0.015359043	0.08700869	16.0	4493.416715145111
174	80.6258	24.098173	100.0	10.0	300.58066	18.487116	11.667038	55.246906	-12.334498	1750000	6.829699e-09	84.62003	-0.008138758	-22.297327	0.4192723	0.015572357	0.07560756	13.0	4517.5640161037445
175	79.8	32.70199	100.0	-70.0	305.0625	15.961481	12.070838	53.051582	-13.973485	1760000	4.967054e-09	124.53225	-0.0046765334	-30.27188	0.41609836	0.017786967	0.056605663	4.0	4542.883284330368
176	81.39355	19.709667	100.0	40.6	307.67743	16.725746	10.955172	44.111122	-21.07479	1770000	1.3038516e-08	86.47013	-0.006247526	-19.44005	0.4316785	0.0151679525	0.06860686	7.0	4567.187912464142
177	82.66896	18.917627	100.0	18.4	324.65518	17.609556	11.129551	52.065865	-18.59546	1780000	-3.1509746e-08	69.6742	-0.009003826	-16.412077	0.42398062	0.015176593	0.08880889	10.0	4590.250164985657
178	84.4129	16.838354	100.0	41.8	303.1613	17.229195	11.122178	50.528202	-16.385683	1790000	1.5522043e-10	62.08157	-0.0071065756	-11.2943735	0.40530005	0.018605554	0.07790779	6.0	4615.435759067535
179	84.20667	14.956424	100.0	46.0	310.0	18.621927	11.430873	53.962837	-13.691822	1800000	9.934108e-09	80.4043	-0.0065562725	-15.788375	0.4187776	0.015185389	0.06820682	6.0	4638.658310890198
180	84.03333	18.396456	100.0	30.4	310.76666	17.340601	10.762233	49.893547	-13.404936	1810000	1.8849581e-08	70.44622	-0.0043460918	-15.798772	0.41838953	0.016480563	0.08190819	5.0	4661.3654499053955
181	86.3871	15.637831	100.0	54.4	298.4516	17.914112	11.225024	52.57217	-12.812175	1820000	4.967054e-09	61.5262	-0.008862208	-10.847228	0.41747758	0.015221256	0.0710071	13.0	4686.706067085266
182	85.3375	19.091846	100.0	10.6	293.75	17.751347	10.898984	53.390503	-15.600328	1830000	6.208817e-09	76.617546	-0.010016811	-15.769989	0.40355602	0.015552039	0.076007605	10.0	4711.6793875694275
183	83.97419	18.237696	100.0	38.8	301.12903	17.980164	11.077279	50.860138	-15.494617	1840000	-6.519258e-09	74.12449	-0.011676084	-16.74058	0.3907893	0.015340023	0.09190919	17.0	4738.256390571594
184	89.96875	9.943604	100.0	56.2	299.75	17.16177	10.530429	49.55967	-11.713768	1850000	1.5211603e-08	68.8154	-0.0070593306	-16.975466	0.38611796	0.015572268	0.061806183	9.0	4764.56240773201
185	84.16129	17.71607	100.0	31.0	303.7097	18.5496	10.98433	57.43513	-8.724405	1860000	1.1175871e-08	71.81241	-0.008180444	-15.480838	0.39118043	0.016052268	0.081608154	9.0	4788.4211502075195
186	85.6129	18.610989	100.0	34.6	293.9355	18.152147	10.875043	57.99344	-6.1157894	1870000	-1.3659398e-08	69.03253	-0.008999599	-12.010945	0.39212272	0.017739832	0.07080708	12.0	4812.830170631409
187	88.05	12.9514475	100.0	54.0	298.3125	17.504904	11.303509	54.488873	-8.229988	1880000	9.934108e-09	68.311195	-0.004843334	-12.479657	0.4065366	0.015291813	0.090909086	5.0	4838.106067419052
188	84.68667	16.179384	100.0	43.0	310.4	18.343048	11.326631	56.39657	-10.112885	1890000	-1.14863115e-08	66.07883	-0.009192228	-13.324632	0.40218917	0.016265994	0.06140614	9.0	4861.140081167221
189	86.43125	16.25716	100.0	34.6	288.9375	17.294977	10.862997	54.771053	-6.6809444	1900000	-1.7384687e-08	67.06131	-0.012304164	-12.628639	0.41885957	0.015135343	0.09840984	19.0	4886.5120351314545
190	86.653336	14.729557	100.0	49.6	317.66666	18.08415	10.974201	54.7739	-14.149639	1910000	1.1796753e-08	67.53592	-0.0074760835	-14.846646	0.41155684	0.015496832	0.07220722	10.0	4911.120846271515
191	87.075	14.146797	100.0	45.4	302.6875	18.247742	10.50711	58.60534	-5.4584446	1920000	-1.7384687e-08	63.98108	-0.008406528	-12.587776	0.4202614	0.015060104	0.07830783	10.0	4936.792512655258
192	87.761284	13.93454	100.0	41.8	285.0645	18.474861	11.452695	54.437256	-12.73414	1930000	8.692344e-09	72.654655	-0.010161663	-11.8779745	0.42616844	0.015480454	0.08590859	15.0	4961.101595878601
193	84.98709	16.3584	100.0	38.8	301.0645	18.77334	11.150271	57.415985	-7.721984	1940000	-4.9670536e-08	76.02482	-0.0071393684	-18.591133	0.4302763	0.015066992	0.07270727	7.0	4985.04055929184
194	83.72	18.560215	100.0	32.8	314.5	18.430326	11.267681	55.555508	-14.897075	1950000	-8.692344e-09	74.02096	-0.008924234	-15.989902	0.42430076	0.015473194	0.074307434	10.0	5007.984777927399
195	84.45625	15.966937	100.0	34.6	301.75	16.894934	11.0785675	52.76652	-15.32932	1960000	-4.967054e-09	66.795074	-0.009298366	-12.769913	0.43585455	0.01573955	0.07660766	11.0	5032.75937628746
196	85.31613	18.2042	100.0	34.0	300.9355	17.850174	11.350869	49.822765	-12.094356	1970000	-3.601114e-08	76.79352	-0.006918661	-16.602083	0.43775022	0.015524842	0.070707075	7.0	5060.091567516327
197	85.85161	16.043245	100.0	37.6	313.87097	17.905706	11.274175	51.692924	-19.141333	1980000	-5.432715e-09	80.49477	-0.0077210353	-2.1848247	0.42400575	0.016145704	0.070107006	9.0	5084.797297716141
198	87.99375	15.441461	100.0	30.4	299.0625	17.464584	10.526944	51.68846	-11.806348	1990000	-3.8494665e-08	83.17138	-0.005293079	-15.381846	0.42158487	0.018754663	0.05080508	5.0	5108.779908180237
199	83.462494	17.629765	100.0	37.6	294.375	18.295656	10.857357	53.745667	-9.989226	2000000	5.5879354e-09	88.38918	-0.0065037697	-16.767237	0.41441867	0.016787186	0.06860686	8.0	5135.230888605118
200	79.98125	29.525217	100.0	-10.0	297.09375	16.839361	11.078891	53.514614	-19.065367	2010000	1.3659398e-08	136.12643	-0.008678413	-28.993864	0.42362377	0.016254917	0.079307936	12.0	5160.358309268951
201	82.741936	18.840532	100.0	37.0	305.41934	17.3444	10.621055	51.813114	-21.233622	2020000	-6.208817e-09	85.21814	-0.009085204	-14.595668	0.41807982	0.0154850185	0.065806575	13.0	5186.434635877609
202	85.0	16.909628	100.0	34.6	312.4516	17.354294	10.254494	52.951897	-11.262871	2030000	3.4458935e-08	85.72581	-0.007992332	-12.884646	0.40851673	0.015593697	0.07850785	11.0	5211.157281398773
203	85.86667	13.072856	100.0	53.2	311.53333	18.425026	10.68218	54.28237	-12.36693	2040000	-7.450581e-09	70.51859	-0.008512001	-12.876704	0.41289428	0.015194826	0.07260726	13.0	5233.737642526627
204	89.61875	13.6715355	100.0	37.6	277.59375	18.267643	10.269125	53.95933	-8.572729	2050000	5.0912302e-08	86.37902	-0.006953271	-13.578984	0.4051858	0.01588789	0.055505555	7.0	5257.329575061798
205	84.293335	17.132015	100.0	34.6	306.2	20.427105	10.606032	58.77411	-9.101308	2060000	4.967054e-09	79.95843	-0.007134851	-16.085875	0.42017284	0.017327448	0.07220722	9.0	5280.146013021469
206	83.399994	19.082125	100.0	26.8	307.09375	17.602587	9.735081	56.37523	-9.572557	2070000	-9.216213e-09	99.95246	-0.012602148	-19.02252	0.43018076	0.01548227	0.08820882	24.0	5307.072428226471
207	85.76875	16.960625	100.0	28.0	288.15625	17.203007	10.103393	54.924576	-11.586855	2080000	9.934108e-09	93.06207	-0.009993159	-15.2512865	0.40487728	0.015566602	0.0710071	15.0	5332.170629262924
208	85.1697	18.374165	100.0	16.0	292.27274	17.728346	10.519823	55.278793	-9.240415	2090000	-1.831601e-08	82.63265	-0.011294174	-13.82819	0.41474167	0.015171771	0.08750876	21.0	5359.171922445297
209	81.993744	23.544876	100.0	-10.0	296.6875	17.225208	10.76283	54.258026	-9.444666	2100000	-2.7939677e-08	102.01266	-0.008858336	-16.21366	0.41980863	0.015121409	0.06770677	13.0	5383.872286319733
210	83.5	20.801394	100.0	25.0	304.96667	17.849556	10.85606	53.640568	-10.774361	2110000	1.4901161e-08	107.662865	-0.008192401	-26.667023	0.43001315	0.015481654	0.06970697	9.0	5407.680109262466
211	84.08125	17.333267	100.0	34.0	301.375	15.933578	11.666457	54.419647	-24.225954	2120000	-5.4637592e-08	90.704	-0.006467523	-16.83142	0.41843084	0.015928924	0.06540654	7.0	5432.131160974503
212	87.68125	15.160627	100.0	50.2	285.6875	17.161556	11.54362	57.067207	-18.624355	2130000	-4.346172e-09	85.1242	-0.00818687	-11.75517	0.4045508	0.016261622	0.06430643	13.0	5458.177276134491
213	87.10909	13.617911	100.0	41.2	297.45456	17.869007	10.545316	56.067085	-10.562312	2140000	4.967054e-09	70.12143	-0.006924922	-10.337005	0.41598758	0.015896438	0.06770677	8.0	5483.9236443042755
214	85.86452	14.780142	100.0	53.2	301.25806	18.787285	10.456731	54.888966	-9.830271	2150000	2.483527e-09	82.87655	-0.0066141463	-13.74513	0.4087259	0.015248075	0.06360636	7.0	5508.195355653763
215	85.896774	14.070777	100.0	54.4	299.4516	18.687536	9.937127	56.330654	-6.39475	2160000	4.434696e-09	85.771965	-0.009008845	-21.314226	0.3985124	0.015267211	0.08210821	13.0	5533.434590578079
216	88.012115	13.133158	100.0	46.6	291.27274	17.87025	9.830045	52.783073	-8.835675	2170000	-1.816079e-08	81.101074	-0.009409437	-10.558892	0.38621226	0.015075049	0.08330833	14.0	5560.263751029968
217	82.30303	25.311161	100.0	-20.0	291.66666	18.036411	9.98749	53.69223	-8.618345	2180000	-1.0322158e-08	101.915	-0.013995099	-22.513723	0.4176042	0.01526061	0.09390938	24.0	5586.9241490364075
218	85.32904	14.175449	100.0	51.4	303.3871	17.887476	10.761157	53.761375	-12.623786	2190000	2.173086e-09	80.21188	-0.0130490055	-13.366497	0.42654863	0.015301944	0.08510851	24.0	5611.607696771622
219	83.17419	14.371006	100.0	51.4	299.7097	17.76379	10.356034	54.489193	-11.629128	2200000	-7.761021e-09	77.20403	-0.007960726	-12.63594	0.4049418	0.015142183	0.051305134	9.0	5637.33037853241
220	81.09655	20.572739	100.0	31.6	326.93103	17.65845	10.260637	52.704144	-16.13061	2210000	-6.2088173e-10	96.08967	-0.009836192	-23.11732	0.39663246	0.016739335	0.074207425	11.0	5660.680469751358
221	87.31515	14.640337	100.0	50.2	296.18182	16.269758	11.078148	51.602634	-12.258898	2220000	-1.2417635e-09	82.85532	-0.009550069	-19.421495	0.42597476	0.015895974	0.075007506	15.0	5685.790322542191
222	87.74375	14.321769	100.0	54.4	295.84375	18.272045	10.322978	52.005962	-10.568682	2230000	-3.1044085e-08	73.0766	-0.0075831995	-13.473077	0.41639665	0.016330203	0.07290729	8.0	5711.223047733307
223	80.7	24.863125	100.0	-10.0	301.46875	18.256098	10.599432	53.12342	-8.947301	2240000	7.450581e-09	126.97599	-0.013646718	-34.551235	0.40828213	0.0153907435	0.08390839	26.0	5739.056323051453
224	86.683876	15.78646	100.0	48.4	298.96774	16.996956	11.277659	53.715378	-24.432041	2250000	-9.778887e-09	92.70335	-0.009288401	-29.023108	0.41895938	0.016797716	0.082908295	11.0	5763.367060184479
225	87.70968	15.778699	100.0	50.8	304.03226	18.962135	10.42637	54.57493	-25.681269	2260000	-1.14863115e-08	75.30497	-0.01169495	-11.755424	0.40227398	0.0152060315	0.09670967	17.0	5790.175449371338
226	83.36774	19.501932	100.0	26.8	303.25806	19.1325	10.840384	56.195843	-8.333967	2270000	6.208817e-09	84.47247	-0.01253733	-16.451145	0.4231796	0.015303194	0.0860086	17.0	5816.261075735092
227	80.63871	24.376743	100.0	-10.0	305.7742	17.453493	10.415506	54.78521	-8.523108	2280000	4.967054e-09	113.10281	-0.0069825836	-23.312904	0.4036449	0.01609279	0.06310631	9.0	5841.871576309204
228	86.951515	13.488225	100.0	56.8	271.15152	17.497948	10.645491	54.074764	-20.735218	2290000	1.2883295e-08	81.99433	-0.0070553296	-17.439653	0.388888	0.016231367	0.06920692	11.0	5865.5162098407745
229	84.80606	18.231009	100.0	26.8	290.57574	17.46416	10.839849	53.12451	-10.355007	2300000	1.4901161e-08	88.77949	-0.006715808	-14.5603485	0.39681545	0.015237395	0.06440643	7.0	5891.245039701462
230	79.08388	25.931013	100.0	-10.0	300.19354	17.851562	10.821017	54.64152	-13.912054	2310000	-1.2417635e-09	111.94363	-0.0076453104	-23.206444	0.39935324	0.015292763	0.0830083	8.0	5914.726204395294
231	83.219345	24.740164	100.0	-10.0	307.3871	17.339872	10.982882	54.872765	-20.592218	2320000	-2.483527e-09	122.916016	-0.0066531166	-30.067055	0.3999671	0.015968751	0.07180718	7.0	5939.583160877228
232	86.0625	17.440573	100.0	32.8	296.40625	18.192383	10.261564	52.284195	-10.04379	2330000	-2.20413e-08	90.28369	-0.0136918975	-15.7725935	0.39484647	0.015248221	0.0910091	37.0	5966.106220245361
233	85.7625	19.13821	100.0	31.6	290.5	17.504494	10.922094	54.494144	-14.738459	2340000	-9.934108e-09	90.52734	-0.008676989	-19.73813	0.3859526	0.01606013	0.0739074	9.0	5991.339599132538
234	86.27879	17.71402	100.0	42.4	280.42426	17.716698	11.151402	57.629097	-14.576654	2350000	-1.3659398e-08	79.33108	-0.008621593	-10.565822	0.37585434	0.015557532	0.080708064	13.0	6015.050021409988
235	84.3742	16.230019	100.0	45.4	310.2903	18.68139	11.388107	55.72399	-9.397297	2360000	-9.934108e-09	74.10598	-0.009427785	-15.547343	0.38693866	0.015291903	0.08430842	9.0	6041.378484725952
236	83.76129	13.554327	100.0	49.0	306.3871	18.078428	10.527275	52.79432	-14.851761	2370000	1.9402553e-10	85.21845	-0.004967903	-19.534048	0.39204466	0.015915662	0.06030603	6.0	6065.515164613724
237	83.477425	17.192698	100.0	42.4	311.80646	18.336807	9.435811	54.206345	-10.795408	2380000	9.934108e-09	87.08225	-0.0076058134	-32.253284	0.39557275	0.017725442	0.07640763	8.0	6089.4334444999695
238	84.55484	15.112969	100.0	46.6	308.19354	17.612366	10.061614	50.66503	-17.514656	2390000	2.2351742e-08	81.18894	-0.009295343	-25.700682	0.3811518	0.015492325	0.08680868	12.0	6113.040758371353
239	84.72	13.73527	100.0	46.6	315.36667	19.199936	10.446389	54.005585	-11.445644	2400000	-1.9868216e-08	84.028854	-0.010743585	-23.963541	0.4017	0.016026532	0.07790779	12.0	6136.989466428757
240	85.548386	16.386225	100.0	38.2	307.87097	18.190378	9.666365	52.661713	-12.993835	2410000	-2.7939677e-08	79.830696	-0.0072718565	-19.416449	0.36985946	0.015796954	0.061206117	8.0	6162.6779961586
241	83.258064	18.285986	100.0	40.6	306.3871	18.66447	10.095622	56.321438	-15.035906	2420000	3.0112762e-08	89.597435	-0.008920576	-17.687946	0.3813696	0.015000212	0.07140714	12.0	6186.537947177887
242	82.993546	23.210093	100.0	-20.0	308.0645	17.711811	9.816271	54.402542	-18.072294	2430000	1.9868216e-08	102.97733	-0.008703002	-25.976038	0.3778244	0.015072196	0.052805286	7.0	6211.1432456970215
243	85.25455	17.424557	100.0	26.8	289.42426	17.323889	10.24022	51.121128	-12.977731	2440000	-8.808759e-09	80.350105	-0.015431624	-16.328016	0.37376526	0.01508695	0.09130913	38.0	6237.72291636467
244	85.6375	14.9274435	100.0	42.4	301.34375	17.9119	10.235224	54.08964	-12.367302	2450000	-1.4862356e-08	67.765236	-0.008624843	-13.342426	0.38747522	0.016324924	0.056405637	11.0	6264.650346279144
245	87.051605	15.889942	100.0	38.8	306.1613	18.025017	10.931492	53.124542	-7.936495	2460000	1.3659398e-08	70.73356	-0.010507141	-14.830566	0.38415924	0.015088175	0.08150815	13.0	6290.518288850784
246	84.75333	15.899156	100.0	48.4	319.36667	18.554317	11.295334	58.177193	-19.698156	2470000	7.450581e-09	89.86422	-0.008780274	-22.360062	0.39466897	0.015324428	0.08010801	11.0	6317.187978982925
247	87.30968	16.232254	100.0	29.8	298.32257	18.347939	10.264939	52.3891	-15.402839	2480000	-9.313226e-09	71.72204	-0.008096515	-12.911239	0.36844006	0.015352878	0.06690669	12.0	6343.020812034607
248	87.65625	13.71926	100.0	46.6	303.84375	18.042107	10.373535	50.850582	-4.937105	2490000	1.6142925e-08	66.91693	-0.009327683	-9.236777	0.36955324	0.015679387	0.07370737	14.0	6367.099774837494
249	86.20646	15.71615	100.0	46.0	294.1613	19.104353	10.037065	54.966404	-9.270821	2500000	-1.4901161e-08	74.24453	-0.0153584005	-11.2388735	0.3865067	0.016070902	0.101910196	41.0	6391.680799484253
