Epoch	AverageEpRet	StdEpRet	MaxEpRet	MinEpRet	EpLen	AverageVVals	StdVVals	MaxVVals	MinVVals	TotalEnvInteracts	LossPi	LossV	DeltaLossPi	DeltaLossV	Entropy	KL	ClipFrac	StopIter	Time
0	58.88889	22.118088	96.0	32.0	692.55554	7.6891108	4.1397357	19.248009	-11.116918	10000	-3.228585e-08	46.11421	-0.013242282	-12.975921	0.4348059	0.01514291	0.09760976	18.0	25.772531986236572
1	59.77778	36.693256	100.0	-15.0	714.2222	6.5614853	4.323359	21.657463	-28.943903	20000	0.0	46.1544	-0.010498568	-11.7134905	0.4553622	0.01639762	0.07890789	8.0	47.601426124572754
2	58.440002	37.51829	100.0	-25.0	764.0	6.519498	4.6099615	20.241846	-32.897694	30000	-9.934108e-09	59.57622	-0.009522273	-7.9290257	0.4467275	0.015491695	0.09520952	14.0	71.99722528457642
3	52.444443	37.839165	100.0	-10.0	711.8889	5.8448277	4.207929	21.667158	-16.871841	40000	1.0554989e-08	89.57226	-0.006897516	-16.767166	0.4375113	0.015099429	0.096209615	10.0	95.50938510894775
4	72.77778	17.899584	96.0	51.0	681.0	5.6188245	4.5803375	21.70317	-12.58095	50000	2.2351742e-08	40.881603	-0.011291978	-10.207935	0.44105628	0.015355508	0.086508654	22.0	118.3419942855835
5	76.55556	20.061634	100.0	41.0	708.44446	7.4164658	4.075913	22.266869	-16.038363	60000	-3.7252903e-09	29.537308	-0.008229401	-4.6016726	0.45424142	0.015004565	0.09010901	9.0	142.26623344421387
6	56.859997	44.22597	100.0	-60.0	715.9	7.7184877	4.2983565	22.556637	-38.75757	70000	3.7252903e-09	74.67267	-0.018185066	-17.682497	0.4487318	0.015178245	0.105710566	63.0	165.94785022735596
7	83.04	20.485468	100.0	34.0	736.6	6.2394924	5.3454986	20.787094	-22.418652	80000	1.8626451e-08	41.93601	-0.007645601	-18.21687	0.44683698	0.015736936	0.08260826	8.0	188.02056431770325
8	61.444443	32.52046	96.0	-11.0	687.55554	8.189194	4.225894	21.486086	-13.767433	90000	-1.4901161e-08	54.294754	-0.0061338297	-17.5039	0.46132958	0.016006798	0.04810481	4.0	210.3397946357727
9	77.111115	18.929367	100.0	46.0	679.1111	6.315683	4.3900447	22.956669	-15.043014	100000	-7.450581e-09	36.690205	-0.0068748905	-12.566602	0.45287862	0.016005605	0.07660766	8.0	234.17951273918152
10	43.333332	38.838696	96.0	-25.0	698.8889	7.7341266	4.3862348	21.452032	-36.195183	110000	-7.450581e-09	107.234276	-0.009866067	-29.649004	0.4525049	0.015191518	0.100410044	11.0	255.5147190093994
11	71.333336	23.851393	92.0	18.0	673.55554	5.4812574	4.622453	21.076775	-28.2116	120000	1.8626451e-08	45.45459	-0.007157048	-12.271732	0.4620538	0.016438676	0.09520952	7.0	278.11224842071533
12	64.77778	20.82081	92.0	36.0	709.0	6.539366	4.3831067	22.322033	-15.815574	130000	1.4901161e-08	40.694702	-0.0074201184	-4.8415	0.455578	0.015641026	0.09050906	8.0	300.8655035495758
13	65.333336	27.178423	100.0	20.0	702.44446	6.1727185	4.025329	21.329788	-13.165217	140000	-9.934108e-09	35.00627	-0.009120271	-4.6282287	0.4531324	0.016089715	0.08610862	10.0	324.2682628631592
14	40.555557	29.870502	92.0	-15.0	687.0	6.8248305	3.9637394	22.744623	-33.210526	150000	-1.4901161e-08	85.540924	-0.011594967	-17.72475	0.44522846	0.015504	0.08150815	16.0	346.04821252822876
15	71.42	17.481064	96.0	51.0	727.3	5.449094	4.464582	24.542547	-23.066225	160000	-1.1796753e-08	44.04106	-0.010306253	-20.033298	0.46440342	0.015215855	0.083808385	13.0	370.82800555229187
16	31.333334	38.0847	80.0	-20.0	702.7778	6.876982	4.416998	22.322252	-41.326775	170000	-1.1796753e-08	113.68759	-0.010360989	-38.37771	0.47334734	0.015048089	0.07720772	12.0	395.34207940101624
17	63.333332	19.87181	96.0	40.0	719.7778	4.5527067	5.7400393	20.07106	-40.183327	180000	5.5879354e-09	58.283733	-0.008711906	-23.950638	0.45784327	0.016443154	0.079307936	10.0	419.1801037788391
18	23.222221	41.07115	96.0	-35.0	672.55554	5.7268887	4.9339457	21.818592	-49.057407	190000	-2.6077032e-08	128.7298	-0.0077212024	-32.794537	0.46747136	0.015760692	0.08220822	10.0	442.49419808387756
19	64.888885	30.03866	100.0	20.0	716.2222	3.614961	6.117314	20.692924	-40.09066	200000	1.086543e-09	65.51038	-0.007174594	-31.098211	0.4698564	0.017614594	0.06930693	7.0	465.8184175491333
20	61.11111	33.053642	96.0	4.0	713.8889	6.5834403	4.342818	20.504341	-28.290575	210000	-1.2572855e-08	53.815968	-0.00787644	-6.024254	0.45179772	0.015479618	0.11221122	8.0	488.36033821105957
21	64.111115	29.297115	96.0	-5.0	680.0	6.3252606	4.7301517	23.285748	-21.743835	220000	1.6142925e-08	60.938313	-0.005207981	-9.063167	0.4471136	0.01504347	0.084608465	8.0	510.86628341674805
22	63.22222	24.30262	96.0	20.0	705.2222	6.659931	3.8446932	21.718517	-23.98061	230000	7.450581e-09	51.6021	-0.010868783	-11.29053	0.447975	0.015309901	0.08780879	15.0	532.9047319889069
23	73.666664	16.839108	100.0	47.0	670.1111	6.7578177	4.644681	20.657612	-32.56652	240000	1.9247333e-08	34.17796	-0.009012945	-4.598989	0.44584045	0.016904848	0.08420842	11.0	554.8583686351776
24	76.666664	20.281355	100.0	40.0	691.55554	7.150421	4.2545094	20.525188	-12.741905	250000	4.967054e-09	32.4572	-0.0070713833	-5.158554	0.44551542	0.015315195	0.073507346	8.0	577.098804473877
25	52.6	41.12712	100.0	-35.0	757.2	7.6001124	4.205115	22.266068	-22.578022	260000	-3.973643e-08	67.33119	-0.0070800497	-13.612175	0.443042	0.015527966	0.08950895	10.0	599.740660905838
26	66.520004	27.252771	100.0	27.0	745.4	6.2146444	4.4857116	23.09097	-27.688103	270000	4.967054e-09	49.415066	-0.007601069	-8.342437	0.44071817	0.015200284	0.09050905	8.0	626.5437788963318
27	70.44444	23.113781	100.0	34.0	716.3333	6.516991	4.5796075	25.445877	-11.385328	280000	1.6142925e-08	34.79652	-0.006005975	-4.275192	0.4380003	0.016115306	0.071607165	7.0	651.3772275447845
28	75.78	18.44873	100.0	48.0	747.1	7.1923065	4.13267	25.620554	-14.541325	290000	2.6697913e-08	24.25531	-0.009007556	-4.265433	0.43203273	0.015033494	0.09430943	14.0	673.2374978065491
29	48.163635	42.738342	96.4	-55.0	753.7273	7.667611	4.417096	23.759815	-47.84683	300000	-2.7318796e-08	81.66942	-0.014987168	-24.914297	0.42669642	0.015048138	0.08760876	32.0	698.5324947834015
30	61.0	13.333333	84.0	40.0	658.7778	5.479466	5.2073936	20.704063	-39.291782	310000	-4.346172e-09	43.7544	-0.009797987	-10.253008	0.4309325	0.015087262	0.08180818	12.0	719.6798188686371
31	64.22222	31.755238	96.0	-10.0	668.6667	6.8045845	4.3778806	21.626583	-20.20087	320000	1.2417635e-09	53.127087	-0.010060332	-9.327656	0.4285839	0.015576191	0.07490749	13.0	743.0988965034485
32	42.666668	35.860844	88.0	-15.0	711.0	6.8817997	4.566349	22.700838	-39.864506	330000	-2.483527e-09	66.31975	-0.0094535	-13.77346	0.42752275	0.015132658	0.09840983	17.0	765.2121739387512
33	49.333332	29.634815	92.0	12.0	699.6667	5.0351663	4.625616	22.183638	-35.6442	340000	-1.2417634e-08	73.14687	-0.006920261	-9.36002	0.43384418	0.015139811	0.076807685	8.0	790.8089075088501
34	62.454544	29.599766	100.0	-20.0	775.9091	5.555703	4.811383	24.937065	-33.862576	350000	8.575928e-09	50.881947	-0.005766114	-7.486136	0.4220954	0.01652156	0.07130713	7.0	814.9779071807861
35	57.3	37.90264	100.0	-15.0	741.2	6.0488214	4.6618204	23.147501	-42.054684	360000	-2.173086e-09	79.22528	-0.011814135	-14.302971	0.4320606	0.015231782	0.089008905	20.0	838.5639936923981
36	69.42	25.955107	100.0	11.0	749.8	6.2328167	5.8361907	26.382908	-37.851585	370000	3.1044085e-08	52.96861	-0.008207807	-18.02299	0.43697166	0.019459775	0.07580758	8.0	864.6813452243805
37	72.77778	13.447659	92.0	52.0	703.55554	6.7334337	5.0365653	20.700262	-36.046604	380000	1.7307078e-08	49.816936	-0.005332878	-11.928786	0.42586496	0.015244971	0.0590059	6.0	886.487401008606
38	60.0	21.827608	96.0	16.0	694.7778	5.945578	4.630341	21.30767	-19.65369	390000	-7.450581e-09	63.184677	-0.0074382215	-9.167503	0.41302502	0.01580237	0.08430844	12.0	909.3146543502808
39	71.666664	25.333334	100.0	24.0	697.3333	5.049826	4.7400618	20.174698	-43.935047	400000	9.934108e-09	44.88559	-0.0056313225	-9.842401	0.41349265	0.016305191	0.07890789	6.0	933.4922564029694
40	62.859997	34.190296	96.0	-25.0	732.0	6.5674224	4.7158437	25.810745	-40.57583	410000	0.0	54.83079	-0.013037913	-8.990059	0.41176867	0.015268649	0.09120912	26.0	957.0978543758392
41	60.340004	40.380196	100.0	-40.0	705.5	6.015931	4.124633	26.44643	-23.17798	420000	3.4769375e-08	76.76606	-0.0070815813	-18.13386	0.40244004	0.016435811	0.05890589	7.0	979.9904959201813
42	54.333332	39.44053	100.0	-35.0	715.0	5.8791275	5.4819283	23.52274	-35.74559	430000	2.7318796e-08	76.01707	-0.0067109666	-18.107414	0.40715694	0.015238799	0.08350835	6.0	1002.0647864341736
43	70.111115	19.598438	100.0	48.0	674.55554	5.974665	3.7582946	18.949863	-24.454315	440000	-1.2417634e-08	40.327152	-0.0063571143	-11.509074	0.41403592	0.01607129	0.06360636	9.0	1026.7148485183716
44	57.0	23.887234	100.0	24.0	748.9	6.7701735	3.8220315	25.497904	-36.875744	450000	-9.934108e-09	65.24977	-0.007856601	-9.078312	0.41752505	0.017702637	0.07720772	9.0	1052.1220190525055
45	34.77778	42.31306	96.0	-40.0	695.55554	5.5556264	4.100653	20.893063	-30.783588	460000	1.8626451e-08	98.328026	-0.0061255638	-22.814436	0.41918162	0.016923698	0.08720872	9.0	1072.9630002975464
46	56.555557	22.534473	100.0	16.0	693.7778	4.0782604	4.570869	20.833916	-38.11492	470000	-2.6697913e-08	71.99125	-0.0060945223	-16.347063	0.41434398	0.016498568	0.05560556	6.0	1095.681927204132
47	55.444443	27.725285	100.0	12.0	719.1111	5.744645	4.171711	24.47375	-26.53831	480000	3.4769375e-08	69.20976	-0.011612151	-9.417657	0.40921032	0.015034408	0.08330833	28.0	1120.6561064720154
48	68.333336	28.936712	96.0	8.0	690.44446	5.611717	3.923606	24.357517	-45.264122	490000	6.208817e-09	65.88554	-0.010814636	-17.16907	0.4145721	0.015339128	0.0840084	16.0	1145.28178358078
49	80.44444	14.291497	100.0	60.0	684.3333	6.647006	3.859015	23.091145	-28.51735	500000	1.8626451e-09	35.536434	-0.0083172675	-6.2779713	0.4120252	0.01560023	0.084808476	13.0	1170.7304935455322
50	51.555557	30.779182	88.0	-20.0	679.2222	7.0496063	4.1720066	21.060299	-27.806019	510000	-9.934108e-09	86.141045	-0.0065437364	-18.145432	0.3981315	0.015292476	0.08190819	11.0	1192.199181318283
51	56.98	31.749702	92.0	-15.0	743.8	5.175229	4.875519	22.516151	-42.995575	520000	2.483527e-09	55.1373	-0.010767481	-9.542232	0.42137995	0.015002509	0.087508745	20.0	1217.4922976493835
52	59.68	30.710285	88.0	-15.0	755.8	5.2357235	4.432098	22.54927	-47.640316	530000	5.2774944e-09	46.542873	-0.0077677704	-7.33246	0.41485143	0.015022664	0.053005297	8.0	1241.475657939911
53	71.77778	17.03446	100.0	56.0	694.3333	5.6339917	4.2236695	20.580189	-34.2033	540000	-9.934108e-09	54.02002	-0.011945833	-10.3637	0.41781172	0.015210205	0.084008396	19.0	1264.1150283813477
54	67.92	20.444498	100.0	32.0	736.1	6.2683187	3.996125	20.614605	-23.65737	550000	-8.071463e-09	39.162197	-0.008945778	-6.3135858	0.41875687	0.015399769	0.069806986	10.0	1288.9388754367828
55	64.111115	26.55997	100.0	8.0	708.44446	6.9044323	3.7785342	21.925303	-31.299458	560000	0.0	48.308426	-0.0071264897	-4.673448	0.40761045	0.016092999	0.075207524	9.0	1312.7995159626007
56	69.77778	29.035526	100.0	16.0	682.55554	6.5904055	3.9610174	20.661556	-19.931814	570000	-2.5456151e-08	43.44101	-0.0069462606	-11.976715	0.4098947	0.015776182	0.08690869	11.0	1336.8997268676758
57	61.333332	16.172678	96.0	48.0	690.55554	6.6211944	4.644663	23.155527	-16.661402	580000	-7.450581e-09	53.336094	-0.010655918	-13.367408	0.42004833	0.015449812	0.09130913	18.0	1360.901406288147
58	69.111115	32.21954	100.0	11.0	725.44446	5.61916	4.2613854	26.600145	-17.014683	590000	-2.2972623e-08	43.695393	-0.0068544964	-10.526557	0.41526678	0.016152734	0.07830783	11.0	1386.1737966537476
59	78.666664	18.451138	100.0	42.0	682.55554	6.5269675	4.5907373	22.10434	-19.432783	600000	1.7384687e-08	36.24007	-0.009389936	-6.032535	0.40556708	0.01503232	0.096009605	17.0	1410.400467157364
60	48.920002	42.841774	92.0	-65.0	743.9	6.9134984	4.53144	24.258615	-28.07547	610000	-1.7384687e-08	86.052246	-0.009399789	-26.286184	0.40701595	0.015073734	0.079807974	14.0	1434.7262098789215
61	74.740005	19.856697	96.0	36.0	720.3	5.153839	4.9059997	29.486036	-34.35993	620000	9.313226e-09	51.449627	-0.0074211867	-21.896585	0.4127817	0.015394639	0.06460646	10.0	1460.62908244133
62	73.22222	12.05338	92.0	56.0	691.1111	6.7459226	5.211427	21.543211	-22.808058	630000	1.1175871e-08	27.58032	-0.009116278	-4.757792	0.42389336	0.0150019815	0.077807784	17.0	1483.8356971740723
63	59.88889	19.41617	84.0	27.0	711.1111	7.189304	4.119264	22.089174	-34.180786	640000	4.967054e-09	39.13731	-0.009839961	-7.8149104	0.42535114	0.01506531	0.09120912	17.0	1506.5965354442596
64	54.444443	18.607712	76.0	28.0	744.0	6.347929	4.3461037	21.07189	-24.622774	650000	4.5013926e-09	51.01121	-0.011810638	-10.987416	0.41595134	0.015203893	0.08340833	24.0	1530.5587375164032
65	70.666664	19.229607	100.0	36.0	685.44446	5.6019077	3.806214	18.918898	-13.021339	660000	0.0	43.397816	-0.011059889	-10.255721	0.41621995	0.015299077	0.07970797	16.0	1557.5550038814545
66	72.44444	16.912264	100.0	40.0	713.6667	6.996009	4.168462	22.277548	-20.50578	670000	1.9868216e-08	31.84034	-0.014287266	-4.808356	0.42095986	0.015032243	0.09030903	51.0	1583.1182718276978
67	66.55556	16.40536	92.0	32.0	723.44446	6.653551	3.5342665	18.841301	-29.213655	680000	2.6077032e-08	45.99873	-0.012604207	-5.851162	0.43420663	0.015026291	0.08930894	25.0	1607.0835406780243
68	76.333336	21.807236	100.0	23.0	723.8889	6.0845184	3.2178814	20.553213	-18.210083	690000	1.3659398e-08	38.81776	-0.00842576	-8.684945	0.42074582	0.015158989	0.08540854	11.0	1630.6765577793121
69	73.55556	18.17881	92.0	42.0	696.3333	6.5530596	4.168439	20.962555	-17.478687	700000	1.4901161e-08	24.2303	-0.009849624	-3.7290096	0.4362612	0.015199079	0.07640764	16.0	1655.7703251838684
70	64.22222	28.350103	96.0	16.0	738.6667	7.234656	4.1119804	20.107943	-13.315857	710000	1.2417634e-08	44.580425	-0.009465056	-4.8433785	0.42317927	0.0151282055	0.07750776	19.0	1680.998323917389
71	64.666664	23.888632	100.0	26.0	686.0	6.4658003	4.107277	22.318077	-27.207115	720000	-1.4901161e-08	42.84569	-0.009583567	-4.573021	0.4293736	0.015173063	0.08190819	11.0	1705.197963476181
72	62.88889	27.077848	96.0	-5.0	692.3333	6.582035	4.0128818	21.442572	-22.594038	730000	-2.483527e-09	53.20746	-0.00992547	-13.19841	0.43294445	0.015667101	0.10081008	16.0	1727.7769906520844
73	50.32	44.536743	96.0	-40.0	740.8	5.939185	3.9698508	21.695301	-51.457355	740000	-9.934108e-09	93.79258	-0.010872294	-15.75108	0.4344159	0.0150780035	0.08590859	21.0	1751.549201965332
74	79.55556	10.5736685	92.0	64.0	719.3333	5.548296	3.8565629	21.193026	-38.123478	750000	-2.483527e-09	32.08211	-0.0074457093	-8.122341	0.43674538	0.015503309	0.07720772	8.0	1775.948840379715
75	71.55556	24.563347	100.0	32.0	731.44446	6.892175	3.9899058	21.492258	-27.154127	760000	-1.1796753e-08	44.028717	-0.008901789	-4.2249503	0.43774652	0.015085228	0.085608564	19.0	1800.622343301773
76	40.32	53.815994	96.0	-80.0	767.5	6.536363	3.8944507	26.510536	-30.25237	770000	7.450581e-09	95.03705	-0.009581338	-26.942026	0.43649438	0.015306685	0.075307526	20.0	1825.7724974155426
77	55.333332	21.540659	100.0	36.0	702.55554	4.79808	4.526611	23.21962	-35.351265	780000	1.5522042e-08	56.122677	-0.005062084	-17.958109	0.4425818	0.016223915	0.05380538	4.0	1850.2083628177643
78	74.44444	15.959052	100.0	51.0	739.55554	5.8087234	4.4931874	25.095566	-27.515404	790000	3.973643e-08	33.0174	-0.008833725	-11.253174	0.43927383	0.015962388	0.09230923	15.0	1875.4197142124176
79	69.111115	27.67849	100.0	19.0	714.7778	7.2826176	3.9705427	23.542873	-14.093045	800000	-7.450581e-09	33.113735	-0.008786784	-4.91345	0.44563746	0.015262959	0.08970898	9.0	1903.39719748497
80	57.333332	31.251665	100.0	-10.0	742.44446	7.130168	4.141548	23.9584	-24.110153	810000	-9.934108e-09	53.357178	-0.0065044165	-10.034291	0.44959474	0.015264672	0.093309335	11.0	1927.739490032196
81	53.88889	25.64044	88.0	12.0	717.2222	6.082517	3.8870645	25.619545	-12.037157	820000	1.4280279e-08	66.277855	-0.008679028	-15.182881	0.45670807	0.015568134	0.07990799	13.0	1951.2824132442474
82	68.44444	30.229166	100.0	-5.0	706.1111	5.8289537	4.7220955	21.250788	-44.893536	830000	-3.3527613e-08	46.286144	-0.0093777	-8.911014	0.4470153	0.015558357	0.084808476	14.0	1977.2364537715912
83	55.11111	33.164387	96.0	-15.0	697.55554	7.0327687	3.85584	22.235485	-44.319553	840000	3.4148495e-09	66.32845	-0.0073020174	-10.600875	0.44961372	0.015729362	0.07870787	12.0	2000.0556831359863
84	80.333336	13.13181	100.0	63.0	681.44446	6.095758	3.9552252	22.009174	-24.498034	850000	7.450581e-09	32.72418	-0.0067137983	-9.441474	0.45427775	0.015440258	0.07360736	9.0	2022.2554008960724
85	55.77778	27.772	84.0	-10.0	728.1111	7.5766573	4.344473	22.172113	-22.192175	860000	1.2417635e-09	64.34701	-0.007621154	-12.133817	0.45157042	0.015084977	0.09470948	15.0	2045.8217604160309
86	63.9	35.209232	100.0	-35.0	721.8	5.6376114	3.9328496	22.371466	-29.874147	870000	1.2417634e-08	44.49233	-0.008107777	-9.845555	0.4630346	0.015249801	0.071607165	11.0	2069.9248321056366
87	73.44444	11.538449	84.0	49.0	706.0	6.8989	3.6130269	21.610249	-27.132534	880000	-1.4901161e-08	24.540743	-0.0057838834	-3.6068475	0.46037197	0.016000085	0.05950595	6.0	2094.902493953705
88	65.55556	21.098242	100.0	36.0	707.0	7.453966	3.7664711	21.687542	-20.937416	890000	-2.0489097e-08	32.918213	-0.008565274	-3.3064892	0.44750047	0.015407816	0.08830883	14.0	2119.1005115509033
89	75.08	16.196838	98.8	52.0	738.0	7.05143	4.0587325	22.239285	-28.419626	900000	6.208817e-09	40.83266	-0.006725214	-6.034448	0.44354916	0.015423303	0.087208726	9.0	2145.775928258896
90	48.666668	30.349812	92.0	-5.0	711.3333	7.499744	3.6523323	22.354683	-34.556465	910000	9.934108e-09	71.920296	-0.01115112	-11.345291	0.44341448	0.015797948	0.11241124	24.0	2169.046663761139
91	66.0	29.367405	100.0	5.0	715.44446	5.779133	3.4702373	26.401619	-22.540722	920000	9.934108e-09	48.906437	-0.0053223013	-12.835876	0.4282477	0.015399109	0.04790479	6.0	2194.310096502304
92	67.666664	15.705626	100.0	40.0	708.3333	6.456341	4.1330004	25.321993	-28.40455	930000	-2.4835268e-08	48.418415	-0.010830574	-9.64767	0.4305711	0.015487368	0.08880889	24.0	2218.4296922683716
93	60.22222	30.35266	100.0	-10.0	731.44446	6.025273	3.8770013	22.074642	-21.263144	940000	3.4769375e-08	42.75244	-0.008146654	-6.239952	0.44013867	0.016432742	0.097809784	10.0	2243.5760531425476
94	69.22222	24.737637	100.0	28.0	692.3333	5.862708	4.1498084	21.839073	-23.686253	950000	-1.4901161e-08	50.691406	-0.010069155	-8.802407	0.45137325	0.015324265	0.079507954	19.0	2267.7928144931793
95	54.22222	31.681673	88.0	-20.0	672.6667	6.7271843	3.937997	21.581474	-40.545696	960000	-1.2417634e-08	60.88917	-0.0122012915	-11.416127	0.44311097	0.01524692	0.09570957	30.0	2290.9864728450775
96	53.333332	25.991451	88.0	8.0	687.2222	5.90987	4.2313247	22.286705	-23.668642	970000	2.483527e-09	49.70631	-0.014298822	-5.9535203	0.4588116	0.015210312	0.095109515	29.0	2317.403752565384
97	62.659996	30.759722	100.0	10.0	774.8	5.4918127	4.1536036	22.75522	-34.48624	980000	-3.973643e-08	57.37811	-0.008174614	-7.5657144	0.44514474	0.015443384	0.07360736	12.0	2340.4856338500977
98	73.77778	19.696463	96.0	44.0	696.2222	6.1323147	4.1703243	22.180105	-14.261459	990000	7.450581e-09	33.99251	-0.011570476	-6.2156982	0.45527264	0.01528734	0.08970896	30.0	2364.2333483695984
99	71.44444	23.50939	96.0	23.0	690.44446	7.3470173	4.301122	23.017685	-20.503729	1000000	-8.071463e-09	29.067186	-0.009346614	-4.611543	0.44568992	0.015155059	0.07730773	14.0	2389.2600831985474
100	70.111115	15.49512	100.0	44.0	683.55554	7.3856645	4.1331196	24.003113	-11.31207	1010000	2.3593506e-08	34.483707	-0.008596691	-4.629065	0.44344962	0.015615568	0.08360836	10.0	2411.752060651779
101	54.88889	23.268692	88.0	16.0	709.7778	7.6008887	3.700542	21.366255	-32.89315	1020000	-1.1175871e-08	49.439358	-0.006695229	-10.2494135	0.43664232	0.015495005	0.06930693	12.0	2437.0287022590637
102	68.333336	15.958279	100.0	52.0	688.55554	6.4481373	3.1880045	21.581722	-21.815247	1030000	9.934108e-09	37.72994	-0.011077947	-7.6240296	0.44848612	0.0154207535	0.080508046	22.0	2461.2807750701904
103	46.77778	39.439903	100.0	-25.0	754.7778	7.0005846	4.1496634	22.749453	-36.613323	1040000	-3.4148496e-08	98.982635	-0.0058444366	-27.0401	0.45118105	0.015021165	0.072507255	11.0	2486.98983335495
104	57.77778	30.135904	88.0	-15.0	685.1111	5.063842	4.5246973	18.105627	-37.569702	1050000	-5.5879354e-09	62.097942	-0.008584715	-19.212753	0.45740423	0.015107526	0.09040904	11.0	2509.714909553528
105	71.22222	18.158424	100.0	35.0	710.2222	5.75636	3.9726548	20.556177	-20.773573	1060000	1.5522043e-09	39.33407	-0.0060253306	-9.992442	0.4514751	0.016948218	0.06960696	6.0	2536.2617330551147
106	54.555557	23.204935	100.0	20.0	713.6667	7.0151896	4.1306186	19.727833	-22.8176	1070000	2.6077032e-08	67.37851	-0.009560057	-13.964396	0.45767894	0.01511133	0.074307434	17.0	2559.935001850128
107	69.63636	22.836306	100.0	28.0	784.63635	5.559115	4.0717325	21.870426	-28.444918	1080000	6.829699e-09	47.065914	-0.008309263	-8.523736	0.44843936	0.016668962	0.09530953	11.0	2586.9658551216125
108	51.77778	23.141006	84.0	20.0	714.2222	6.8761463	3.8347733	20.325905	-32.79912	1090000	7.450581e-09	72.43745	-0.0076840497	-18.717667	0.45104894	0.015237752	0.08450845	11.0	2611.464293718338
109	72.0	16.200138	100.0	45.0	719.7778	4.905967	4.5070972	18.57968	-19.620947	1100000	5.5879354e-09	42.49645	-0.009501907	-16.788385	0.45356104	0.01601516	0.09280928	11.0	2635.710615873337
110	80.888885	13.033669	96.0	64.0	714.7778	6.513677	3.5327399	20.435188	-12.58378	1110000	-1.8626451e-08	34.958736	-0.008284926	-5.1937256	0.4461725	0.015070821	0.08700869	12.0	2660.1592009067535
111	68.888885	23.096148	100.0	34.0	733.7778	7.591136	3.7863817	21.09356	-14.946113	1120000	4.967054e-09	34.0693	-0.008699343	-4.2720256	0.4445509	0.015396566	0.08700871	14.0	2685.2239151000977
112	56.640003	33.71715	96.0	-30.0	763.8	6.8554497	4.1808405	25.802113	-27.180092	1130000	-1.2417634e-08	70.08557	-0.018999914	-10.380457	0.4406909	0.015160526	0.108910896	66.0	2712.639771461487
113	62.666668	31.944397	96.0	4.0	722.3333	6.001254	3.658219	28.47079	-27.12916	1140000	4.2219956e-08	73.36366	-0.009819806	-12.582214	0.4391017	0.015094992	0.09480948	17.0	2737.1228144168854
114	58.333332	21.633308	95.0	32.0	730.0	6.9663396	3.762854	19.95199	-24.624298	1150000	-2.3593506e-08	47.09427	-0.009751419	-6.3380456	0.4384679	0.015205125	0.087508745	16.0	2761.9534714221954
115	38.6	40.998047	80.0	-50.0	778.5	5.971128	3.8777335	21.662523	-34.030773	1160000	4.967054e-09	102.284676	-0.009054227	-19.662443	0.43338466	0.015469498	0.074307434	15.0	2786.47181558609
116	58.11111	23.153807	84.0	4.0	713.44446	4.8083324	4.895814	17.269554	-24.822145	1170000	2.4835268e-08	69.18604	-0.009889768	-12.514548	0.42796412	0.015921025	0.083708376	13.0	2811.521992444992
117	74.0	19.223827	100.0	39.0	687.8889	6.242771	3.6370244	19.281685	-15.576311	1180000	1.9868216e-08	36.84934	-0.0066050775	-9.744381	0.42322275	0.015900841	0.07440744	8.0	2833.4955608844757
118	59.0	34.695503	100.0	-5.0	723.3333	7.353146	4.286453	23.88542	-31.309484	1190000	-5.335702e-09	53.9973	-0.008139427	-10.5221405	0.43674362	0.015484811	0.09920993	12.0	2857.2191257476807
119	63.77778	22.650867	100.0	16.0	737.0	6.350815	3.3782918	19.304005	-37.628693	1200000	-1.9868216e-08	41.653767	-0.011270926	-7.592462	0.43645325	0.015286527	0.08520851	26.0	2881.58256316185
120	63.88889	30.971113	100.0	16.0	734.44446	6.729178	3.7496176	19.579012	-28.79158	1210000	4.967054e-09	58.113247	-0.0079216175	-11.207652	0.4387567	0.01681705	0.06570657	8.0	2907.549552679062
121	67.888885	27.513409	100.0	4.0	690.3333	6.3922076	3.5831707	17.810114	-23.63825	1220000	2.483527e-09	55.105465	-0.013662368	-8.608844	0.44496247	0.015090853	0.09380939	32.0	2931.3641114234924
122	71.77778	20.536026	100.0	28.0	695.2222	6.582345	4.1352673	19.359262	-33.73879	1230000	-1.1175871e-08	42.328094	-0.008142169	-8.53663	0.43925872	0.015339997	0.076107614	10.0	2956.0841109752655
123	47.120003	37.71644	78.2	-60.0	744.9	7.050976	3.8107898	20.237421	-27.166183	1240000	-2.8560558e-08	81.87284	-0.007924427	-21.933578	0.4205558	0.015312347	0.07540754	12.0	2979.270280599594
124	64.6	43.993637	100.0	-55.0	744.2	5.0113854	4.4977527	20.090322	-27.839924	1250000	0.0	73.58994	-0.008187042	-33.324642	0.44469023	0.0155422725	0.07880788	8.0	3005.4269931316376
125	69.77778	22.870544	96.0	20.0	720.1111	6.432817	4.686237	21.078022	-29.13801	1260000	-1.4901161e-08	43.60635	-0.0050776047	-6.293236	0.449463	0.016720897	0.09130913	5.0	3028.682485103607
126	54.444443	42.7684	100.0	-30.0	683.7778	6.780418	3.9310608	23.331564	-31.421339	1270000	-4.967054e-09	73.1775	-0.008031567	-11.885159	0.43063387	0.015039571	0.10421043	15.0	3054.1541934013367
127	41.260002	53.238033	96.0	-80.0	711.4	5.720461	4.5096474	24.20307	-40.099434	1280000	-1.2417634e-08	75.30253	-0.007835249	-11.387456	0.4053073	0.015664378	0.084808476	10.0	3077.8438012599945
128	66.0	29.495762	100.0	-1.0	678.0	4.9881387	4.2977467	24.164555	-26.621893	1290000	4.346172e-09	56.874043	-0.0061798855	-18.674568	0.41834173	0.016087234	0.07280728	7.0	3102.3868675231934
129	75.666664	24.881943	100.0	19.0	675.7778	6.825563	4.006044	23.077274	-14.299176	1300000	1.9868216e-08	33.669067	-0.0041493713	-5.7478566	0.39797696	0.015922146	0.05090509	5.0	3125.381125688553
130	68.06	24.459606	100.0	8.0	745.3	6.9590874	4.0941696	25.099785	-34.4082	1310000	3.7252903e-09	49.694992	-0.008531451	-8.283377	0.3956064	0.0150005035	0.09040904	13.0	3151.317266225815
131	48.436363	46.73623	90.4	-60.0	744.8182	6.4717464	4.9976807	23.010717	-31.367826	1320000	1.2417635e-09	83.30838	-0.013489802	-17.549074	0.39144003	0.015030197	0.086608656	31.0	3177.3226771354675
132	62.666668	28.909822	100.0	15.0	701.55554	5.45976	4.789279	23.22505	-30.27412	1330000	-3.1044085e-09	52.15851	-0.009123144	-13.558154	0.39876068	0.015513517	0.06510651	13.0	3203.4413664340973
133	57.109093	40.93386	97.6	-55.0	779.8182	6.2387137	4.3956466	23.29903	-41.39574	1340000	4.967054e-09	54.931904	-0.012668956	-7.242558	0.39982948	0.015174098	0.08770877	67.0	3229.958460330963
134	72.0	24.957743	96.0	30.0	690.3333	6.309289	4.4664874	22.201902	-31.94123	1350000	-2.483527e-09	48.975544	-0.008360986	-9.006636	0.4001274	0.016079385	0.069406934	10.0	3254.844320297241
135	72.333336	18.5951	100.0	52.0	684.2222	7.2116404	3.7701871	21.552628	-20.912024	1360000	2.3593506e-08	44.035007	-0.0054356493	-3.374752	0.39387274	0.015387391	0.064006396	9.0	3277.3662090301514
136	66.96	24.647402	100.0	8.0	774.0	6.729388	3.7927196	20.593126	-33.364426	1370000	1.2417634e-08	46.44119	-0.0066919834	-6.8028646	0.38706803	0.015087865	0.08090809	10.0	3304.320840358734
137	61.7	33.716614	100.0	-20.0	721.9	6.5958357	4.1216598	20.347813	-38.296906	1380000	9.934108e-09	76.876686	-0.008854523	-17.513756	0.38269433	0.015272144	0.075507544	9.0	3329.5061717033386
138	72.44444	18.421673	100.0	44.0	665.0	6.493052	4.179408	18.31914	-25.270332	1390000	9.934108e-09	48.72308	-0.007997343	-9.542099	0.3860139	0.015396237	0.07910792	14.0	3354.5573649406433
139	67.111115	17.29126	92.0	40.0	730.2222	6.8571496	3.8247724	19.547989	-38.16541	1400000	-2.483527e-09	40.820377	-0.0064442125	-4.5137	0.37674913	0.015739242	0.07230723	6.0	3377.488746404648
140	64.888885	17.565397	92.0	28.0	686.8889	6.9212666	3.7409408	25.277622	-18.98868	1410000	-8.692344e-09	41.667957	-0.008500874	-5.95035	0.3796929	0.015390863	0.07970797	18.0	3403.1375365257263
141	76.333336	17.126978	100.0	52.0	675.7778	6.5205317	3.8541274	21.041962	-17.757805	1420000	7.450581e-09	35.67716	-0.008217315	-6.3138657	0.38425955	0.015352312	0.072507255	12.0	3425.448170185089
142	81.55556	15.420845	100.0	59.0	690.7778	7.6142797	3.9911723	20.116154	-8.137301	1430000	-2.7318796e-08	22.174688	-0.0057423413	-3.5777442	0.37946108	0.015582163	0.06880688	7.0	3450.220116376877
143	74.111115	20.31116	100.0	44.0	691.0	8.217644	4.4085965	23.043837	-22.463522	1440000	7.450581e-09	35.03821	-0.0053851246	-5.4072895	0.3885796	0.015793243	0.07680768	9.0	3473.0821158885956
144	64.04	41.565544	96.0	-50.0	751.9	7.031599	4.155394	23.390352	-27.626055	1450000	1.4901161e-08	52.073868	-0.007262625	-12.177199	0.37355915	0.015563753	0.07010701	11.0	3500.365234851837
145	73.3	17.69774	100.0	48.0	742.6	6.498869	4.8849163	23.893257	-20.341255	1460000	-5.8983765e-09	43.92624	-0.0091674635	-7.1962514	0.38478604	0.0153709175	0.08680868	15.0	3525.9779069423676
146	44.4	45.015068	95.2	-30.0	800.5455	6.495083	4.3956113	23.731667	-27.87617	1470000	4.346172e-09	131.01654	-0.009322442	-28.560396	0.37931815	0.015382153	0.077807784	12.0	3553.1991908550262
147	78.04	18.31323	100.0	48.0	733.1	4.524103	4.482806	21.430574	-22.629932	1480000	3.0423205e-08	51.461765	-0.00973256	-32.257717	0.39374742	0.015187745	0.069206916	15.0	3577.4684171676636
148	62.22222	26.678238	100.0	24.0	708.0	7.8287725	4.131749	21.34055	-13.923783	1490000	1.2999711e-09	35.667934	-0.011694456	-5.377731	0.3991396	0.015347133	0.09310931	26.0	3602.6212418079376
149	72.58	19.744053	100.0	44.0	740.6	6.902222	4.008482	23.151375	-19.411234	1500000	1.2417635e-09	35.586926	-0.007682426	-5.4382405	0.39080754	0.015448619	0.07550755	10.0	3625.8573911190033
150	53.3	33.490448	88.0	-35.0	758.4	6.939907	4.678829	22.263348	-37.11939	1510000	3.7252903e-09	80.02419	-0.013086808	-13.5557375	0.3929259	0.015179932	0.09040904	46.0	3652.5490939617157
151	68.86	26.596548	100.0	16.0	756.2	5.93901	3.715626	21.530098	-45.38391	1520000	-4.967054e-09	56.135605	-0.007243207	-8.977649	0.39958683	0.015699262	0.06710672	12.0	3676.686655521393
152	75.333336	21.286407	100.0	40.0	703.1111	6.951828	3.9754324	19.909712	-17.298712	1530000	3.7252903e-09	35.80576	-0.007122508	-6.3921857	0.39581695	0.015324245	0.06360636	9.0	3701.7779438495636
153	77.77778	17.086563	96.0	40.0	729.0	7.4965973	4.16397	19.93575	-9.31329	1540000	0.0	25.488695	-0.016452217	-4.9641404	0.40269896	0.015022896	0.10341034	61.0	3728.830801010132
154	69.55556	16.014652	96.0	43.0	688.44446	7.6452284	3.7605226	19.832212	-9.999865	1550000	-2.7939677e-09	24.47547	-0.0076773963	-3.3641918	0.3996638	0.015017442	0.06860686	11.0	3752.2090067863464
155	51.666668	35.182068	92.0	-10.0	667.7778	7.317339	4.317841	21.795094	-30.123005	1560000	-9.507251e-09	99.69366	-0.013056402	-23.785494	0.37833658	0.015239142	0.09160916	49.0	3777.6680068969727
156	59.0	29.499529	96.0	-5.0	707.55554	6.1732006	4.2096205	21.110271	-37.197746	1570000	-1.7384687e-08	69.56692	-0.012642858	-6.201982	0.40293172	0.015197123	0.08550855	34.0	3800.67645406723
157	55.0	39.74362	100.0	-40.0	672.7778	6.2073164	4.1233025	21.335691	-20.342037	1580000	-1.9868216e-08	57.07799	-0.01035196	-8.199588	0.3987409	0.015015793	0.08120812	17.0	3826.8711483478546
158	59.666668	21.296843	96.0	27.0	736.6667	6.3437967	3.7084987	21.424896	-23.561844	1590000	1.3038516e-08	44.515686	-0.009083434	-8.046449	0.40868726	0.015308033	0.10061007	14.0	3850.29057598114
159	69.888885	22.313147	100.0	36.0	730.55554	6.384226	3.952298	22.330326	-14.686847	1600000	2.2351742e-08	42.10699	-0.007896724	-8.245189	0.40616474	0.015633384	0.07540754	9.0	3876.2862043380737
160	65.111115	23.558174	100.0	31.0	742.7778	6.7723436	4.1141787	22.000439	-13.137967	1610000	2.4835268e-08	44.633396	-0.011015312	-8.511008	0.39817357	0.0152108595	0.073407345	22.0	3899.6590089797974
161	70.759995	20.50752	100.0	32.0	746.2	6.8741527	4.2049394	22.353886	-20.512066	1620000	7.450581e-09	38.03325	-0.010714899	-4.868219	0.3922861	0.015398115	0.07880788	20.0	3927.1968517303467
162	74.666664	17.281975	100.0	48.0	700.8889	6.7901297	3.8615756	22.26974	-19.064993	1630000	-1.9868216e-08	34.480736	-0.009867066	-5.801855	0.39385235	0.0150364535	0.07670767	17.0	3950.849581003189
163	74.740005	16.875082	96.0	47.0	745.4	7.214281	4.210959	21.330147	-13.200157	1640000	-3.7252903e-09	31.346231	-0.009488556	-4.4064355	0.40478992	0.015004729	0.07650765	14.0	3976.0660581588745
164	61.24	34.250233	100.0	-10.0	756.5	7.4298387	3.8872044	21.228306	-34.19083	1650000	4.967054e-09	54.689518	-0.007492217	-9.20275	0.40291882	0.015119257	0.0880088	8.0	4001.0295100212097
165	54.036366	40.5441	96.0	-40.0	799.8182	6.308413	4.3464236	27.039772	-33.045334	1660000	0.0	77.33604	-0.008604157	-8.34835	0.3915851	0.015402906	0.09940994	13.0	4028.7688052654266
166	63.11111	31.217676	100.0	-15.0	670.1111	5.7782516	3.5887284	20.791796	-36.459816	1670000	2.483527e-09	70.287125	-0.0082157925	-12.414271	0.3847207	0.01593352	0.08310831	14.0	4050.4631934165955
167	61.666668	23.523039	92.0	33.0	737.7778	6.3973656	4.4868193	22.543585	-13.8251705	1680000	-1.5522042e-08	42.81692	-0.0070139817	-7.8990626	0.39137712	0.015404801	0.06050605	9.0	4077.2087700366974
168	67.666664	19.356308	100.0	40.0	724.1111	6.496098	4.1842065	23.218605	-20.144442	1690000	2.5456151e-08	32.76945	-0.010076358	-5.1108584	0.38879767	0.015828708	0.07670767	17.0	4102.425429344177
169	49.0	38.924427	96.0	-30.0	688.44446	7.029901	4.2334313	24.001623	-24.169947	1700000	2.9802322e-08	92.278534	-0.012080643	-17.539713	0.38915324	0.015190494	0.08960897	22.0	4127.218725442886
170	51.6	49.828106	92.0	-70.0	751.9	6.0369096	4.122765	21.7626	-42.650406	1710000	7.450581e-09	81.18262	-0.011361718	-12.389384	0.38943434	0.015419607	0.075007506	18.0	4152.525742769241
171	65.3	33.75811	100.0	-25.0	740.8	5.687562	3.9965043	21.431807	-30.089201	1720000	-7.761021e-09	71.66123	-0.009606847	-18.014212	0.39741313	0.015022351	0.07950795	9.0	4178.161343097687
172	65.333336	19.020456	96.0	38.0	709.7778	6.5364738	4.2634115	21.441366	-16.230968	1730000	3.228585e-08	33.51678	-0.0064690937	-6.6587453	0.38897514	0.015195056	0.06310631	8.0	4200.970878362656
173	64.55556	26.24293	100.0	24.0	704.7778	6.8011026	4.23018	23.350363	-16.742933	1740000	-1.3038516e-08	49.916286	-0.006179562	-7.7548423	0.38953814	0.016832013	0.06130613	7.0	4224.588504076004
174	63.444443	22.66231	100.0	20.0	755.55554	6.430202	4.675621	21.108315	-37.76363	1750000	-5.2774944e-09	45.059338	-0.007868697	-11.60497	0.38762832	0.015513998	0.07440744	10.0	4248.79284620285
175	65.0	23.399904	100.0	24.0	711.44446	6.642923	3.6845436	18.479654	-16.5357	1760000	6.208817e-09	48.427216	-0.008647864	-7.1067295	0.37874213	0.015781082	0.06880688	13.0	4273.7695236206055
176	69.259995	23.317984	97.6	28.0	739.5	6.7180347	3.9057913	19.635662	-23.049461	1770000	7.450581e-09	47.86468	-0.0077646356	-11.37353	0.3814797	0.017590448	0.07320732	8.0	4298.829640626907
177	64.92	19.659542	95.2	44.0	733.5	6.768062	4.484979	20.605509	-33.362183	1780000	-4.967054e-09	47.704132	-0.008919273	-8.025289	0.38121057	0.015828723	0.082208216	14.0	4325.194626092911
178	68.44444	23.281424	100.0	28.0	714.44446	6.9194937	4.252981	24.067266	-25.499365	1790000	2.4214387e-08	41.32123	-0.009068223	-6.541244	0.37702298	0.015411958	0.07590759	13.0	4347.443408489227
179	74.0	16.75974	100.0	48.0	724.2222	7.2931213	4.1980515	22.169445	-13.802876	1800000	-1.4901161e-08	27.292961	-0.011814258	-4.576506	0.3803544	0.015219088	0.0910091	22.0	4373.434822559357
180	78.020004	15.894766	100.0	56.0	757.3	7.2153797	3.9302897	23.963804	-17.016607	1810000	1.3038516e-08	25.122252	-0.008464125	-3.7319958	0.38047037	0.016272493	0.075307526	11.0	4397.839779853821
181	75.840004	20.716911	100.0	36.0	744.6	7.8695645	4.079959	23.352448	-16.797432	1820000	2.2351742e-08	35.96966	-0.010376219	-5.939743	0.38711074	0.015069976	0.08120812	16.0	4424.363898992538
182	59.120003	45.536026	100.0	-60.0	713.3	7.4827013	4.032681	22.056162	-38.043434	1830000	-1.8626451e-09	67.62544	-0.012984637	-14.212578	0.3758255	0.015903953	0.08890889	19.0	4447.992297410965
183	81.666664	15.289793	100.0	55.0	698.6667	6.7695837	3.7957587	19.09332	-26.826307	1840000	-1.4280279e-08	31.983515	-0.008788224	-13.173965	0.39364144	0.015016223	0.067406744	13.0	4473.932455301285
184	61.68	42.047134	100.0	-50.0	698.4	8.220507	4.335844	22.443012	-23.893745	1850000	1.3659398e-08	67.96177	-0.0089848	-17.140839	0.38909099	0.015019913	0.06540654	13.0	4496.034622907639
185	40.5	47.86909	88.0	-60.0	735.4	6.383701	5.3125486	24.301853	-41.198997	1860000	-2.3593506e-08	97.74288	-0.010701341	-21.01016	0.3926512	0.015946431	0.08340833	11.0	4521.847388267517
186	48.4	39.451744	88.0	-45.0	747.0	4.753573	4.9793434	24.352686	-52.30167	1870000	7.450581e-09	107.20825	-0.012464914	-40.57623	0.40677977	0.015336923	0.084708475	21.0	4546.569251060486
187	69.22222	25.65488	100.0	4.0	709.3333	4.602759	5.7411323	27.110142	-35.696407	1880000	8.692344e-09	60.394577	-0.009259807	-17.986258	0.40427533	0.015070915	0.07540754	13.0	4571.926319599152
188	70.4	23.061655	96.0	16.0	752.7	6.6238484	4.5790033	24.118416	-29.755547	1890000	7.450581e-09	51.794743	-0.008197446	-11.914866	0.40136433	0.015556176	0.081108116	11.0	4595.423774242401
189	58.333332	33.25992	100.0	-25.0	729.7778	7.389227	4.495309	24.555824	-40.783962	1900000	-1.4280279e-08	46.773174	-0.013372538	-8.836715	0.39896712	0.015287477	0.09380937	24.0	4621.938659906387
190	81.77778	15.447243	100.0	60.0	668.8889	6.1374316	4.4158854	24.420153	-16.749178	1910000	-5.122274e-09	30.29894	-0.0060358588	-10.198173	0.3826785	0.01503143	0.0610061	8.0	4643.95223736763
191	68.04	19.7346	96.4	24.0	756.3	7.7847033	4.484323	24.845243	-39.013405	1920000	2.483527e-09	38.86765	-0.007964716	-6.2734275	0.39713475	0.015532593	0.0770077	11.0	4670.7522695064545
192	58.140003	32.408894	100.0	-20.0	785.5	7.0005193	4.388958	25.422045	-29.592817	1930000	-4.967054e-09	88.51362	-0.012590538	-14.424252	0.39382064	0.015293777	0.08620862	22.0	4696.162014245987
193	77.818184	18.380713	100.0	44.0	791.7273	6.240481	3.848811	22.05773	-24.932962	1940000	7.450581e-09	39.366573	-0.010459027	-11.798429	0.38294908	0.015362565	0.06550655	14.0	4724.125176668167
194	53.77778	31.293512	100.0	-5.0	704.0	7.4670806	4.661231	24.779606	-20.811039	1950000	-6.2088173e-10	60.716724	-0.010137678	-11.865662	0.3997675	0.016154468	0.07940794	14.0	4748.896282911301
195	63.666668	28.82129	92.0	-1.0	694.8889	6.0538173	5.1489244	25.337082	-26.519548	1960000	1.4901161e-08	56.038563	-0.013861393	-6.294644	0.40250635	0.015086103	0.0929093	42.0	4774.54429101944
196	39.18182	46.16803	90.4	-65.0	780.9091	5.968416	5.3000164	26.484964	-34.755314	1970000	-1.3659398e-08	104.96134	-0.010184201	-18.211706	0.38984215	0.0154481055	0.07670767	10.0	4799.731539487839
197	53.26	50.238316	92.0	-65.0	743.9	4.7278175	5.416006	21.315784	-36.822075	1980000	9.934108e-09	92.3364	-0.008613898	-11.007466	0.38715553	0.015720615	0.08310831	10.0	4823.854724645615
198	41.333332	41.496986	92.0	-20.0	689.8889	4.999913	5.600829	23.239384	-47.896683	1990000	2.514571e-08	94.03427	-0.008930813	-22.4449	0.3989545	0.01500897	0.07990799	13.0	4847.184375762939
199	58.8	49.391903	100.0	-60.0	724.2	4.9910264	5.884453	23.819859	-38.23344	2000000	0.0	78.6679	-0.0063140863	-18.625616	0.40038726	0.015246082	0.07730773	8.0	4873.271688938141
200	58.72	28.281895	100.0	-10.0	743.9	5.900194	5.355683	21.756695	-32.72181	2010000	0.0	56.385147	-0.009417427	-11.240283	0.4051794	0.015385215	0.087308735	16.0	4897.786606311798
201	34.56	46.188553	100.0	-65.0	732.6	5.9647326	5.031408	22.199518	-32.86188	2020000	1.9868216e-08	116.16328	-0.008154142	-24.88941	0.41806737	0.015290367	0.07860786	10.0	4923.6338493824005
202	77.2	13.977125	100.0	60.0	735.9	4.261126	4.862492	23.592215	-19.442804	2030000	1.792796e-08	50.955273	-0.0051241587	-27.646225	0.40461758	0.015032423	0.050505053	6.0	4947.194595336914
203	57.440002	42.538246	100.0	-40.0	754.8	7.519312	4.4588413	24.93342	-22.039656	2040000	-3.7252903e-08	73.62042	-0.011567235	-9.280847	0.40370426	0.0151879825	0.08530853	29.0	4973.867910385132
204	63.333332	32.738018	100.0	-20.0	726.6667	6.3763947	4.147682	24.059338	-28.05586	2050000	2.483527e-09	43.600983	-0.00672893	-4.7042675	0.4160373	0.015344038	0.08230823	6.0	4997.343770980835
205	70.333336	20.493902	96.0	44.0	718.2222	6.195073	4.2648954	25.36803	-29.456266	2060000	-2.483527e-09	38.57721	-0.006953249	-7.204558	0.41236892	0.017445138	0.079507954	7.0	5023.001314878464
206	77.888885	16.360144	100.0	49.0	722.7778	7.2048388	4.07978	24.941616	-17.713814	2070000	8.071463e-09	21.121399	-0.0065576783	-5.070728	0.40493676	0.016325446	0.07270727	9.0	5045.38146686554
207	65.333336	21.192242	88.0	16.0	703.0	8.097438	4.179266	25.314333	-11.254253	2080000	4.967054e-09	38.240704	-0.011386844	-6.34267	0.40801188	0.015010337	0.09030903	25.0	5071.144649028778
208	66.666664	31.738514	100.0	-15.0	661.1111	6.9853225	4.2214494	25.301561	-17.599974	2090000	6.519258e-09	58.78931	-0.009180453	-8.762398	0.412578	0.01585791	0.0830083	14.0	5093.580831289291
209	78.888885	13.698698	96.0	54.0	690.7778	6.8188257	4.7393436	26.37341	-26.890444	2100000	-4.967054e-09	34.75801	-0.009036082	-9.455375	0.39852592	0.015345047	0.07730773	15.0	5119.240230560303
210	68.82	25.147	100.0	15.0	734.7	7.7235394	4.1883793	25.509682	-18.806595	2110000	9.934108e-09	51.876354	-0.007896795	-11.258308	0.3919097	0.015328225	0.080408044	13.0	5143.364188194275
211	64.520004	22.743649	100.0	28.0	766.9	7.1159368	4.612089	26.651897	-36.92954	2120000	9.934108e-09	46.42967	-0.005621998	-7.6233153	0.41252506	0.015427974	0.046904687	4.0	5169.919350385666
212	72.0	18.761663	100.0	48.0	719.8889	6.6770267	4.7264	25.290104	-18.655247	2130000	4.967054e-09	40.78734	-0.0063991197	-13.307216	0.40370047	0.015442897	0.062906295	8.0	5193.598578929901
213	65.333336	27.628487	92.0	15.0	726.44446	7.4823995	4.071185	24.663029	-31.05988	2140000	-1.2417635e-09	39.648335	-0.0056312704	-8.656199	0.42166662	0.016153784	0.08590859	5.0	5219.956797838211
214	78.36	22.196539	100.0	38.0	733.5	6.833078	4.791956	28.236025	-18.460169	2150000	-1.7384687e-08	30.386642	-0.008071509	-8.432018	0.39331248	0.015234456	0.07840784	12.0	5244.406738996506
215	66.78	42.552975	100.0	-55.0	693.6	7.903774	4.5767627	26.210094	-23.903198	2160000	6.9849193e-10	50.89386	-0.012097783	-8.634528	0.3855336	0.015375351	0.086508654	25.0	5271.1431930065155
216	42.945457	58.3041	96.0	-70.0	762.2727	6.5651536	5.7503624	26.63377	-32.531254	2170000	-2.2351742e-08	98.423035	-0.009166596	-23.938498	0.3849088	0.01627692	0.07760776	8.0	5295.286114454269
217	74.333336	24.603523	96.0	32.0	676.1111	5.4369555	5.575392	25.787712	-19.199482	2180000	-7.450581e-09	48.25456	-0.0047093052	-18.711584	0.38102642	0.01879569	0.07030704	7.0	5319.822510242462
218	60.0	26.936138	100.0	12.0	723.6667	7.5357957	4.877995	27.070202	-35.563126	2190000	1.3348957e-08	59.669754	-0.0050051766	-11.358119	0.39775154	0.015467282	0.06260626	5.0	5344.5575449466705
219	69.666664	21.694853	100.0	36.0	707.8889	7.0990725	4.0763836	21.77687	-18.426332	2200000	3.228585e-08	28.392542	-0.0061367885	-6.5527186	0.3885171	0.016027225	0.05890589	8.0	5366.4361691474915
220	63.22222	19.216763	96.0	40.0	702.6667	7.2857957	4.87035	27.476355	-28.042137	2210000	-4.967054e-09	48.97436	-0.0064911842	-7.7181435	0.3928305	0.015548267	0.07320732	10.0	5389.878588914871
221	72.0	17.66352	96.0	46.0	736.44446	6.9249096	3.959575	22.09708	-19.557236	2220000	-1.4901161e-08	26.900957	-0.0077562258	-3.9193058	0.40192553	0.01638593	0.079607956	10.0	5415.088488101959
222	77.77778	11.942248	96.0	64.0	675.55554	7.3276377	4.276987	24.097134	-29.534008	2230000	9.934108e-09	22.392548	-0.007958555	-2.3571587	0.39003494	0.015332575	0.065806575	13.0	5439.053663492203
223	68.111115	16.722868	100.0	44.0	692.0	7.790856	4.3307915	25.344336	-14.333565	2240000	2.173086e-08	30.90417	-0.009588693	-4.9276047	0.3964101	0.015059325	0.083008304	22.0	5461.495200634003
224	75.333336	17.120487	100.0	56.0	704.1111	7.4592013	4.4089856	26.474833	-15.771397	2250000	1.3659398e-08	22.718348	-0.010085478	-3.9182014	0.39387545	0.015089828	0.0710071	17.0	5487.932645559311
225	77.58182	14.874128	96.4	52.0	775.36365	7.3878555	4.2073493	24.251871	-15.860558	2260000	1.2417634e-08	21.403076	-0.009429512	-3.243369	0.38712302	0.015108481	0.07670767	12.0	5513.623638153076
226	67.55556	33.596004	100.0	8.0	693.0	7.671733	4.647189	26.568327	-30.773638	2270000	-4.967054e-09	65.20164	-0.006269025	-8.901582	0.38749585	0.015101281	0.086608656	8.0	5540.000695466995
227	72.979996	23.775692	96.0	17.0	738.8	6.8352695	5.0862894	26.771946	-14.504362	2280000	-3.4769375e-08	31.005417	-0.0038380737	-4.659189	0.37484813	0.01560896	0.052105214	4.0	5564.385854482651
228	68.7091	44.339466	100.0	-65.0	779.0909	7.461121	4.8216963	27.01075	-16.755432	2290000	-1.9868216e-08	44.194473	-0.010541398	-6.7080274	0.37410823	0.01527254	0.08210821	21.0	5589.560330867767
229	80.86	15.448508	100.0	55.0	745.2	7.147009	5.2614093	25.665497	-17.206429	2300000	-1.5987704e-08	30.011625	-0.009193928	-5.284682	0.37489104	0.015435512	0.06970697	18.0	5615.495812177658
230	71.020004	25.329895	100.0	11.0	725.5	7.8004327	4.3964334	28.262459	-17.007393	2310000	1.7384687e-08	34.211334	-0.0055541922	-4.9128513	0.3724396	0.016611641	0.051805183	6.0	5639.2999057769775
231	78.020004	22.831635	100.0	26.0	743.2	7.4694624	4.8619742	28.808226	-18.234842	2320000	-1.4901161e-08	39.54546	-0.008701221	-3.9942849	0.3823279	0.016038502	0.08130813	13.0	5664.252125263214
232	63.666668	27.543905	100.0	-5.0	690.44446	7.513982	5.0859504	27.23384	-34.936897	2330000	2.483527e-09	40.78345	-0.009370077	-10.344385	0.3733265	0.0151047455	0.073607355	15.0	5688.722729206085
233	82.67273	15.262616	100.0	56.0	779.0	7.0492682	4.423627	25.993824	-22.199963	2340000	-8.7699545e-09	27.256659	-0.007825305	-7.9975166	0.36690804	0.01547502	0.07130713	10.0	5712.6529269218445
234	72.44444	19.270653	100.0	44.0	697.44446	8.249462	4.7790756	29.016699	-21.375277	2350000	-1.8626451e-09	33.394855	-0.012030055	-5.638744	0.36788929	0.015008941	0.07620762	29.0	5739.257613420486
235	79.0	13.597385	100.0	59.0	680.8889	7.5492053	3.8450937	27.181946	-17.272747	2360000	1.1796753e-08	24.651812	-0.009924249	-4.0821805	0.3715464	0.015975868	0.07490749	28.0	5764.705671310425
236	63.8	40.607964	96.0	-55.0	719.5833	7.610836	4.823225	29.792364	-25.343391	2370000	3.228585e-08	42.727646	-0.007195527	-7.996823	0.3763653	0.016337385	0.05380538	8.0	5789.075892686844
237	62.036366	31.858986	100.0	-30.0	777.1818	7.2315507	5.150411	25.639591	-33.126522	2380000	4.967054e-09	52.611187	-0.009299155	-9.079141	0.37401786	0.015758654	0.07770777	16.0	5816.9301154613495
238	74.55556	17.378857	100.0	44.0	704.7778	6.9952345	4.4153438	25.948719	-7.381526	2390000	-1.4901161e-08	30.998642	-0.0077857585	-5.2961717	0.38204607	0.015675524	0.06950695	11.0	5839.75276517868
239	73.0	14.51436	96.0	49.0	689.8889	7.6971145	4.553799	24.411781	-5.124678	2400000	-4.811833e-09	24.138336	-0.009392203	-2.273723	0.37995636	0.015563169	0.06670668	18.0	5864.6479234695435
240	75.111115	12.61784	96.0	60.0	684.7778	7.784265	4.2324357	24.657528	-10.458622	2410000	2.483527e-09	21.237055	-0.007855131	-2.6385746	0.3695719	0.015177007	0.078707874	10.0	5888.6473779678345
241	76.77778	17.267681	92.0	40.0	670.0	7.9266553	4.2411523	24.352077	-8.656673	2420000	3.4148496e-08	19.112589	-0.009373766	-1.8353297	0.37414312	0.015267829	0.0770077	15.0	5913.751318693161
242	73.979996	23.859665	100.0	21.0	762.9	7.9415555	4.649962	25.074635	-9.714323	2430000	-2.2351742e-08	26.18846	-0.007604799	-3.0532074	0.37708363	0.01621356	0.066506654	8.0	5938.410336017609
243	57.0	29.79187	92.0	-5.0	722.1111	7.9407125	4.484755	24.727518	-11.86352	2440000	2.483527e-09	45.219555	-0.009855698	-12.4535265	0.39568397	0.015289863	0.08710871	18.0	5962.126270771027
244	69.666664	23.83275	100.0	16.0	714.3333	6.4255295	4.2455974	24.322412	-15.595936	2450000	-4.967054e-09	54.371857	-0.00969106	-5.879465	0.38902426	0.015486841	0.07660767	21.0	5986.192906856537
245	70.22222	15.675727	96.0	36.0	662.3333	7.2592144	4.3465433	23.836414	-12.070642	2460000	7.5281905e-09	36.33363	-0.010715262	-5.673922	0.3893102	0.01579417	0.06660666	19.0	6011.604812860489
246	71.659996	24.574793	97.6	11.0	742.1	7.291311	4.0191493	23.66154	-26.74801	2470000	4.0357313e-09	38.170948	-0.010627563	-7.24288	0.38719144	0.015481095	0.06830683	15.0	6036.689328670502
247	54.8	41.133446	100.0	-45.0	736.1	7.2092524	4.671311	25.59919	-24.738533	2480000	9.934108e-09	94.122795	-0.009995245	-15.313896	0.37408504	0.015006942	0.07830783	25.0	6062.062544107437
248	73.77778	16.122984	96.0	52.0	682.0	6.182653	4.466374	23.219742	-23.94502	2490000	-1.0554989e-08	38.006725	-0.0065132435	-14.8496895	0.39521757	0.015059958	0.05290529	6.0	6086.130614042282
249	62.5	45.11153	100.0	-65.0	719.6	7.355362	4.7326193	23.289637	-21.989239	2500000	4.967054e-09	52.46208	-0.006115778	-10.188907	0.38109753	0.016637333	0.057605762	7.0	6108.824802160263
