Epoch	AverageEpRet	StdEpRet	MaxEpRet	MinEpRet	EpLen	AverageVVals	StdVVals	MaxVVals	MinVVals	TotalEnvInteracts	LossPi	LossV	DeltaLossPi	DeltaLossV	Entropy	KL	ClipFrac	StopIter	Time
0	-96.98245	4.0544157	-84.0	-100.0	170.26315	0.25999406	0.20615563	0.72554135	-0.6485799	10000	-4.656613e-10	1913.0536	-0.031134447	-596.82965	3.4168224	0.015176628	0.18671866	57.0	26.077587366104126
1	-95.72881	4.531736	-84.0	-100.0	165.20338	-8.517677	2.063392	8.679085	-9.082262	20000	1.071021e-08	1350.7592	-0.034267973	-300.5835	3.399874	0.0135422945	0.19671969	79.0	50.99064326286316
2	-95.79661	4.2577133	-84.0	-100.0	158.49153	-13.972405	2.5945854	14.119881	-14.601368	30000	3.973643e-08	1114.4188	-0.036793854	-233.45227	3.387988	0.0143209025	0.2009201	79.0	76.13504552841187
3	-96.54237	4.741887	-80.0	-100.0	163.42372	-18.90721	3.0250285	18.746805	-19.428726	40000	4.9185473e-09	855.486	-0.03694765	-157.24567	3.3729239	0.013465957	0.19261926	79.0	100.53219485282898
4	-96.42857	4.640109	-80.0	-100.0	175.69643	-23.102303	2.2633712	19.361567	-23.524927	50000	-2.3593506e-08	642.6993	-0.034635637	-93.46595	3.357571	0.012416526	0.20812082	79.0	123.42879390716553
5	-96.68965	3.7974894	-88.0	-100.0	166.51724	-26.29044	2.1060796	25.93231	-26.778328	60000	2.3593506e-08	571.6225	-0.03425679	-79.42563	3.3512905	0.015048765	0.1660166	56.0	146.99782490730286
6	-97.355934	3.5784798	-88.0	-100.0	164.22034	-28.809998	2.8303154	12.669577	-29.828543	70000	7.450581e-09	547.6537	-0.03691501	-88.36552	3.334509	0.014815227	0.19891989	79.0	171.46441435813904
7	-95.92857	4.174143	-84.0	-100.0	174.17857	-29.083195	6.717296	8.120785	-32.935276	80000	1.2417634e-08	406.89917	-0.035448764	-60.738026	3.3145964	0.015078654	0.20852084	57.0	195.364266872406
8	-96.28571	5.4435883	-76.0	-100.0	175.21428	-29.938469	7.8003144	31.225977	-35.451767	90000	-6.2088173e-10	381.32797	-0.038878057	-60.103016	3.3050187	0.013217513	0.20292027	79.0	218.86187291145325
9	-96.0	4.1778636	-80.0	-100.0	178.89091	-31.721981	7.117484	6.0159073	-37.772995	100000	8.381903e-09	338.74365	-0.030342499	-45.136475	3.2906733	0.015105235	0.18891889	42.0	241.85682344436646
10	-97.38182	2.773189	-92.0	-100.0	175.34546	-31.815708	8.642286	38.317944	-39.917248	110000	1.6142925e-08	287.9277	-0.02819018	-37.80708	3.2797906	0.01506533	0.18131812	38.0	266.1580183506012
11	-97.14286	3.3563826	-84.0	-100.0	173.44643	-33.501385	9.528363	19.455399	-41.865047	120000	-9.4684465e-09	279.43295	-0.039894402	-43.669308	3.270032	0.015042755	0.23922391	79.0	290.77176809310913
12	-96.29091	4.567365	-80.0	-100.0	174.25455	-34.09222	9.718533	12.690185	-43.810062	130000	3.7252903e-09	271.6044	-0.036267977	-27.02691	3.2507923	0.015098008	0.18591858	52.0	313.5513045787811
13	-97.26316	3.9759202	-88.0	-100.0	168.17545	-34.337017	10.673578	20.934637	-45.350395	140000	-1.3659398e-08	257.15042	-0.043307852	-38.26713	3.2421932	0.0137840025	0.23832385	79.0	337.46520376205444
14	-97.111115	3.562493	-88.0	-100.0	178.62962	-35.479	10.645324	8.205198	-47.0104	150000	-3.1044087e-10	228.9468	-0.03193679	-30.646805	3.2191098	0.015109461	0.2040204	38.0	359.96238350868225
15	-97.21429	3.8485353	-84.0	-100.0	175.73215	-34.99391	11.543743	18.371248	-48.470047	160000	-2.483527e-09	229.88567	-0.040555675	-32.24524	3.2039402	0.014349911	0.22882289	79.0	383.23690843582153
16	-97.57143	3.8305967	-80.0	-100.0	176.83928	-36.06035	11.245695	3.7766001	-49.93388	170000	2.483527e-09	201.87016	-0.043157697	-40.99672	3.1913252	0.014230289	0.22872287	79.0	409.66243052482605
17	-97.01818	3.4297676	-88.0	-100.0	180.21819	-34.887173	13.048273	17.130035	-51.44861	180000	-8.071463e-09	190.04419	-0.037891746	-42.631382	3.185696	0.015039365	0.20362036	62.0	434.8336606025696
18	-96.72727	3.9701364	-84.0	-100.0	177.89091	-36.754105	12.163254	12.672112	-52.77935	190000	-6.2088173e-10	192.66801	-0.03919472	-48.998825	3.1678295	0.015004624	0.20902091	58.0	458.1114933490753
19	-96.54902	4.040548	-88.0	-100.0	191.56863	-34.145145	14.166705	37.851906	-54.002132	200000	-2.483527e-09	214.35535	-0.04316641	-63.45122	3.160206	0.013946577	0.24242425	79.0	482.5104558467865
20	-97.53191	3.5541468	-88.0	-100.0	205.82979	-34.641315	12.859753	8.824807	-55.051918	210000	5.5879354e-09	168.99936	-0.028121842	-32.36876	3.1564639	0.015070963	0.18011801	26.0	503.5468692779541
21	-97.12	3.8400002	-84.0	-100.0	194.56	-34.269005	12.87291	2.8314562	-55.70317	220000	0.0	168.74614	-0.029304815	-30.471334	3.1395333	0.015095297	0.18751876	30.0	525.6060769557953
22	-96.23529	3.8327188	-88.0	-100.0	192.92157	-34.53995	12.747881	20.120207	-56.52829	230000	-2.483527e-09	196.13573	-0.046518058	-42.897427	3.132965	0.013394105	0.24342434	79.0	549.667989730835
23	-95.68	4.37008	-84.0	-100.0	193.24	-35.270325	12.747747	12.11119	-57.315178	240000	-7.450581e-09	159.98495	-0.038690776	-30.81739	3.1241646	0.01502148	0.2129213	50.0	573.8663742542267
24	-96.0	5.0467205	-80.0	-100.0	192.59184	-33.464176	13.750461	7.212745	-58.089634	250000	-1.2417635e-09	147.1866	-0.04386096	-34.874012	3.0946567	0.015008263	0.23082308	67.0	597.0224363803864
25	-96.84615	3.266288	-88.0	-100.0	187.88461	-35.365658	14.290086	47.58451	-58.928837	260000	-1.1641532e-08	151.96814	-0.04053742	-36.768528	3.0741694	0.01501098	0.20832081	49.0	620.6355240345001
26	-95.666664	5.088113	-80.0	-100.0	197.0625	-35.309956	14.365076	7.108305	-59.71682	270000	8.692344e-09	177.14801	-0.035519686	-56.179077	3.0386617	0.015146394	0.20082007	42.0	643.8310925960541
27	-95.5	5.693564	-76.0	-100.0	200.5	-34.551815	13.157256	5.9247556	-60.342785	280000	-9.934108e-09	214.69704	-0.032999706	-55.66437	3.0180123	0.015103072	0.18321832	37.0	666.6471447944641
28	-95.666664	4.6067586	-80.0	-100.0	201.125	-33.99037	14.149708	15.159991	-61.028816	290000	7.605801e-09	163.14824	-0.024861565	-52.4089	3.0144844	0.015433043	0.1620162	17.0	689.0635671615601
29	-94.454544	5.2025104	-80.0	-100.0	220.5	-33.374115	15.111058	14.643382	-61.599884	300000	-1.8626451e-09	158.437	-0.019303957	-49.766113	2.9874485	0.015526566	0.20522052	15.0	710.9066362380981
30	-95.0	5.91608	-80.0	-100.0	219.47728	-31.674768	14.462751	15.755951	-61.974907	310000	1.1175871e-08	166.88608	-0.021837985	-33.35115	2.9707692	0.015338228	0.17241724	19.0	733.5766830444336
31	-95.2	4.6647615	-84.0	-100.0	220.6	-32.07368	14.648123	3.5183828	-62.251522	320000	-2.483527e-09	171.03058	-0.029594608	-41.455654	2.9581356	0.015123439	0.2041204	27.0	755.6948852539062
32	-95.583336	4.4899583	-80.0	-100.0	205.75	-32.81061	14.475085	15.575992	-62.775673	330000	2.483527e-09	173.47417	-0.04072926	-43.21326	2.9526737	0.015010126	0.22072208	58.0	780.3834297657013
33	-93.565216	4.4509506	-80.0	-100.0	213.21739	-34.34793	13.744847	7.593645	-63.342075	340000	-6.2088173e-10	170.79346	-0.036426455	-54.094925	2.9287775	0.015016713	0.20082009	40.0	803.310617685318
34	-93.86667	4.9602866	-80.0	-100.0	210.82222	-32.18095	13.726232	20.271383	-63.758415	350000	-6.829699e-09	214.81413	-0.022589883	-54.421856	2.8972995	0.015374568	0.16101609	14.0	824.7307512760162
35	-95.022224	4.474565	-84.0	-100.0	215.93333	-32.94931	13.94213	11.598221	-64.29583	360000	2.483527e-09	174.44392	-0.033095118	-55.220795	2.8530982	0.015148908	0.16661666	33.0	846.6632173061371
36	-95.022224	4.6307616	-84.0	-100.0	214.0	-33.627926	13.718517	23.419994	-64.78723	370000	-8.692344e-09	202.1556	-0.03194828	-58.07393	2.8494759	0.015021366	0.2088209	30.0	868.968344449997
37	-94.933334	4.4939466	-84.0	-100.0	212.7111	-34.384907	14.451526	16.78345	-65.30638	380000	3.4148495e-09	191.68413	-0.016988197	-59.18091	2.8235366	0.015332751	0.16831684	10.0	892.22052526474
38	-94.976746	4.406593	-80.0	-100.0	219.18605	-34.110336	14.239195	17.423786	-65.70546	390000	9.934108e-09	161.96376	-0.031206027	-45.091	2.8349533	0.015121627	0.17691769	29.0	914.5808839797974
39	-92.87805	6.0251307	-80.0	-100.0	232.60976	-32.40437	12.978573	6.140337	-65.848854	400000	6.208817e-09	154.4361	-0.02004928	-37.6443	2.8334997	0.015072156	0.13991399	15.0	936.7369379997253
40	-95.022224	4.553333	-84.0	-100.0	216.93333	-30.960178	13.546532	12.844635	-66.087105	410000	8.2266824e-09	170.76501	-0.036436107	-52.05544	2.8197167	0.0151040815	0.19841985	37.0	959.9553170204163
41	-92.57143	5.6952066	-76.0	-100.0	226.11905	-33.482338	13.724199	8.370739	-66.72877	420000	1.2417635e-09	194.59259	-0.02319243	-60.843357	2.7901924	0.015088336	0.1709171	18.0	983.7425608634949
42	-92.97561	5.4302125	-76.0	-100.0	230.2683	-31.794355	14.501532	14.205992	-67.07328	430000	-1.20295836e-08	191.71608	-0.026734322	-51.52124	2.7854683	0.0152809145	0.19141914	21.0	1005.3197236061096
43	-93.04762	5.727762	-76.0	-100.0	225.35715	-30.797943	14.30519	2.9518278	-67.57597	440000	4.967054e-09	178.32446	-0.03752154	-51.356182	2.7821329	0.015117235	0.21252126	40.0	1028.4360570907593
44	-93.268295	4.1848993	-84.0	-100.0	234.17073	-31.519432	13.786623	8.349152	-67.93248	450000	-1.2417635e-09	191.85039	-0.021555299	-44.282715	2.7759712	0.015081468	0.1610161	16.0	1052.5277285575867
45	-94.47619	4.1818094	-84.0	-100.0	223.88095	-30.175789	12.911156	8.255386	-68.020004	460000	-1.3659398e-08	196.76953	-0.03376375	-62.881817	2.7454739	0.015109914	0.1858186	35.0	1076.1314074993134
46	-93.7	4.9709153	-84.0	-100.0	237.55	-33.47746	13.732346	7.4579163	-68.80448	470000	-2.483527e-09	149.44977	-0.025827132	-56.871353	2.7380073	0.015178603	0.16261627	22.0	1098.233952999115
47	-93.23077	5.2937384	-84.0	-100.0	237.23077	-30.282434	13.892285	8.682086	-69.18022	480000	8.692344e-09	162.30292	-0.029123634	-42.514126	2.746931	0.015068419	0.17871787	29.0	1121.7000188827515
48	-94.63415	4.20079	-84.0	-100.0	231.48781	-31.222374	13.743329	1.9503195	-69.48303	490000	2.483527e-09	183.08684	-0.028828206	-48.361263	2.7062361	0.015125275	0.19261925	24.0	1143.2929091453552
49	-93.65854	5.585738	-76.0	-100.0	237.80487	-31.559328	13.53354	8.65466	-69.84598	500000	-7.1401396e-09	181.97835	-0.023491481	-45.597637	2.6928139	0.01516923	0.15061505	18.0	1165.0359060764313
50	-91.51219	5.387981	-76.0	-100.0	232.90244	-30.97341	14.050688	5.537661	-70.17149	510000	8.692344e-09	159.28046	-0.023033025	-43.12279	2.6762218	0.015207988	0.15941595	19.0	1187.1054656505585
51	-93.17073	5.0937667	-80.0	-100.0	232.97562	-30.31534	13.741181	3.865541	-70.38719	520000	1.4280279e-08	193.72481	-0.030766487	-57.585556	2.6371355	0.0150245465	0.1828183	30.0	1209.566386461258
52	-93.02564	5.259849	-76.0	-100.0	237.3077	-31.324883	13.663021	2.5304675	-70.89318	530000	-9.313226e-10	178.16426	-0.023243045	-50.56889	2.6128256	0.015011062	0.16481648	19.0	1231.7853865623474
53	-93.0	5.196152	-76.0	-100.0	240.075	-31.03756	14.192784	6.336192	-71.18794	540000	6.208817e-09	198.99379	-0.028074212	-53.876453	2.5910485	0.015078156	0.19511952	25.0	1253.7361845970154
54	-94.4	4.270831	-84.0	-100.0	234.125	-29.645958	13.66199	9.999636	-71.51955	550000	4.0357313e-09	174.85767	-0.025376415	-38.935658	2.5639853	0.0152289895	0.16761677	22.0	1276.5008752346039
55	-93.90476	5.805619	-72.0	-100.0	231.16667	-31.290173	13.967437	3.653823	-71.867355	560000	6.208817e-09	211.20781	-0.03305406	-69.279785	2.5564227	0.015110694	0.19131912	36.0	1299.2008140087128
56	-93.9	4.2883563	-80.0	-100.0	231.95	-30.911175	12.905971	13.344686	-71.95875	570000	-4.967054e-09	145.26373	-0.02183791	-45.5284	2.5460644	0.015352222	0.17151715	16.0	1321.193409204483
57	-93.53846	5.0932136	-80.0	-100.0	240.15384	-32.05677	14.164596	5.9916496	-72.794106	580000	-4.967054e-09	209.88908	-0.040015895	-60.985245	2.5560806	0.01501929	0.2170217	59.0	1344.2446265220642
58	-94.28571	4.3768096	-84.0	-100.0	232.83333	-30.964073	14.554412	12.344511	-72.57979	590000	4.967054e-09	201.03746	-0.027635008	-58.89348	2.5494702	0.015016988	0.15821582	27.0	1366.6493916511536
59	-94.051285	4.6074	-84.0	-100.0	239.64102	-31.51063	12.740925	11.460531	-72.8795	600000	-5.5879354e-09	178.92229	-0.032048278	-46.811184	2.52743	0.015021712	0.18191819	33.0	1389.931411743164
60	-94.04878	4.600908	-80.0	-100.0	237.36586	-30.915947	14.195485	4.901552	-73.57966	610000	1.2417635e-09	187.33934	-0.02518258	-49.303753	2.5295086	0.0150992675	0.17081709	23.0	1411.5437123775482
61	-95.14286	4.496408	-84.0	-100.0	232.95238	-31.578802	14.184856	-0.6198598	-73.94029	620000	0.0	160.86488	-0.022550965	-51.1873	2.526806	0.01502948	0.16771679	20.0	1433.8712241649628
62	-94.9	4.9789553	-80.0	-100.0	242.75	-31.346586	14.553835	3.7553759	-74.6974	630000	-7.450581e-09	148.24577	-0.016769944	-49.941814	2.472276	0.015220173	0.1779178	11.0	1455.3911364078522
63	-95.0	5.039841	-80.0	-100.0	240.725	-30.60272	14.229302	4.138875	-74.919235	640000	-2.483527e-09	177.56453	-0.03156473	-51.25653	2.468723	0.015093395	0.18141814	34.0	1478.6856338977814
64	-95.28205	4.037953	-80.0	-100.0	250.8718	-31.15482	14.638545	5.9635143	-75.3786	650000	-2.483527e-09	214.99823	-0.023473904	-78.320496	2.460687	0.01529628	0.1561156	19.0	1501.179109096527
65	-94.37838	4.6924396	-80.0	-100.0	257.9189	-30.169056	15.165235	6.8514905	-75.85258	660000	1.3659398e-08	208.00525	-0.021212861	-78.30545	2.474089	0.015353787	0.16551654	16.0	1521.8500201702118
66	-93.57895	4.5458574	-84.0	-100.0	252.89473	-29.250263	13.607706	-0.2546717	-75.36693	670000	-3.7252903e-09	162.26854	-0.025101252	-50.27461	2.4626272	0.015111101	0.14681469	22.0	1544.7664666175842
67	-95.24324	4.2452226	-84.0	-100.0	257.5946	-30.068445	14.632811	20.154776	-75.69595	680000	-1.4901161e-08	167.34853	-0.026062561	-53.477554	2.4412348	0.015118008	0.17951794	27.0	1566.3961818218231
68	-93.052635	5.558054	-80.0	-100.0	256.3684	-29.952656	13.907765	19.426725	-75.05994	690000	2.483527e-09	160.0963	-0.03187266	-35.265232	2.4179497	0.015011214	0.19261926	34.0	1589.730134487152
69	-94.16216	4.795908	-84.0	-100.0	260.81082	-29.511446	13.210411	1.7759615	-74.7275	700000	-1.2417635e-09	178.7367	-0.025049752	-43.925762	2.4025087	0.0152842	0.1551155	23.0	1612.6104826927185
70	-94.46154	4.845543	-80.0	-100.0	243.8718	-29.316343	14.240294	10.464208	-75.70461	710000	-1.0244548e-08	184.53351	-0.035470143	-51.940357	2.40458	0.015065315	0.19761975	56.0	1636.254721403122
71	-94.8	4.2142615	-84.0	-100.0	240.325	-30.526651	13.158814	21.822351	-74.89479	720000	-1.3659398e-08	195.8551	-0.020938223	-69.6726	2.3957431	0.015163603	0.15621562	15.0	1657.694715976715
72	-94.52631	5.688108	-76.0	-100.0	257.0263	-30.496227	14.157067	-0.01730001	-75.784225	730000	2.3593506e-08	192.39166	-0.028994026	-57.340588	2.3752778	0.015070356	0.1828183	29.0	1681.8881990909576
73	-95.1579	4.6933675	-80.0	-100.0	256.60526	-29.381083	14.135819	14.371391	-76.681206	740000	1.8626451e-09	148.41206	-0.030504316	-44.192646	2.315462	0.015010157	0.16451645	39.0	1705.1078555583954
74	-95.45946	4.756757	-84.0	-100.0	262.83783	-29.772047	13.665792	12.180661	-76.30748	750000	-1.2417635e-09	160.02357	-0.018362517	-50.886097	2.3114161	0.015170798	0.14381438	14.0	1729.3844356536865
75	-95.02702	5.128018	-84.0	-100.0	257.81082	-29.648306	13.444454	7.5101967	-77.026794	760000	-4.967054e-09	141.6905	-0.020969952	-41.12403	2.2926657	0.015149166	0.13991399	19.0	1751.4049785137177
76	-95.55556	4.1928806	-80.0	-100.0	261.83334	-30.61202	14.664281	0.629071	-77.78301	770000	0.0	168.68333	-0.029365666	-53.129932	2.3114505	0.015086055	0.17291729	34.0	1773.1956086158752
77	-95.1579	4.7822385	-84.0	-100.0	249.63158	-29.263952	13.472611	5.9088774	-76.773994	780000	-1.1175871e-08	161.11641	-0.018962564	-41.33186	2.3041642	0.015410083	0.17121713	14.0	1795.7871594429016
78	-95.68421	4.0399666	-84.0	-100.0	248.3158	-30.095089	13.806474	3.4799457	-76.47691	790000	2.483527e-09	155.99638	-0.025532924	-40.308277	2.2919667	0.015041017	0.17321731	25.0	1818.5741622447968
79	-93.333336	4.4221663	-84.0	-100.0	267.83334	-31.698294	14.850468	12.226731	-77.350784	800000	-9.623666e-09	139.08134	-0.020182306	-45.97829	2.2972548	0.015082486	0.17641765	16.0	1839.1421048641205
80	-94.5946	4.283592	-84.0	-100.0	267.02704	-29.61267	15.387616	6.0361457	-79.1116	810000	8.692344e-09	168.18268	-0.021780437	-44.01445	2.2676718	0.01532501	0.15861587	17.0	1861.9929502010345
81	-95.13513	4.473116	-80.0	-100.0	254.16216	-29.28216	13.447716	1.2136852	-77.75189	820000	6.208817e-09	176.16235	-0.037528917	-50.866104	2.2546387	0.015052818	0.20872088	61.0	1883.4794943332672
82	-95.13513	4.4731154	-84.0	-100.0	257.56757	-30.745302	15.133698	3.2161713	-79.554115	830000	-7.450581e-09	128.86496	-0.018920196	-52.750935	2.2364848	0.015507388	0.13251325	16.0	1904.1827974319458
83	-96.34286	4.315705	-84.0	-100.0	274.42856	-31.32906	15.44655	6.329258	-79.203	840000	1.2417635e-09	166.07617	-0.016356314	-55.025208	2.2198641	0.0155779	0.12221223	14.0	1925.484976530075
84	-95.47369	5.4422174	-80.0	-100.0	259.92105	-28.844109	13.654081	11.5980215	-76.16267	850000	6.519258e-09	148.6458	-0.020523842	-51.12552	2.2049563	0.015051757	0.15861587	17.0	1948.823898077011
85	-96.47059	5.29281	-76.0	-100.0	277.2353	-30.793158	14.930683	6.1141653	-80.17625	860000	5.5879354e-09	141.90674	-0.021143498	-39.482338	2.1943715	0.015090905	0.15651564	19.0	1970.6378622055054
86	-95.88571	4.5341334	-84.0	-100.0	273.2857	-29.329157	14.835697	3.6157336	-79.50458	870000	3.7252903e-09	139.01738	-0.018402329	-39.436665	2.1835513	0.0153081035	0.15331532	14.0	1991.9874596595764
87	-94.97143	5.090527	-84.0	-100.0	275.74286	-29.81985	13.800576	2.8522367	-77.12086	880000	1.1175871e-08	155.29071	-0.023084126	-44.768127	2.2037983	0.015003915	0.1639164	21.0	2014.2720353603363
88	-96.63158	3.497526	-88.0	-100.0	255.0	-28.496727	14.289777	1.2086135	-78.75152	890000	-1.2417635e-09	148.21027	-0.02929175	-50.827393	2.170714	0.015068059	0.16841686	38.0	2038.3348603248596
89	-97.36842	2.6399865	-92.0	-100.0	253.23685	-30.027216	14.5978565	-2.0692327	-81.36505	900000	-5.8983765e-09	158.49055	-0.02718071	-59.97044	2.154831	0.015015103	0.1581158	29.0	2061.1573889255524
90	-95.44444	4.232444	-88.0	-100.0	265.3611	-30.96038	14.257903	-3.235021	-81.99621	910000	-7.761021e-10	184.77899	-0.023949645	-64.128654	2.1518204	0.015117299	0.16141614	19.0	2085.640959262848
91	-94.8421	4.760176	-80.0	-100.0	255.57895	-30.399786	15.258241	1.3332949	-81.513115	920000	7.605801e-09	164.08205	-0.019363048	-53.398365	2.1109421	0.015057457	0.15961595	17.0	2109.012502670288
92	-96.111115	4.3702135	-84.0	-100.0	267.6389	-30.49664	14.422232	7.7109337	-80.61044	930000	-1.6763806e-08	175.28288	-0.022206573	-64.40267	2.158943	0.015541333	0.16061606	17.0	2130.8925507068634
93	-95.0	5.022173	-80.0	-100.0	271.69446	-29.602407	13.710772	1.1778667	-74.9649	940000	7.450581e-09	163.6916	-0.02883391	-52.075146	2.1417043	0.0150017515	0.18041806	29.0	2154.085250854492
94	-95.77143	4.050296	-88.0	-100.0	274.65714	-29.095762	13.409374	1.7198153	-77.477486	950000	1.2417635e-09	191.38945	-0.020810697	-61.761036	2.1544647	0.015125811	0.16031604	16.0	2176.0223367214203
95	-94.77778	4.8825717	-76.0	-100.0	269.25	-28.765556	13.43515	4.8796554	-80.169975	960000	0.0	134.7592	-0.029792527	-48.242615	2.0986097	0.015035742	0.17611761	37.0	2199.723237991333
96	-95.29412	4.3893547	-84.0	-100.0	281.91177	-30.18477	14.878234	-1.4560196	-79.36977	970000	-7.450581e-09	142.64532	-0.024071628	-46.668396	2.0971868	0.015247669	0.1480148	25.0	2221.8116154670715
97	-95.333336	4.5704365	-84.0	-100.0	272.1111	-28.254599	13.281692	11.095851	-76.60914	980000	-9.934108e-09	157.0974	-0.022310898	-52.152206	2.0922613	0.015425712	0.1339134	21.0	2243.993625640869
98	-95.333336	3.9440534	-88.0	-100.0	271.55554	-29.481895	14.84113	8.373378	-79.98399	990000	-5.7431557e-09	202.86346	-0.018069092	-61.68114	2.067343	0.015241248	0.15041505	14.0	2265.285569190979
99	-94.44444	4.9241157	-84.0	-100.0	268.94446	-28.258324	12.484688	6.4784794	-75.229454	1000000	-7.450581e-09	154.12256	-0.03989982	-48.604374	2.079664	0.01465805	0.21462147	79.0	2289.787043094635
100	-97.0	3.8151743	-88.0	-100.0	273.30554	-29.914875	14.419027	4.5044527	-81.59401	1010000	-2.483527e-09	185.81606	-0.02177739	-49.899105	2.0867484	0.015093242	0.1570157	20.0	2312.313477039337
101	-96.0	4.228753	-88.0	-100.0	282.29413	-29.315456	13.2070675	-5.9875984	-79.446526	1020000	-1.2417635e-09	141.12083	-0.030197712	-37.745228	2.0917861	0.015060238	0.17741776	44.0	2334.6859498023987
102	-95.78378	4.153378	-84.0	-100.0	259.45947	-28.749746	13.431361	-1.492288	-81.78019	1030000	8.692344e-09	158.89188	-0.030373922	-45.707348	2.0496023	0.015029547	0.18331833	40.0	2356.3015484809875
103	-95.42857	4.1835437	-84.0	-100.0	282.22858	-30.581402	13.81658	10.490664	-77.85982	1040000	6.208817e-09	179.3009	-0.016571417	-52.548443	2.049298	0.015155878	0.11711171	13.0	2377.749325275421
104	-94.85714	4.8352447	-80.0	-100.0	276.94287	-28.551619	13.822385	7.0231895	-77.478165	1050000	2.3283064e-10	186.1158	-0.022663048	-65.57041	1.9996382	0.015134006	0.16951697	21.0	2398.5672659873962
105	-93.411766	5.5631013	-80.0	-100.0	286.97058	-28.383987	13.510111	10.925548	-74.942856	1060000	6.2088173e-10	158.95226	-0.026371015	-55.18668	2.0326967	0.015019182	0.19891989	24.0	2421.716086626053
106	-95.15151	4.5932837	-84.0	-100.0	286.42426	-28.757984	14.55575	-3.3711686	-80.38159	1070000	-7.450581e-09	162.97685	-0.01987461	-49.27293	1.9967393	0.015672708	0.13641363	19.0	2443.246286869049
107	-95.2	5.219743	-80.0	-100.0	273.94287	-27.654192	13.163492	-2.6566172	-76.87089	1080000	-1.6142925e-08	155.7424	-0.028660774	-37.33044	1.980812	0.01510864	0.16081609	36.0	2467.2513859272003
108	-95.76471	4.646686	-84.0	-100.0	283.35294	-28.984365	14.017046	12.372356	-79.733665	1090000	6.2088173e-10	174.17387	-0.030071473	-40.744976	1.9671675	0.015076031	0.16321631	34.0	2490.0724098682404
109	-94.375	5.73231	-80.0	-100.0	300.40625	-28.632528	13.457483	-2.5556636	-82.83133	1100000	-3.259629e-09	149.08783	-0.020916948	-41.95613	1.9631711	0.0151560055	0.16051604	19.0	2511.666558265686
110	-95.55556	4.4996567	-84.0	-100.0	263.8611	-26.46538	13.66621	-0.115599036	-77.73543	1110000	-1.2417635e-09	174.20338	-0.0216735	-60.62138	1.9320186	0.015207395	0.15331532	21.0	2535.8659179210663
111	-93.828575	5.2670712	-84.0	-100.0	270.1143	-29.824417	13.725534	-0.5464504	-81.108315	1120000	-3.7252903e-09	195.52434	-0.015893321	-52.06059	1.9174942	0.015656782	0.13271327	12.0	2557.518329143524
112	-94.588234	4.538189	-84.0	-100.0	289.38235	-28.524845	13.754322	6.7974005	-79.44799	1130000	0.0	186.22766	-0.025884261	-61.797455	1.9005612	0.015106729	0.15381537	30.0	2581.4432623386383
113	-94.78788	4.772126	-80.0	-100.0	288.36365	-27.88167	13.961217	0.3759868	-79.00042	1140000	8.692344e-09	158.52376	-0.020892456	-55.775158	1.896417	0.015576643	0.12531254	15.0	2602.46559715271
114	-94.91892	5.148489	-80.0	-100.0	263.45947	-28.164547	14.52974	0.7968613	-85.030945	1150000	8.692344e-09	169.98178	-0.023879016	-53.842285	1.8670163	0.01504418	0.1480148	23.0	2625.175414085388
115	-94.62857	5.2322392	-84.0	-100.0	280.8	-29.921354	14.584024	0.116178036	-88.55728	1160000	-7.450581e-09	186.822	-0.018102938	-65.73813	1.8676554	0.015217637	0.12491249	17.0	2647.982988357544
116	-94.90909	4.750526	-84.0	-100.0	295.84848	-28.70482	13.078608	0.5539911	-77.72045	1170000	-3.1044085e-09	145.06764	-0.027355388	-44.71108	1.8987607	0.015117403	0.18761875	29.0	2669.549944162369
117	-95.63636	4.6568174	-84.0	-100.0	297.9697	-27.796082	14.053701	-0.72748256	-80.63718	1180000	1.2417635e-09	134.47478	-0.015068536	-40.66548	1.8934069	0.0153062465	0.10571057	13.0	2692.2739596366882
118	-94.06061	5.667234	-76.0	-100.0	291.54544	-27.137266	13.454847	-3.258205	-81.98779	1190000	6.2088173e-10	185.54785	-0.016007125	-49.57956	1.8541597	0.01505283	0.1432143	13.0	2713.430102109909
119	-94.5	5.7227616	-80.0	-100.0	299.0	-27.295155	13.2044325	16.58812	-78.49252	1200000	1.4280279e-08	164.82079	-0.015023475	-40.167248	1.8790201	0.015124961	0.12271228	13.0	2734.157220363617
120	-95.878784	4.4569154	-84.0	-100.0	298.66666	-28.149786	13.753102	1.1976255	-81.205986	1210000	-6.9655166e-09	128.53691	-0.015894681	-35.74394	1.8851467	0.01512358	0.1130113	15.0	2756.2085983753204
121	-95.22222	5.318266	-84.0	-100.0	263.83334	-26.61273	13.20434	18.063644	-82.58775	1220000	-1.2417634e-08	187.09364	-0.026644407	-59.357666	1.8423036	0.015283057	0.16881688	26.0	2778.5636208057404
122	-95.5	5.0744457	-84.0	-100.0	300.75	-29.727032	13.7211275	-3.729776	-79.17025	1230000	-5.5879354e-09	159.42311	-0.019375207	-50.522694	1.8715553	0.015104081	0.1620162	19.0	2799.9820787906647
123	-94.545456	6.6655645	-76.0	-100.0	288.84848	-26.854984	13.32534	40.409348	-78.65625	1240000	-4.967054e-09	165.66985	-0.016712748	-50.978382	1.84481	0.015902327	0.1320132	14.0	2820.5470881462097
124	-93.625	7.131576	-72.0	-100.0	300.59375	-28.294472	13.705578	19.491478	-81.75905	1250000	7.450581e-09	179.0406	-0.02292294	-66.35148	1.830512	0.015079404	0.16311632	21.0	2841.318990945816
125	-95.25	5.6069155	-80.0	-100.0	304.25	-27.541183	13.606188	5.8367443	-81.26621	1260000	-1.14863115e-08	146.25299	-0.020758733	-43.61017	1.8648902	0.01505069	0.14111412	19.0	2865.325872898102
126	-95.17647	5.962977	-76.0	-100.0	283.7353	-27.134987	14.152457	9.744637	-78.58026	1270000	-2.0178657e-09	200.66705	-0.022848919	-54.734783	1.8620367	0.015511964	0.17621762	22.0	2886.3573575019836
127	-95.55556	4.96904	-84.0	-100.0	266.3611	-28.2004	12.979939	8.911632	-85.18705	1280000	-1.2417634e-08	197.67793	-0.019745318	-52.294216	1.8036934	0.015354712	0.13231324	16.0	2908.715190410614
128	-95.875	4.9481688	-80.0	-100.0	298.59375	-29.370966	13.329364	2.383926	-86.237976	1290000	-7.1401396e-09	147.24693	-0.017745124	-53.942097	1.8331603	0.015436749	0.14061408	14.0	2930.781571149826
129	-95.63636	6.0192533	-80.0	-100.0	296.75757	-27.53831	13.763848	1.9999704	-85.640526	1300000	-1.5754873e-08	156.39026	-0.019110387	-45.026447	1.8218552	0.015539318	0.13661367	14.0	2952.6474390029907
130	-94.06061	6.9016438	-68.0	-100.0	291.33334	-27.250782	12.429211	-3.0455244	-85.71586	1310000	-1.0554989e-08	137.08932	-0.026015231	-45.070328	1.8138499	0.015011079	0.15121512	26.0	2974.644195795059
131	-96.0	4.690416	-80.0	-100.0	293.65625	-27.854338	13.974093	7.133661	-82.26179	1320000	1.2417635e-09	137.90723	-0.020564742	-44.999115	1.8119397	0.015109628	0.13751374	19.0	2996.7386560440063
132	-95.6129	5.215841	-80.0	-100.0	308.7097	-28.022116	13.599384	9.60895	-87.80446	1330000	-9.95351e-09	141.4065	-0.022425776	-49.522785	1.7994833	0.015010483	0.16411641	18.0	3018.183341026306
133	-94.125	6.479535	-76.0	-100.0	301.625	-26.550215	13.725659	1.6725872	-87.430954	1340000	1.3193737e-08	208.53484	-0.015377912	-67.63712	1.8106126	0.015612565	0.1639164	11.0	3040.1753137111664
134	-95.2	6.482798	-72.0	-100.0	318.6	-26.823946	12.671888	7.308241	-80.399704	1350000	-5.7431557e-09	170.44444	-0.03513009	-64.33497	1.7993041	0.015026629	0.17891788	51.0	3063.834328889847
135	-95.48387	6.074117	-76.0	-100.0	309.7742	-26.300375	12.935177	6.563783	-76.867714	1360000	1.1525117e-08	144.1252	-0.030503845	-53.536633	1.7921408	0.015003438	0.17931794	35.0	3086.3624727725983
136	-93.29032	5.870613	-76.0	-100.0	321.35483	-26.673897	13.912806	16.031013	-82.16318	1370000	1.2417635e-09	196.72304	-0.032750413	-74.489204	1.8105282	0.015126367	0.17561756	38.0	3109.415521621704
137	-95.86667	4.0639334	-84.0	-100.0	321.76666	-25.407215	12.593055	5.7151976	-77.47304	1380000	-8.692344e-09	156.42195	-0.024631664	-53.21825	1.7945199	0.015116277	0.16061606	22.0	3131.234652042389
138	-91.55556	9.99753	-64.0	-100.0	342.77777	-26.84412	13.915862	3.2389092	-78.981026	1390000	-1.14863115e-08	230.60498	-0.01430896	-93.37082	1.8183464	0.015503175	0.12621261	10.0	3153.2804939746857
139	-92.42857	7.5091777	-76.0	-100.0	323.7143	-22.811733	11.540872	5.211176	-67.761734	1400000	-2.483527e-09	207.76201	-0.016108785	-67.45037	1.7922024	0.015230947	0.13481349	14.0	3174.6129064559937
140	-90.76923	8.4321165	-64.0	-100.0	371.53845	-25.409512	12.647691	10.175807	-67.99641	1410000	1.2417634e-08	236.11699	-0.018224945	-105.97332	1.7893978	0.016254386	0.14411442	13.0	3198.604155778885
141	-91.85714	6.277592	-76.0	-100.0	335.5	-21.317804	10.365644	5.292923	-56.985443	1420000	-9.934108e-09	200.65453	-0.03911582	-72.37019	1.7657784	0.015013305	0.19341934	77.0	3221.5214574337006
142	-92.59259	6.7728176	-72.0	-100.0	351.85184	-24.20377	10.614935	4.4891796	-63.138798	1430000	0.0	234.1793	-0.019331193	-71.65765	1.7712704	0.015022901	0.13981397	15.0	3243.702332019806
143	-89.12	10.523574	-60.0	-100.0	381.96	-23.464447	9.632963	9.108673	-53.244186	1440000	1.3581788e-09	263.52087	-0.03132595	-65.6513	1.7270975	0.01511046	0.1880188	47.0	3267.955369949341
144	-93.77778	5.691666	-72.0	-100.0	340.7037	-22.4605	10.873871	7.4327607	-55.94618	1450000	-6.829699e-09	223.81676	-0.017658716	-60.363796	1.7284489	0.015182891	0.14461446	15.0	3291.0838553905487
145	-92.0	6.6564026	-68.0	-100.0	361.26923	-24.07782	10.999233	8.260175	-57.551422	1460000	1.2417634e-08	193.0503	-0.016841346	-59.08002	1.706139	0.015244064	0.12911291	13.0	3315.230706214905
146	-89.23077	7.982229	-60.0	-100.0	351.69232	-21.784986	11.036627	5.062355	-55.038414	1470000	6.829699e-09	278.09946	-0.028214322	-101.40519	1.76048	0.015064996	0.16901691	32.0	3338.020260810852
147	-94.51852	5.5669017	-80.0	-100.0	343.96295	-22.331839	8.76147	2.6489081	-54.565765	1480000	-3.7252903e-09	216.4784	-0.024438523	-68.664795	1.7044615	0.015046734	0.15011501	26.0	3362.221300125122
148	-93.38461	4.699238	-84.0	-100.0	363.30768	-24.794224	10.713148	-3.1984506	-59.09437	1490000	6.208817e-09	210.22595	-0.03844205	-61.069035	1.7278134	0.014129977	0.20022003	79.0	3388.4633181095123
149	-91.85185	7.734979	-72.0	-100.0	352.37036	-23.418358	12.423327	18.166958	-68.838104	1500000	-7.450581e-09	240.1266	-0.03130428	-68.865685	1.7020019	0.015023415	0.17011702	52.0	3411.988307237625
150	-93.84615	6.4907765	-72.0	-100.0	367.34616	-23.213844	10.667722	2.505926	-60.22364	1510000	-4.967054e-09	236.43646	-0.019687444	-80.19241	1.668492	0.015437576	0.12941295	16.0	3435.4524438381195
151	-92.30769	7.009714	-72.0	-100.0	367.53845	-22.850243	12.411088	1.9580821	-68.741776	1520000	7.450581e-09	188.19298	-0.018859185	-63.06439	1.6703839	0.015485049	0.15431543	15.0	3458.109589576721
152	-93.03704	6.5855145	-80.0	-100.0	356.92593	-22.447151	10.69812	2.007655	-61.463318	1530000	-4.1521466e-09	189.36003	-0.029171431	-42.97046	1.6666445	0.015208154	0.16131614	46.0	3482.7509064674377
153	-92.74074	7.386638	-68.0	-100.0	358.2963	-22.988121	10.008723	11.099455	-55.878307	1540000	6.3640377e-09	238.20953	-0.027216928	-79.962364	1.6570851	0.015033637	0.17291729	38.0	3507.072849035263
154	-93.07692	5.823844	-80.0	-100.0	363.73077	-23.249031	11.822976	8.129117	-67.44323	1550000	-1.1175871e-08	181.55196	-0.038784217	-68.57814	1.6668922	0.014137614	0.21152115	79.0	3531.562071084976
155	-90.92308	5.928569	-72.0	-100.0	361.30768	-21.829693	10.133576	0.55029273	-62.4523	1560000	7.450581e-09	200.99434	-0.037938967	-62.404938	1.6828452	0.015068195	0.20732073	78.0	3557.5687577724457
156	-92.0	6.970839	-72.0	-100.0	346.44446	-22.94583	12.687204	2.2572432	-67.41698	1570000	-7.450581e-09	224.19835	-0.02612344	-51.75107	1.6627564	0.015145078	0.16561657	27.0	3580.7848312854767
157	-92.64	6.36792	-76.0	-100.0	378.56	-22.67441	10.077764	5.427649	-70.53793	1580000	-6.208817e-09	163.11342	-0.02028306	-43.694794	1.6975688	0.015367236	0.14721473	17.0	3604.1489446163177
158	-94.07407	5.6955214	-76.0	-100.0	343.4074	-21.489687	10.183669	10.520067	-57.38505	1590000	-7.450581e-09	242.85968	-0.036310058	-52.932392	1.6795603	0.013927518	0.20942093	79.0	3629.5291423797607
159	-91.23077	7.1913824	-68.0	-100.0	348.1154	-23.140379	10.609407	6.277937	-65.21027	1600000	7.450581e-09	199.28517	-0.024711767	-63.345673	1.7087945	0.01500046	0.17381738	24.0	3651.712999343872
160	-91.84615	6.1249323	-80.0	-100.0	375.5	-22.727783	11.148803	12.272238	-67.245865	1610000	-1.0554989e-08	198.01965	-0.028970309	-60.055836	1.7082475	0.015118372	0.1739174	34.0	3676.661406993866
161	-92.15385	7.724548	-64.0	-100.0	351.1154	-22.441322	11.732888	6.9071636	-73.92769	1620000	9.934108e-09	270.787	-0.02828301	-75.51844	1.7470025	0.015042461	0.19141914	33.0	3699.8129556179047
162	-91.55556	8.098163	-68.0	-100.0	352.44446	-22.832598	11.132859	4.113642	-70.40654	1630000	1.0244548e-08	206.34792	-0.02764449	-60.283115	1.7863259	0.015267211	0.17271727	26.0	3722.3350324630737
163	-91.111115	6.827685	-76.0	-100.0	353.0	-23.740297	10.6775675	1.9383764	-60.40425	1640000	-3.4148495e-09	182.76613	-0.025736094	-50.24439	1.7480148	0.015222891	0.16291629	26.0	3745.6629457473755
164	-92.0	6.69328	-76.0	-100.0	390.4	-23.679337	11.77257	7.509244	-64.87445	1650000	1.2417635e-09	180.16911	-0.026054896	-52.137074	1.7610201	0.015057362	0.15841584	26.0	3769.5664935112
165	-91.38461	7.0769234	-76.0	-100.0	353.5	-21.39011	10.404606	6.4864664	-64.646286	1660000	-1.4901161e-08	227.9458	-0.03293143	-50.80072	1.7480955	0.014554288	0.20362037	79.0	3794.39963722229
166	-92.92308	5.121021	-80.0	-100.0	353.30768	-22.387585	10.598653	9.054018	-56.261715	1670000	0.0	200.96722	-0.020694159	-54.03955	1.7442433	0.015156917	0.1519152	16.0	3818.0709657669067
167	-92.16	7.1087556	-72.0	-100.0	372.0	-23.21358	10.876109	3.4672265	-60.948734	1680000	7.450581e-09	200.4467	-0.015409336	-57.12793	1.7118498	0.015308733	0.14371437	10.0	3840.3396060466766
168	-89.76	7.59621	-64.0	-100.0	394.44	-22.699995	9.8293495	3.792132	-57.268375	1690000	-7.450581e-09	197.99202	-0.035982035	-58.330124	1.706603	0.013900287	0.20742075	79.0	3865.326432466507
169	-91.69231	8.370135	-68.0	-100.0	373.84616	-20.83191	10.867768	2.6137328	-68.003	1700000	7.450581e-09	200.54378	-0.03755817	-60.88864	1.7040144	0.0148271555	0.19861986	79.0	3891.0625808238983
170	-92.0	7.332121	-72.0	-100.0	375.96	-22.368696	11.956693	13.625197	-64.250404	1710000	2.483527e-09	182.95638	-0.02073962	-60.529736	1.7184421	0.015478755	0.13141315	17.0	3914.5003225803375
171	-91.68	6.8744164	-80.0	-100.0	369.92	-22.169376	12.742566	3.7432933	-64.297775	1720000	-1.7074248e-08	204.67375	-0.032215316	-68.77206	1.6483208	0.015084275	0.18831883	31.0	3937.3561494350433
172	-89.84615	8.169796	-76.0	-100.0	366.96155	-22.712286	11.646801	5.8573046	-66.69326	1730000	-9.934108e-09	212.72304	-0.03831787	-59.48525	1.6506249	0.014763056	0.20452045	79.0	3961.9025304317474
173	-92.0	6.41427	-72.0	-100.0	338.25	-21.65888	10.725848	1.216444	-67.86566	1740000	1.9868216e-08	223.10657	-0.0353028	-59.1331	1.6220232	0.015053053	0.189919	47.0	3986.5716400146484
174	-93.84615	6.859537	-76.0	-100.0	366.23077	-24.852043	11.019105	-1.7171128	-65.60123	1750000	3.7252903e-09	209.56	-0.01743841	-64.716125	1.6415259	0.015193758	0.15181519	14.0	4009.945644378662
175	-91.53846	6.109455	-72.0	-100.0	365.80768	-22.748093	11.003715	6.9007945	-61.706635	1760000	-4.967054e-09	197.83928	-0.017354717	-54.359623	1.6394943	0.0151116215	0.14081408	15.0	4032.724786043167
176	-91.55556	7.8755755	-68.0	-100.0	355.0	-22.355537	11.455995	0.63977206	-60.317368	1770000	8.381903e-09	178.96758	-0.03633356	-55.72853	1.6495882	0.015091275	0.22452246	63.0	4056.459732532501
177	-90.56	7.321639	-76.0	-100.0	375.96	-24.29372	12.773711	0.96451235	-72.59676	1780000	-1.4901161e-08	168.42609	-0.020471226	-54.21548	1.6137381	0.015070415	0.1549155	17.0	4080.610235929489
178	-92.44444	6.0939155	-80.0	-100.0	341.25925	-20.320919	10.762635	1.2185823	-65.79041	1790000	1.1175871e-08	215.17798	-0.036578357	-69.52375	1.6490121	0.010143536	0.22762275	79.0	4104.934890508652
179	-90.88	8.276811	-72.0	-100.0	394.68	-24.140276	11.445523	6.3058543	-73.43986	1800000	-7.450581e-09	175.60573	-0.018789575	-65.62462	1.6681322	0.015088584	0.14761476	13.0	4127.963874578476
180	-92.30769	5.194444	-80.0	-100.0	356.5	-21.674961	11.536769	3.7225423	-66.42256	1810000	-6.208817e-09	222.2994	-0.01673034	-75.03796	1.6231326	0.015511319	0.14651465	14.0	4151.2678854465485
181	-91.2	7.1554174	-72.0	-100.0	377.48	-22.443148	10.9288225	1.8732198	-60.165306	1820000	7.450581e-09	195.54462	-0.017415702	-65.24801	1.6495357	0.015076582	0.13771378	15.0	4175.9294583797455
182	-91.166664	5.771096	-76.0	-100.0	400.45834	-22.477993	10.003013	6.0249524	-70.81272	1830000	8.692344e-09	158.86452	-0.03289326	-62.56132	1.664905	0.015165185	0.18701869	33.0	4199.972138643265
183	-91.69231	6.365588	-76.0	-100.0	360.53845	-20.28343	11.381618	-0.6954843	-75.98541	1840000	-1.4901161e-08	236.94713	-0.026480967	-71.857864	1.6050857	0.015089757	0.18081808	34.0	4224.089802503586
184	-91.38461	6.4395227	-76.0	-100.0	360.46155	-22.526093	10.495371	1.9584036	-57.283436	1850000	-9.002785e-09	174.52983	-0.032256	-55.844006	1.6176056	0.015106077	0.17591758	43.0	4250.729943752289
185	-92.59259	5.933329	-76.0	-100.0	364.0	-22.11194	11.449277	3.2895212	-67.134476	1860000	-3.7252903e-09	214.59717	-0.021334061	-57.73654	1.6474609	0.015152569	0.15521552	18.0	4275.210024833679
186	-88.347824	8.660799	-72.0	-100.0	391.0	-23.159563	10.176719	-1.3426491	-60.583168	1870000	6.208817e-09	200.40874	-0.017542914	-60.84494	1.6679777	0.015704794	0.14631462	12.0	4298.404890298843
187	-93.0	4.9713464	-84.0	-100.0	341.57144	-20.59713	10.975276	2.3876066	-66.310356	1880000	-8.692344e-09	239.1195	-0.028417468	-65.24961	1.6395406	0.015024784	0.17151715	37.0	4321.381110906601
188	-92.888885	7.9504642	-72.0	-100.0	356.33334	-24.562975	11.810568	-0.48838067	-66.671715	1890000	-4.346172e-09	234.93379	-0.033844475	-70.873405	1.6663107	0.015033427	0.20432043	55.0	4347.981848716736
189	-91.666664	8.076028	-68.0	-100.0	384.79166	-23.838804	9.867677	2.133893	-59.794815	1900000	3.7252903e-09	197.59651	-0.01620907	-68.52642	1.6633602	0.015020835	0.1230123	11.0	4369.730126857758
190	-90.95652	8.105169	-68.0	-100.0	406.73914	-21.599157	11.109799	8.346046	-68.10367	1910000	0.0	171.85622	-0.03368518	-66.02177	1.6719688	0.015111585	0.20722073	43.0	4392.548026561737
191	-91.703705	9.48611	-64.0	-100.0	364.44446	-20.556396	10.033008	1.1329436	-58.535732	1920000	-4.967054e-09	246.37976	-0.018444903	-93.12229	1.6427288	0.0154136345	0.15011501	11.0	4415.462759971619
192	-90.78261	6.8204074	-76.0	-100.0	392.3913	-23.858124	10.56765	1.469013	-67.90454	1930000	-1.2417635e-09	180.0509	-0.021271616	-52.008484	1.6809677	0.015199146	0.16861688	17.0	4440.022369861603
193	-90.07407	6.9171066	-72.0	-100.0	362.25925	-19.964928	9.7623825	5.490695	-62.415173	1940000	-4.346172e-09	280.71777	-0.023816267	-96.172424	1.5936426	0.01503088	0.1649165	22.0	4463.442279815674
194	-90.56	6.9632177	-76.0	-100.0	364.72	-21.90137	11.217103	1.084872	-68.309105	1950000	1.2417634e-08	214.96901	-0.018979821	-49.184372	1.6176443	0.015175556	0.15231523	16.0	4487.425221443176
195	-91.85185	6.575508	-76.0	-100.0	340.48148	-21.109495	11.30502	1.3782976	-77.88022	1960000	-5.8983765e-09	214.84814	-0.02247776	-70.91622	1.6231714	0.015052404	0.1490149	18.0	4511.303084373474
196	-92.32	6.084209	-80.0	-100.0	387.2	-24.133701	11.92976	-0.55604565	-73.60321	1970000	0.0	198.76927	-0.020818189	-67.44891	1.6295153	0.015168407	0.16861688	19.0	4534.714888095856
197	-92.833336	5.4134607	-80.0	-100.0	387.16666	-23.156757	10.842425	1.0126164	-64.29144	1980000	-1.9557774e-08	212.08803	-0.019010285	-53.780247	1.5870847	0.015042979	0.15641564	15.0	4559.729341983795
198	-90.833336	5.595137	-80.0	-100.0	378.08334	-21.684387	9.892208	6.4335003	-59.0829	1990000	1.2417635e-09	212.75641	-0.015754344	-56.385136	1.5407454	0.015039657	0.12281227	12.0	4583.7646062374115
199	-93.52381	6.107131	-76.0	-100.0	424.4762	-22.69529	10.666865	-0.6860696	-77.27952	2000000	1.9247333e-08	156.76807	-0.017272187	-60.97086	1.6094521	0.015579976	0.17211722	12.0	4605.725391149521
200	-93.69231	4.982811	-80.0	-100.0	350.73077	-20.068897	11.621106	1.7195908	-73.91241	2010000	7.450581e-09	253.23457	-0.018700443	-100.43578	1.5672604	0.015063189	0.13791378	17.0	4630.226486444473
201	-93.92	5.1993847	-84.0	-100.0	381.24	-23.695442	10.238824	-1.7575445	-58.76329	2020000	-7.450581e-09	234.46141	-0.03164024	-99.84784	1.604867	0.015108268	0.20632064	36.0	4654.3994398117065
202	-91.04	8.637036	-56.0	-100.0	377.6	-22.424267	11.696694	3.6760612	-70.382996	2030000	-9.934108e-09	265.63315	-0.03003639	-110.867226	1.6014352	0.015032663	0.1850185	45.0	4677.719646930695
203	-90.72	6.8557715	-80.0	-100.0	383.44	-21.853361	10.638269	-0.25175226	-55.345707	2040000	1.1175871e-08	229.7061	-0.016257703	-85.72288	1.6335057	0.015321947	0.13851385	11.0	4703.4987914562225
204	-90.88	8.873872	-64.0	-100.0	380.88	-21.912174	12.092159	5.355121	-75.76413	2050000	1.14863115e-08	222.48451	-0.022889232	-62.600407	1.5519295	0.015330003	0.17131715	23.0	4727.9918258190155
205	-90.608696	7.1367946	-76.0	-100.0	397.47827	-22.110203	11.844259	1.980634	-77.056984	2060000	-2.483527e-09	167.66826	-0.019737767	-45.034985	1.5970005	0.015286858	0.15721571	15.0	4749.960143566132
206	-92.16	6.347787	-80.0	-100.0	369.32	-20.485409	12.206167	3.8299217	-79.652626	2070000	2.483527e-09	207.88716	-0.020508291	-58.710682	1.5933441	0.015039571	0.16321631	19.0	4773.304615497589
207	-90.96296	9.01637	-60.0	-100.0	341.81482	-21.954668	12.184126	0.72963464	-74.33222	2080000	2.3283064e-10	255.60956	-0.031942736	-78.75803	1.5918914	0.015139222	0.20612061	35.0	4795.964377641678
208	-90.15385	7.54317	-68.0	-100.0	368.0	-24.516018	13.07793	-0.11476028	-78.94413	2090000	6.2088173e-10	219.0396	-0.01769117	-66.6318	1.609321	0.01514238	0.13731374	14.0	4819.524164676666
209	-92.0	4.472136	-80.0	-100.0	384.25	-23.080841	10.845922	-0.07346833	-71.15273	2100000	-1.094304e-08	219.31181	-0.014653619	-66.182495	1.5557251	0.015126586	0.13311331	11.0	4843.606152534485
210	-91.666664	7.0158553	-72.0	-100.0	373.70834	-21.389942	11.071159	3.246869	-58.957592	2110000	5.2774944e-09	208.08752	-0.023150397	-65.29948	1.565886	0.015073728	0.15281528	26.0	4866.000891685486
211	-90.72	3.5272653	-80.0	-96.0	370.68	-22.532528	11.3790245	2.0872164	-60.171688	2120000	-5.5879354e-09	211.07036	-0.017078526	-54.626873	1.5410208	0.0152907455	0.11421142	14.0	4891.906326293945
212	-90.61539	6.5578895	-76.0	-100.0	377.8846	-21.763876	11.178865	0.8490771	-68.704956	2130000	-1.2417635e-09	210.94786	-0.01779618	-55.535786	1.5608383	0.015305365	0.16961695	15.0	4915.6987273693085
213	-91.5	5.454356	-80.0	-100.0	390.875	-22.355576	12.389006	6.7660136	-72.61868	2140000	4.967054e-09	158.21385	-0.020750782	-43.176716	1.5378298	0.015007445	0.1651165	18.0	4939.331947803497
214	-91.04	7.3565207	-68.0	-100.0	368.0	-20.793442	11.435361	9.324362	-72.395294	2150000	4.967054e-09	200.22041	-0.03255627	-59.416042	1.5498589	0.0151274325	0.17961796	45.0	4962.287796497345
215	-91.52	6.7238083	-80.0	-100.0	365.32	-22.6919	12.4952345	4.4382133	-63.503765	2160000	2.483527e-09	231.65205	-0.01930471	-70.18282	1.5561314	0.015150716	0.1530153	15.0	4986.1499128341675
216	-91.478264	5.815045	-80.0	-100.0	405.9565	-23.093225	11.959773	2.9291596	-74.61682	2170000	6.2088173e-10	174.27925	-0.01818452	-58.26829	1.5414959	0.015662597	0.14841484	14.0	5008.450025558472
217	-90.608696	6.7356234	-76.0	-100.0	404.9565	-21.41098	11.503013	1.8838458	-81.797585	2180000	-1.086543e-09	164.96797	-0.0145423515	-53.505665	1.555287	0.0150356265	0.14221422	12.0	5031.352918624878
218	-91.0	7.1414285	-76.0	-100.0	407.08334	-21.191422	12.11984	5.565994	-60.998943	2190000	6.2088173e-10	167.49374	-0.033314515	-62.313507	1.5528487	0.015149114	0.18181819	40.0	5055.090938806534
219	-91.69231	6.461539	-76.0	-100.0	367.6154	-21.342546	12.614772	6.3119926	-77.40526	2200000	-1.2417635e-09	227.57664	-0.016721284	-64.90572	1.5129957	0.015233296	0.1511151	15.0	5078.673085927963
220	-91.666664	5.647025	-80.0	-100.0	391.95834	-21.907307	11.321744	2.7374663	-60.373432	2210000	-7.450581e-09	195.39392	-0.013977465	-60.793507	1.5176145	0.015380476	0.10581058	10.0	5102.717119932175
221	-89.73913	7.3497553	-68.0	-100.0	406.9565	-21.60142	11.393339	3.3964097	-72.62254	2220000	-2.483527e-09	151.56865	-0.020529272	-49.842617	1.5135392	0.01501321	0.16501652	18.0	5125.671484470367
222	-89.5	6.0896087	-80.0	-100.0	375.16666	-19.95402	12.396862	2.0472622	-76.96852	2230000	-1.1796753e-08	252.13982	-0.03414732	-79.08834	1.5198094	0.015063991	0.2019202	75.0	5149.417368412018
223	-89.666664	5.8783975	-76.0	-100.0	387.08334	-23.055117	12.876547	1.2064718	-73.440865	2240000	1.2417634e-08	188.02849	-0.028634673	-71.06376	1.5320063	0.015070324	0.16741674	35.0	5172.794095993042
224	-89.5	7.4665923	-68.0	-100.0	379.45834	-22.012989	11.648709	4.4518137	-78.17154	2250000	-4.656613e-10	199.0133	-0.014873974	-59.049023	1.5080329	0.015231423	0.11991199	10.0	5195.001611948013
225	-88.0	7.1180525	-76.0	-100.0	384.41666	-21.133558	11.324174	4.620082	-71.90292	2260000	3.7252903e-08	226.04488	-0.027587345	-72.715385	1.4968953	0.015124593	0.15041505	32.0	5217.586639881134
226	-89.28	6.8557715	-72.0	-100.0	378.36	-21.461721	10.615617	1.9988769	-79.32291	2270000	8.692344e-09	203.53156	-0.019733688	-82.97294	1.5013494	0.015520197	0.12951295	17.0	5240.725594758987
227	-89.92	7.8481593	-72.0	-100.0	379.96	-21.281818	13.754075	3.8793926	-83.06844	2280000	-4.967054e-09	232.20178	-0.015861567	-74.99179	1.4790632	0.016260464	0.1812181	13.0	5265.567652463913
