Epoch	AverageEpRet	StdEpRet	MaxEpRet	MinEpRet	EpLen	AverageVVals	StdVVals	MaxVVals	MinVVals	TotalEnvInteracts	LossPi	LossV	DeltaLossPi	DeltaLossV	Entropy	KL	ClipFrac	StopIter	Time
0	98.83582	3.9421072	100.0	74.0	146.8806	36.58325	15.460943	58.1381	-16.224144	10000	1.2417634e-08	11.056275	0.0066055194	-2.0670767	0.36127678	0.040507123	0.14811482	1.0	20.559344053268433
1	99.61905	1.227057	100.0	94.0	154.2381	35.38549	16.486065	58.48208	-13.269672	20000	-2.0877147e-08	8.025636	0.0005773641	-2.2887242	0.3545169	0.016377818	0.076807685	2.0	42.062536001205444
2	99.850746	0.7176606	100.0	96.0	146.8806	37.567417	14.913812	59.15301	0.11489346	30000	3.1044085e-09	4.9538007	-0.007995094	-0.4921902	0.3426703	0.009031686	0.06870687	79.0	64.77815294265747
3	98.35821	9.924643	100.0	22.0	145.79105	37.803684	15.004085	59.180954	-8.076588	40000	7.450581e-09	24.190538	-0.009676862	-7.5352917	0.33290884	0.013378833	0.07140714	79.0	88.01401972770691
4	98.4058	10.308741	100.0	18.0	143.26086	37.8406	15.427214	58.976063	-29.770185	50000	6.208817e-09	20.871359	-0.006616006	-3.226343	0.32402545	0.015380452	0.0770077	17.0	109.74187397956848
5	98.333336	5.9246106	100.0	68.0	147.28787	36.18104	17.335693	59.2483	-21.383427	60000	-1.4901161e-08	19.341978	-0.009293494	-6.136883	0.34205678	0.016228985	0.07310731	35.0	130.3759937286377
6	98.17911	11.333381	100.0	8.0	146.08955	36.778244	15.8427515	58.861645	-9.277212	70000	0.0	38.638577	-0.007873684	-7.040933	0.35585666	0.0154957995	0.08320832	31.0	152.65428733825684
7	99.85294	0.8620207	100.0	94.0	142.52942	37.84622	15.0039625	58.69867	-31.44887	80000	-4.5013926e-09	7.301014	-0.009137065	-3.7025836	0.3630463	0.009332233	0.084708475	79.0	175.44889760017395
8	99.82353	1.0137463	100.0	92.0	143.79411	38.368385	14.82969	58.948967	-15.716946	90000	-2.4835268e-08	3.5108929	-0.0070109484	-0.6003895	0.37468985	0.015531418	0.08970898	28.0	197.25690126419067
9	98.4	6.858571	100.0	54.0	150.1077	37.2075	15.739211	59.33231	-17.575214	100000	-1.2417634e-08	24.143738	-0.0026811424	-2.8936646	0.35923496	0.015170743	0.04920492	3.0	218.43711638450623
10	98.68657	8.738676	100.0	28.0	147.55225	37.033264	14.760111	58.509243	-39.34232	110000	-2.483527e-09	26.940863	-0.009506751	-4.0758333	0.35996732	0.01536194	0.09300929	29.0	240.41872811317444
11	99.70588	1.2012104	100.0	92.0	143.86765	37.76395	14.694421	58.99054	-7.117227	120000	-1.1796753e-08	6.3831506	-0.008748856	-1.4263688	0.35820833	0.00890704	0.0730073	79.0	260.8258502483368
12	99.76471	1.3074181	100.0	90.0	144.70589	38.236935	14.414827	59.334034	-0.8589507	130000	1.3659398e-08	8.122249	-0.007385049	-0.55155915	0.3553106	0.0101809455	0.06470647	79.0	284.10056948661804
13	99.522385	2.9743087	100.0	76.0	145.65672	37.99128	14.583947	59.612156	2.334692	140000	-1.3116126e-08	8.181582	-0.008156505	-1.3165095	0.35725078	0.011131997	0.07910791	79.0	307.4624695777893
14	99.82089	0.7516226	100.0	96.0	144.68657	37.866314	14.983489	59.508087	-0.118409686	150000	1.5522042e-08	6.9312606	-0.005710976	-0.93249196	0.353417	0.018025484	0.10441044	13.0	328.40360045433044
15	99.884056	0.75250757	100.0	94.0	141.60869	38.93765	14.079573	59.200653	5.7633824	160000	6.829699e-09	3.7553732	-0.0070281625	-0.40412435	0.3393396	0.009940657	0.05850585	79.0	351.6065194606781
16	99.588234	1.6997864	100.0	88.0	143.85294	38.406693	14.7202015	59.672	-1.9425056	170000	1.27280755e-08	4.795419	-0.004145062	-0.85876465	0.35502037	0.016210156	0.0750075	7.0	371.31830286979675
17	96.44827	8.678496	100.0	60.0	169.0	33.538246	17.271725	59.45939	-6.044492	180000	-4.967054e-09	43.5404	-0.0027763117	-9.700606	0.3683958	0.017993458	0.07320732	6.0	392.43876910209656
18	100.0	0.0	100.0	100.0	141.84058	37.421955	12.0116825	55.794216	2.5501096	190000	3.0423205e-08	13.78109	-0.004059558	-11.484405	0.3366975	0.015942104	0.057805777	13.0	413.9789402484894
19	99.85294	0.7908429	100.0	94.0	144.47058	38.38465	14.951851	59.35627	-5.3231177	200000	1.5987704e-08	6.232962	-0.008846302	-1.2795577	0.34372377	0.01208754	0.07380738	79.0	436.6118276119232
20	99.797104	0.77234286	100.0	96.0	142.91304	38.637512	14.350823	58.734764	0.6536427	210000	4.346172e-09	5.355101	-0.008183864	-0.4312702	0.33558106	0.011371265	0.08780878	79.0	459.9260935783386
21	99.76811	0.8705309	100.0	96.0	142.56522	38.849655	14.315015	59.208157	3.7603636	220000	1.8626451e-09	3.1777494	-0.0069376584	-0.24823005	0.35610327	0.0145767	0.05520552	79.0	482.81865310668945
22	99.710144	1.5332209	100.0	88.0	142.53622	38.745193	14.467428	59.112186	1.0728636	230000	-1.7384687e-08	4.6962857	-0.007401437	-0.8108079	0.36418056	0.006661499	0.06620663	79.0	506.234783411026
23	99.97143	0.2373321	100.0	98.0	140.17143	39.260998	14.169007	58.930634	6.585608	240000	-1.7695129e-08	2.0766613	-0.006573601	-0.22950423	0.35884395	0.008346131	0.05290529	79.0	526.5124635696411
24	99.47059	1.8348792	100.0	88.0	144.16176	38.489162	14.768937	59.59897	5.442413	250000	-1.9324943e-08	6.0624948	-0.0063838526	-0.7744665	0.37127176	0.015087712	0.06970697	19.0	548.1052997112274
25	99.8806	0.5864741	100.0	96.0	147.73134	37.54984	15.034997	59.050697	-1.9793917	260000	1.1175871e-08	10.426641	-0.009149101	-1.751352	0.3658472	0.010516572	0.06570657	79.0	571.8031299114227
26	99.09091	2.9986224	100.0	84.0	149.34848	37.5076	14.820825	58.553864	-5.2973685	270000	-6.208817e-09	14.084292	-0.011908676	-1.6547037	0.36053714	0.0120220585	0.0930093	79.0	594.7224655151367
27	99.882355	0.6758309	100.0	96.0	144.91176	37.6593	14.468304	58.15311	3.2874184	280000	-2.2351742e-08	3.777848	-0.008707663	-0.9246445	0.37606212	0.009517427	0.07380738	79.0	617.8006610870361
28	99.22388	3.0115244	100.0	82.0	147.07463	37.67612	15.21459	58.920387	-5.4185305	290000	-2.483527e-09	7.141981	-0.009860884	-0.87176996	0.37357524	0.013982594	0.07540754	79.0	639.852245092392
29	99.67164	0.9524213	100.0	96.0	146.25374	37.47776	15.108254	59.135044	-0.39958164	300000	1.6142925e-08	7.9288406	-0.0076638223	-1.7076079	0.36791888	0.011965538	0.0850085	79.0	661.340576171875
30	99.05882	4.136929	100.0	76.0	144.44118	38.329117	14.369992	58.650295	2.9412847	310000	-3.0966476e-08	10.2872925	-0.0057709157	-2.2614753	0.36910558	0.01567963	0.08260826	25.0	682.8571827411652
31	97.492065	6.0785155	100.0	70.0	155.7619	35.60609	16.772036	58.767212	-7.43692	320000	-1.2417634e-08	31.64353	-0.0008491154	-5.506107	0.37035775	0.018597977	0.06330633	5.0	704.9268267154694
32	99.333336	3.1699066	100.0	80.0	143.0145	37.42682	13.573366	57.427143	-2.2209806	330000	0.0	9.575603	-0.0032263312	-3.6181824	0.3641076	0.015922649	0.06620663	7.0	726.5273516178131
33	98.22581	4.4880466	100.0	66.0	156.82259	35.398224	16.818903	59.236416	-1.5077608	340000	9.934108e-09	29.574211	-0.0015181986	-9.069615	0.3613418	0.019698245	0.083808385	2.0	747.751544713974
34	99.685715	1.2016994	100.0	94.0	140.18571	38.567127	12.275638	56.18756	6.305641	350000	-2.8560558e-08	8.406734	-0.005656296	-5.5018106	0.33837402	0.018819371	0.09690968	22.0	769.2356390953064
35	96.10526	8.219968	100.0	66.0	170.14035	34.019764	17.089756	58.873898	0.26211184	360000	-4.346172e-08	45.5419	-0.002493416	-13.265967	0.36862674	0.016211124	0.10131013	4.0	791.3200218677521
36	99.292305	2.1463606	100.0	88.0	150.32307	35.58366	13.399903	55.12766	-2.569573	370000	2.5456151e-08	23.840868	-0.009152179	-9.454414	0.3549873	0.010911406	0.07660767	79.0	815.2040190696716
37	99.710144	1.6070626	100.0	88.0	142.72464	38.338097	13.8333	57.84196	1.9599807	380000	2.4680048e-08	5.140866	-0.00730552	-0.96738577	0.34311008	0.009905245	0.07510751	79.0	837.4468674659729
38	98.98508	4.742606	100.0	62.0	145.74626	37.977146	14.893991	58.67296	-0.886941	390000	7.450581e-09	11.130559	-0.0059110657	-1.561581	0.33913636	0.015394551	0.09120912	13.0	858.7879235744476
39	99.411766	1.3745085	100.0	94.0	144.92647	37.770504	14.597817	58.334774	2.9234385	400000	1.7384687e-08	7.5060067	-0.0013870621	-1.1096634	0.33145657	0.01695159	0.06570657	5.0	878.5314598083496
40	99.76471	0.94117653	100.0	94.0	144.26471	38.301517	14.471809	59.02693	2.5554495	410000	-1.1874363e-08	4.46565	-0.0010556205	-0.26598564	0.3269368	0.015038129	0.05160516	3.0	898.6065719127655
41	92.19231	12.198736	100.0	30.0	188.51923	31.532722	17.871792	59.095177	-25.39913	420000	-3.7252903e-08	78.840546	-0.0008406286	-32.186	0.34909096	0.028242378	0.097909786	3.0	921.9150178432465
42	99.402985	1.2466037	100.0	94.0	146.70149	34.887558	11.295716	50.91607	-2.9141154	430000	-6.829699e-09	38.664043	0.001523356	-29.272964	0.31677392	0.015596149	0.04580458	2.0	943.4475975036621
43	99.261536	1.4704988	100.0	92.0	150.4	36.630665	14.81614	57.839073	-2.0968826	440000	2.4524828e-08	8.3132105	-0.0017775609	-1.1532961	0.3118602	0.015333585	0.07230723	8.0	964.9165062904358
44	99.333336	3.3477948	100.0	74.0	141.82608	38.556942	13.965636	58.176376	-2.8885975	450000	2.483527e-09	10.13117	-0.0019131675	-2.0183904	0.31015268	0.020397138	0.076807685	4.0	985.6096060276031
45	94.666664	6.928203	100.0	66.0	180.12962	31.65376	18.548162	58.32707	-4.647957	460000	3.7873786e-08	68.314705	-0.0013881326	-33.47748	0.33112577	0.017726863	0.06930693	3.0	1005.767336845398
46	99.343285	1.5215098	100.0	94.0	145.8806	35.937145	10.423968	51.06022	-5.615621	470000	-3.228585e-08	38.950382	-0.00839674	-27.414248	0.3052481	0.008350796	0.05720572	79.0	1028.471729516983
47	99.20588	3.164875	100.0	78.0	143.02942	38.641045	13.72799	57.64211	3.1471593	480000	-7.2953603e-09	11.509332	-0.00874802	-1.6323652	0.3061695	0.01450478	0.06790679	79.0	1051.6721377372742
48	98.46377	7.492179	100.0	54.0	141.47826	38.728416	14.148503	58.44873	-2.4441307	490000	3.4769375e-08	16.870209	-0.010019834	-2.7578986	0.30065605	0.009638287	0.061706167	79.0	1073.1260657310486
49	99.27536	2.4070191	100.0	84.0	142.50725	38.195095	14.882517	58.35254	-5.479959	500000	2.3593506e-08	7.756485	-0.0082965605	-1.7413158	0.2958896	0.006431667	0.061506152	79.0	1094.7895686626434
50	99.072464	3.8005295	100.0	74.0	142.76811	38.449196	14.457386	58.76399	-2.7182653	510000	1.2417635e-09	10.04503	-0.00662715	-0.7237544	0.30221435	0.0064999275	0.04810481	79.0	1118.3051795959473
51	99.50725	1.6117611	100.0	92.0	142.52174	38.437416	14.270534	58.57361	0.6656094	520000	2.576659e-08	6.2533016	-0.007711366	-0.389565	0.30405036	0.007285049	0.05370537	79.0	1140.943595647812
52	99.73913	0.95783836	100.0	96.0	141.14493	38.96994	14.01184	58.695766	-3.871312	530000	-1.3659398e-08	5.0703073	-0.0034842172	-0.35454026	0.31152537	0.01582549	0.053005297	6.0	1162.4483335018158
53	97.0	5.434458	100.0	72.0	159.9	35.65255	16.346994	59.06596	-32.45611	540000	-3.0423205e-08	37.151966	-0.0024805078	-10.964446	0.33505943	0.017782578	0.05770577	3.0	1183.4871871471405
54	99.617645	1.1508232	100.0	94.0	142.76471	37.53673	12.154253	56.158215	-4.4361153	550000	1.2417635e-09	15.138614	-0.0049304035	-8.099078	0.31783336	0.017205814	0.07050705	68.0	1205.0934071540833
55	98.89552	4.804023	100.0	62.0	144.26866	38.51138	14.284082	58.540985	-2.6752534	560000	0.0	12.554512	-0.008325053	-1.5359875	0.32074055	0.01012423	0.06520652	79.0	1225.1889245510101
56	99.13433	3.5276966	100.0	72.0	143.61194	38.08772	14.41881	58.727276	2.6535842	570000	-1.3659398e-08	8.403132	-0.0049867504	-0.502996	0.3157011	0.015535188	0.07280728	11.0	1246.0444734096527
57	99.47059	1.4396751	100.0	92.0	143.33824	38.514866	14.332867	58.579163	2.0956995	580000	2.7629236e-08	8.282332	-0.007500656	-0.7418073	0.31183282	0.008657642	0.07370737	79.0	1269.3574278354645
58	99.304344	3.227169	100.0	74.0	142.28986	38.805824	13.86181	58.610905	-0.74567056	590000	2.483527e-09	8.01672	-0.007934117	-1.5008259	0.31012717	0.015252355	0.069106914	38.0	1291.0961141586304
59	99.411766	2.197828	100.0	86.0	142.58824	38.554916	14.618423	58.975456	-4.5645165	600000	2.2351742e-08	6.856214	-0.0073288255	-0.47600698	0.31490207	0.0080456	0.06770677	79.0	1313.6960191726685
60	98.46377	7.1355	100.0	48.0	142.60869	38.473198	14.494972	58.833237	-8.309015	610000	-4.967054e-09	17.76658	-0.011447581	-2.411682	0.31618723	0.011141222	0.05330533	79.0	1337.2255401611328
61	98.347824	13.143385	100.0	-10.0	141.08696	38.415977	14.779675	59.01372	-14.79641	620000	0.0	46.279156	-0.013520829	-9.020938	0.31064498	0.0102348095	0.06420642	79.0	1358.7421984672546
62	99.76811	0.8705309	100.0	96.0	140.1884	38.618603	14.943676	59.046432	-29.60055	630000	6.0535967e-09	7.8297253	-0.008299761	-4.232428	0.30132204	0.015327137	0.080008	65.0	1379.8353645801544
63	99.17647	2.6398592	100.0	82.0	144.44118	38.120987	15.151197	59.421158	-20.418344	640000	-1.27280755e-08	8.66854	-0.00942168	-1.7977685	0.3159884	0.012272251	0.082208216	79.0	1402.6724829673767
64	99.85507	0.620317	100.0	96.0	140.65218	38.989338	14.009584	58.510883	1.2107124	650000	-1.14863115e-08	2.687519	-0.0067429394	1.7439486	0.30740276	0.010607255	0.08440844	79.0	1425.1697533130646
65	99.61194	0.86309445	100.0	96.0	147.13432	37.9311	15.340598	58.99054	1.8189697	660000	6.2088173e-10	5.9168296	-0.0054729823	-0.94381005	0.3147436	0.01588177	0.07560756	70.0	1447.821210861206
66	99.76811	0.8705309	100.0	96.0	140.49275	38.887135	14.064562	58.683052	-10.804288	670000	2.483527e-09	3.9551306	-0.005447133	-0.7152074	0.33294627	0.0107105	0.07580758	79.0	1468.9922633171082
67	99.19403	1.5085706	100.0	96.0	148.08955	37.59988	15.4350395	58.94297	-10.57081	680000	2.483527e-09	8.357498	-0.0075514135	-1.5186058	0.34511995	0.011703455	0.067306735	79.0	1491.8308327198029
68	98.90909	3.62118	100.0	72.0	147.48485	37.41213	14.652585	58.240368	-2.3052254	690000	-1.1175871e-08	12.970462	-0.009323209	-0.4586452	0.35603014	0.009717816	0.06880688	79.0	1515.0601761341095
69	99.36364	1.3555315	100.0	94.0	147.56061	37.27924	14.651148	58.272537	-3.6631627	700000	1.7384687e-08	13.583152	-0.0074737533	-1.0000199	0.35498276	0.0049590385	0.06130613	79.0	1535.7112147808075
70	99.49254	1.3086753	100.0	94.0	145.7612	37.873657	14.11029	58.182446	2.292692	710000	5.5879354e-09	9.789905	-0.0073444825	-0.6497509	0.34875464	0.0057173707	0.0640064	79.0	1559.1572971343994
71	99.71429	0.91249824	100.0	96.0	140.91429	38.992302	13.5574465	58.342396	5.2621684	720000	8.692344e-09	4.075033	-0.0069692372	-0.7275338	0.33995166	0.00783589	0.051405143	79.0	1581.7442378997803
72	99.333336	3.0008054	100.0	76.0	142.13043	38.880184	14.449014	58.918564	-8.917528	730000	-2.483527e-09	6.103073	-0.0031665962	-0.4150622	0.3276315	0.016197944	0.08140814	7.0	1602.5933558940887
73	99.44927	2.9661677	100.0	76.0	143.17392	38.491043	14.444036	58.438152	1.8290676	740000	-6.2088173e-10	9.432014	-0.00876077	-0.45231485	0.33101135	0.013329475	0.07730773	79.0	1625.285448551178
74	99.57143	3.1148095	100.0	74.0	141.17143	38.768917	14.1205225	58.50236	-5.0374603	750000	1.9868216e-08	11.70557	-0.0076264977	1.3972565	0.34595963	0.0067540784	0.061806183	79.0	1646.3840312957764
75	99.77143	0.8647283	100.0	96.0	140.5	39.24537	13.977434	58.263607	7.0438385	760000	-3.3527613e-08	4.8232803	-0.006335521	-2.215915	0.35123977	0.015106786	0.065506555	30.0	1667.3038229942322
76	98.09231	5.885374	100.0	68.0	151.66154	37.144825	15.700854	59.055695	-6.3973603	770000	-2.483527e-09	27.267176	-0.003667508	-3.2271798	0.36324683	0.0154673485	0.0940094	5.0	1689.4970853328705
77	98.21875	5.001465	100.0	62.0	154.34375	35.831318	14.827276	57.474373	-7.687049	780000	-1.8626451e-08	26.02481	-0.009976371	-1.9508196	0.3678101	0.015516845	0.087408744	77.0	1712.4057071208954
78	99.82609	0.65842414	100.0	96.0	143.21739	37.980686	13.065235	56.98739	4.2839375	790000	1.6142925e-08	8.769895	-0.007074593	-2.5827572	0.36351338	0.0066685826	0.08080808	79.0	1735.0665259361267
79	98.86567	4.852744	100.0	66.0	145.26866	38.198055	14.455826	58.7	-1.8260151	800000	0.0	15.887703	-0.007855907	-0.88648766	0.36189476	0.010228912	0.07260726	79.0	1757.4260778427124
80	98.80597	5.1492324	100.0	68.0	145.79105	37.708008	14.432346	57.935436	1.0341221	810000	6.208817e-09	13.750331	-0.008861157	-0.5494359	0.37116835	0.009035744	0.07930793	79.0	1780.4049587249756
81	99.17647	4.1760564	100.0	66.0	142.82353	38.312313	14.061922	57.78614	-3.60112	820000	1.4901161e-08	8.050766	-0.009044208	-1.0766722	0.384822	0.008209507	0.08220822	79.0	1803.1298372745514
82	99.830986	0.73131007	100.0	96.0	139.60564	39.03215	14.128416	58.339222	-10.939896	830000	1.9868216e-08	2.647235	-0.0068198163	-0.3802483	0.3715385	0.011982107	0.076107614	79.0	1824.5603947639465
83	98.44118	6.6584363	100.0	62.0	142.76471	38.768	14.653163	59.037075	-12.960591	840000	-9.934108e-09	18.357277	-0.009138573	-1.8240906	0.37707797	0.0124459425	0.08570858	79.0	1847.001418352127
84	99.478264	3.1696417	100.0	74.0	141.43478	38.265816	14.62112	58.459114	-9.96587	850000	1.2417634e-08	7.3322787	-0.009037034	-0.78811604	0.38616452	0.011506026	0.10621062	79.0	1870.03089594841
85	98.208954	7.6656575	100.0	50.0	146.97015	37.517853	15.449797	58.85272	-8.851603	860000	-1.7384687e-08	22.157738	-0.0037060145	-1.9150358	0.37216687	0.016158892	0.10171018	5.0	1890.5113668441772
86	98.58462	4.6106644	100.0	76.0	149.16924	36.713593	15.314284	58.367558	-12.661478	870000	-1.8626451e-08	20.899645	-0.010900598	-2.1520169	0.37626493	0.015927047	0.117611766	65.0	1912.0350079536438
87	99.82353	0.74638695	100.0	96.0	142.35294	38.496857	13.427352	57.79929	6.4366503	880000	-1.800557e-08	4.2271557	-0.0067920364	-1.380436	0.40071702	0.01631804	0.07980799	38.0	1933.7765843868256
88	99.52941	1.2422773	100.0	94.0	144.26471	38.25354	14.834513	58.464333	-5.935201	890000	-2.8250119e-08	6.426929	-0.0008025008	-0.55828047	0.39461672	0.022865297	0.07680768	5.0	1954.3710660934448
89	99.08572	7.5946274	100.0	36.0	141.91429	38.562584	14.132862	58.43231	-0.11456482	900000	3.228585e-08	19.016886	-0.0030097489	-2.4090095	0.37612823	0.019568386	0.08330833	6.0	1975.7940790653229
90	99.97143	0.2373321	100.0	98.0	140.08571	39.09548	14.293025	59.046215	-8.015893	910000	2.20413e-08	4.4688463	-0.003202714	-1.3411565	0.3786401	0.01614988	0.07450745	12.0	1996.7455761432648
91	98.411766	11.101451	100.0	8.0	142.60294	38.832806	14.702658	59.089367	-37.690025	920000	1.2417634e-08	35.21099	-0.0056447685	-7.48657	0.37460387	0.01570396	0.10021002	10.0	2016.4179623126984
92	99.42029	3.1960382	100.0	74.0	142.30435	38.101288	15.235266	58.281643	-22.560097	930000	-2.2351742e-08	18.0972	-0.008765885	-4.7411366	0.36608294	0.011156987	0.09480948	79.0	2038.0359733104706
93	99.391304	2.772627	100.0	78.0	141.84058	38.800964	14.126183	58.63489	4.1885977	940000	2.483527e-09	8.271979	-0.0064017787	-0.9788017	0.36464128	0.015424331	0.09430943	38.0	2060.357818841934
94	99.652176	1.0744205	100.0	96.0	141.05797	38.869816	14.215234	58.89862	-4.287069	950000	-2.4835268e-08	3.6814435	-0.007598985	-0.34602785	0.36468813	0.010685395	0.059305932	79.0	2083.857547521591
95	99.20588	5.326291	100.0	56.0	142.17647	38.6966	14.688986	58.9899	-21.824432	960000	2.9802322e-08	11.236903	-0.0044046617	-2.7232244	0.36483586	0.020186143	0.09160916	8.0	2102.1011254787445
96	99.391304	2.3665383	100.0	82.0	142.02899	38.501617	14.819343	58.891586	-2.0138927	970000	1.2417634e-08	7.0886874	-0.0031019698	-1.2867265	0.36269963	0.016080568	0.09930993	7.0	2123.5023562908173
97	99.91549	0.523974	100.0	96.0	139.11267	39.35793	13.876308	58.875706	6.5322933	980000	-1.0554989e-08	2.1675103	-0.004423763	-0.34674487	0.35518047	0.01596039	0.07010701	40.0	2145.34254860878
98	99.828575	0.8778451	100.0	94.0	139.9	39.512363	14.153153	59.686043	2.849906	990000	3.7252903e-09	3.047182	-0.005047605	-0.52802867	0.355204	0.015702633	0.09220922	22.0	2166.6774594783783
99	99.82609	0.74125856	100.0	96.0	140.59421	39.16691	14.310278	59.669037	2.206838	1000000	1.2417635e-09	2.3831131	-0.005091899	-0.19844325	0.35219392	0.015323493	0.07550755	76.0	2189.226592063904
100	99.67647	1.2180164	100.0	92.0	142.85294	38.686935	14.746806	59.678543	-0.1340123	1010000	-2.2351742e-08	8.83295	-0.005406346	-0.82163197	0.34513617	0.016161337	0.107310735	17.0	2210.4556498527527
101	99.91304	0.40786222	100.0	98.0	139.43478	39.325436	13.647333	58.428246	7.0583873	1020000	-4.5013926e-09	2.607508	-0.0058567687	-0.55947965	0.3422943	0.009435433	0.08240824	79.0	2232.783998966217
102	99.685715	2.1550133	100.0	82.0	141.47144	39.119186	14.460473	59.56043	-0.21927266	1030000	-1.9868216e-08	4.6889744	-0.006006138	-0.29259154	0.33999455	0.015013668	0.08210821	33.0	2252.7862820625305
103	99.652176	0.9604662	100.0	96.0	143.57971	38.593407	14.641134	59.64466	1.371288	1040000	8.692344e-09	7.0427747	-0.007385639	-0.60139114	0.33868635	0.008815219	0.08720872	79.0	2275.869587659836
104	99.42029	2.182976	100.0	88.0	143.21739	38.55414	14.267539	59.4119	1.9546833	1050000	-3.7252903e-09	11.615611	-0.004235747	-0.8223615	0.34343836	0.015198454	0.11151115	9.0	2297.292093515396
105	99.91428	0.40506992	100.0	98.0	139.7	39.283607	13.5688095	58.7276	8.64662	1060000	2.5456151e-08	2.816316	-0.0057359575	-1.1034898	0.34398913	0.015500429	0.06720672	35.0	2319.147789478302
106	99.73913	0.89527225	100.0	96.0	140.86957	39.234554	14.328682	59.305275	6.412212	1070000	1.9868216e-08	2.719663	-0.0040668016	-0.18569835	0.34138343	0.008484454	0.06840684	79.0	2340.5901095867157
107	99.8	0.76718414	100.0	96.0	140.07143	39.33741	14.165094	59.112984	5.097836	1080000	-1.5522042e-08	2.0999765	-0.0027996898	-0.28032258	0.3414795	0.015419476	0.06330633	10.0	2360.3128111362457
108	99.91549	0.523974	100.0	96.0	139.7183	39.431877	14.232957	59.270645	4.1608143	1090000	-7.450581e-09	2.4365199	-0.006341312	-0.15636778	0.32214078	0.015156679	0.07130713	49.0	2383.277731895447
109	99.76811	0.8705309	100.0	96.0	140.82608	39.193752	14.320674	59.80911	3.505964	1100000	2.1109978e-08	2.9022257	-0.006392794	-0.3012323	0.3196492	0.009698427	0.083808385	79.0	2406.61284327507
110	99.73529	0.8334487	100.0	96.0	140.98529	38.823666	14.590418	59.208378	1.4520837	1110000	2.483527e-09	6.196402	-0.0062263063	-0.38980404	0.31923288	0.007394194	0.07180718	79.0	2429.3183002471924
111	99.73913	0.95783836	100.0	96.0	140.44928	39.176178	14.007426	58.89784	7.921644	1120000	3.7252903e-09	2.4728725	-0.0060970397	-0.38539782	0.30960193	0.013067259	0.069206916	79.0	2449.2343995571136
112	99.77143	1.2892017	100.0	90.0	139.91429	39.43363	14.181089	59.33003	5.414742	1130000	2.7784457e-08	3.19662	-0.0040447917	-0.2863584	0.29787925	0.016822638	0.072507255	10.0	2469.7413897514343
113	99.411766	1.1910857	100.0	96.0	143.57353	38.56911	14.763748	59.614525	5.66452	1140000	-1.7384687e-08	6.315483	-0.0024252264	-1.15749	0.31951627	0.016525915	0.098809876	11.0	2491.33624958992
114	99.85507	0.8559317	100.0	94.0	140.2029	39.027187	13.8743925	59.382328	3.70383	1150000	-8.692344e-09	4.59001	-0.0012585142	-0.7006707	0.3005173	0.015170162	0.08240824	3.0	2512.357172012329
115	98.985504	4.421596	100.0	74.0	141.40579	39.17849	14.098106	59.50547	1.7838203	1160000	9.934108e-09	10.081722	-0.008549842	-1.6977459	0.28793713	0.015278761	0.059305925	21.0	2532.44810795784
116	99.97183	0.23567888	100.0	98.0	138.95775	39.16145	14.0571575	59.257343	-2.7105255	1170000	9.604264e-09	1.6106915	-0.0036957108	-0.34819797	0.26969007	0.015583354	0.06010601	18.0	2553.12867975235
117	99.88571	0.5742786	100.0	96.0	139.32857	39.486618	14.231405	59.80532	4.366954	1180000	-1.2417635e-09	2.7146018	-0.003747155	-0.38099742	0.2721018	0.01528281	0.08010801	15.0	2574.992741584778
118	99.652176	1.0744205	100.0	96.0	141.84058	39.197754	14.28077	59.586723	5.311155	1190000	2.0799538e-08	4.6356144	-0.005397565	-0.86175895	0.29017743	0.0049603446	0.055405542	79.0	2598.0562448501587
119	99.62319	0.9795215	100.0	96.0	142.07246	38.802948	14.173804	58.784473	7.623145	1200000	-1.2262414e-08	4.3893332	-0.005493922	-0.1700507	0.3024471	0.0064545437	0.05010501	79.0	2621.376840353012
120	99.82609	0.7412586	100.0	96.0	140.44928	39.17348	13.757208	59.361645	7.3925505	1210000	-6.2088173e-10	3.073595	-0.0067557977	-0.42379057	0.28822094	0.01538941	0.06890689	77.0	2641.708265066147
121	99.21739	2.7073147	100.0	84.0	143.04347	38.822002	14.438453	59.759552	-1.9152851	1220000	2.1109978e-08	5.88104	-0.008723733	-0.6242946	0.30199286	0.015355125	0.08190819	43.0	2664.4343111515045
122	99.246376	2.361563	100.0	86.0	142.95653	38.463665	14.511936	59.15413	2.2226956	1230000	-9.934108e-09	5.4093556	-0.0067472383	-0.32090712	0.32867235	0.00820627	0.059305932	79.0	2687.255613565445
123	99.82609	0.65842414	100.0	96.0	140.50725	38.923897	14.017593	58.80145	3.364832	1240000	5.5879354e-09	2.6359713	-0.0036183696	-0.34936705	0.32510322	0.017510151	0.08170817	58.0	2709.4987320899963
124	99.685715	1.0493925	100.0	96.0	141.3	39.094124	14.06781	58.98003	6.0326304	1250000	-1.4280279e-08	3.535611	-0.00353201	-0.30265722	0.32644415	0.015138616	0.06530654	31.0	2731.3899381160736
125	99.66197	1.956885	100.0	84.0	139.11267	39.60899	13.892584	59.851837	1.1666414	1260000	1.4901161e-08	3.2660944	-0.0030543592	-0.7012992	0.31464133	0.015194316	0.0880088	10.0	2751.8498232364655
126	99.91549	0.52397406	100.0	96.0	138.78873	39.57951	14.14711	59.978912	4.653513	1270000	2.1109978e-08	1.3431249	-0.001878831	-0.08011005	0.3229247	0.015668495	0.06360636	10.0	2771.0040352344513
127	99.55224	1.2372764	100.0	96.0	144.73134	38.217125	15.202651	59.706936	-3.6626754	1280000	2.9802322e-08	10.164415	-0.0016499547	-1.5423784	0.32911363	0.034335613	0.04340434	2.0	2792.5158479213715
128	99.50725	3.3777757	100.0	72.0	141.8116	38.7599	13.84788	58.50544	-0.58038944	1290000	-1.0322158e-08	10.059184	0.00010780812	-0.66029483	0.31543615	0.01588029	0.06360636	2.0	2814.2620820999146
129	99.797104	0.84407073	100.0	96.0	139.69565	39.12954	13.821549	59.386852	7.372756	1300000	2.173086e-09	2.541208	-0.004588106	-0.44625533	0.31600773	0.015539185	0.07640764	66.0	2836.510308265686
130	99.85915	0.69800067	100.0	96.0	139.85916	39.48739	14.16239	60.360794	6.127134	1310000	1.8626451e-09	3.9890707	-0.005043235	-0.36081842	0.31739688	0.01667509	0.07470747	51.0	2858.7654223442078
131	99.8	0.8383658	100.0	96.0	139.84285	39.12434	14.368756	60.519306	3.50393	1320000	-3.1044085e-08	10.845899	-0.0063287145	-0.4199094	0.31171796	0.008402861	0.07980798	79.0	2882.2890844345093
132	99.82609	0.8157245	100.0	96.0	139.97101	39.116116	14.057705	59.419804	4.271528	1330000	5.5879354e-09	2.5734365	-0.004459093	-0.3167955	0.30714443	0.015056788	0.0660066	36.0	2903.8493134975433
133	98.21875	3.1842813	100.0	78.0	152.85938	36.966656	15.814027	59.904533	0.35377342	1340000	2.20413e-08	16.05332	-0.0013193581	-3.5131848	0.3197374	0.0154585885	0.03770377	2.0	2922.8445847034454
134	99.94444	0.3286711	100.0	98.0	138.25	39.26244	12.525672	56.52168	4.512856	1350000	-2.0178655e-08	4.6409526	-0.0016336123	-3.5034552	0.31080052	0.017391449	0.096009605	12.0	2945.3921942710876
135	98.09524	2.3483481	100.0	92.0	154.5238	36.31343	16.406034	59.619522	-9.205005	1360000	-3.7252903e-09	16.501781	-0.00045027863	-4.7981305	0.33302197	0.020756753	0.029202918	1.0	2967.5533039569855
136	99.82609	0.81572455	100.0	96.0	139.97101	39.017395	12.61967	56.009773	4.436889	1370000	2.2662183e-08	6.464396	-0.00514419	-4.0400014	0.32281765	0.018589772	0.086708665	44.0	2988.517969608307
137	87.48387	23.056553	100.0	-10.0	156.16129	35.874275	17.116728	59.484467	-29.437366	1380000	-2.483527e-09	212.02278	-0.010507355	-79.912315	0.3219905	0.01638063	0.07460746	9.0	3009.7571210861206
138	99.73913	0.89527225	100.0	96.0	141.7971	33.058395	16.168953	54.313972	-24.129953	1390000	-4.1133415e-08	47.67423	-0.008735738	-42.249775	0.31123915	0.015323886	0.087408744	65.0	3031.9438755512238
139	98.32258	3.1763957	100.0	84.0	156.56451	35.63575	16.8722	58.90966	-29.17828	1400000	-3.1044085e-09	27.012346	-0.004184794	-8.54472	0.33209983	0.015575365	0.10171017	14.0	3051.6828894615173
140	99.36232	2.0285714	100.0	86.0	142.37682	37.79998	13.40654	57.32729	1.7072871	1410000	-1.5522043e-09	7.154265	-0.008709777	-2.6207325	0.3179461	0.0092560025	0.074607454	79.0	3072.8542182445526
141	99.20588	3.5503056	100.0	72.0	144.83824	38.11659	14.930116	59.176197	-13.587455	1420000	-1.2417634e-08	8.188687	-0.0054498897	-0.4211208	0.31049147	0.015342894	0.08630863	15.0	3093.214444875717
142	99.94203	0.4780413	100.0	96.0	139.26086	38.96232	14.166019	58.869476	3.0611522	1430000	-1.4280279e-08	2.704778	-0.0047471	-0.40726295	0.30268112	0.01792537	0.074307434	23.0	3112.469448328018
143	99.23077	1.9116584	100.0	88.0	150.6	37.16525	15.893522	59.703026	-15.156865	1440000	-8.692344e-09	10.927062	-0.009389385	-2.164551	0.31112647	0.014142707	0.06440643	79.0	3135.9964520931244
144	98.63636	9.767968	100.0	20.0	146.30302	37.408684	14.836926	58.706493	-29.965221	1450000	-1.2417635e-09	21.902788	-0.008258988	-9.365317	0.3131928	0.010765195	0.08490849	79.0	3160.0724074840546
145	99.91304	0.53131306	100.0	96.0	140.68115	38.69506	14.240451	59.034077	-16.581606	1460000	-3.5972334e-08	4.1762676	-0.006781341	-1.226427	0.30064943	0.012803915	0.08080808	79.0	3182.381462097168
146	99.82609	0.7412587	100.0	96.0	141.04347	39.063587	14.343446	59.54576	-2.2149997	1470000	-2.173086e-09	2.8087413	-0.006807755	-0.039619446	0.30846944	0.010552797	0.07050705	79.0	3203.8587579727173
147	99.588234	2.1844053	100.0	84.0	142.94118	38.621624	14.865221	58.994015	-16.637568	1480000	-3.1044085e-08	9.013306	-0.008215942	-1.9421992	0.30715886	0.007287724	0.07130713	79.0	3224.356887102127
148	99.07462	4.1368866	100.0	68.0	147.02985	37.67127	14.914968	59.204094	-20.30938	1490000	-1.7384687e-08	17.305326	-0.006345319	-2.5151422	0.3073154	0.015347537	0.07540754	12.0	3247.2554636001587
149	99.85507	0.7076264	100.0	96.0	142.57971	38.365612	13.942097	58.84188	-7.2641716	1500000	-1.9557774e-08	4.919702	-0.005748255	-0.64032215	0.30266795	0.010788166	0.06380638	79.0	3268.228742837906
