Epoch	AverageEpRet	StdEpRet	MaxEpRet	MinEpRet	EpLen	AverageVVals	StdVVals	MaxVVals	MinVVals	TotalEnvInteracts	LossPi	LossV	DeltaLossPi	DeltaLossV	Entropy	KL	ClipFrac	StopIter	Time
0	50.55	35.72927	91.0	-13.333333	575.1875	5.3483367	9.5661	34.225525	-53.121216	10000	-5.122274e-09	81.42334	-0.010688315	-16.875463	0.47344503	0.016226357	0.08520851	7.0	28.268895626068115
1	46.98889	41.834396	92.8	-20.0	572.86664	6.6604033	9.149472	33.402042	-51.446632	20000	-1.9868216e-08	97.313515	-0.008844811	-21.539457	0.47232795	0.015881788	0.07530753	8.0	49.91218662261963
2	33.84706	50.437862	96.4	-86.666664	529.41174	5.4430246	10.319883	33.029526	-55.118767	30000	3.7252903e-08	126.09631	-0.011006759	-36.179432	0.4822236	0.015681272	0.084708475	11.0	75.4033670425415
3	51.343754	35.265644	90.1	-26.666666	559.25	5.3160377	10.485997	39.482063	-48.81591	40000	1.2417634e-08	79.84304	-0.011669849	-24.00171	0.48186168	0.015573147	0.08970898	13.0	97.35426712036133
4	45.884445	39.031178	91.9	-26.666666	590.3333	6.5924687	9.737732	32.724945	-51.748985	50000	-1.2417635e-09	89.21641	-0.0100024035	-21.587137	0.48316416	0.0154398605	0.084908485	13.0	120.38978171348572
5	43.620834	41.203274	91.9	-40.0	559.625	5.5700655	9.787368	32.49851	-58.92492	60000	0.0	125.567924	-0.008435659	-38.04511	0.48690262	0.016285917	0.0760076	9.0	143.34776091575623
6	37.454166	39.390095	94.6	-26.666666	571.8125	5.709457	10.197193	31.964436	-57.865833	70000	-1.6142925e-08	111.16858	-0.010510072	-31.884552	0.4827241	0.015352596	0.08640864	11.0	165.7711741924286
7	49.920002	39.23054	88.0	-26.666666	587.0	5.030007	8.713652	33.43817	-42.70388	80000	4.967054e-09	94.706825	-0.009281507	-36.41522	0.46169138	0.015586401	0.07740774	10.0	188.750173330307
8	52.853336	39.60312	91.9	-46.666668	579.3333	6.182568	9.303002	35.983673	-52.2803	90000	6.208817e-09	72.48388	-0.009124785	-19.618088	0.4698632	0.015659543	0.084808476	9.0	211.52836990356445
9	47.49778	40.502346	92.8	-53.333332	604.86664	7.5970316	7.66303	33.11577	-54.529537	100000	1.2417635e-09	106.56739	-0.008316625	-35.816177	0.4690996	0.015407003	0.06970697	8.0	234.70206761360168
10	38.913334	44.332714	91.0	-60.0	564.93335	6.3447824	8.8512745	35.01255	-35.73358	110000	0.0	90.75092	-0.012496698	-25.59729	0.45596755	0.01518121	0.09340934	15.0	258.6666421890259
11	44.375553	37.438015	90.1	-26.666666	605.4667	5.2291822	8.4447365	35.511555	-34.768696	120000	-1.9868216e-08	82.851074	-0.01021782	-18.432388	0.4646349	0.015661301	0.093309335	12.0	282.87812328338623
12	41.72667	42.397255	99.1	-33.333332	612.4	6.013103	8.877956	32.893166	-48.473488	130000	-1.7074248e-08	88.71386	-0.00760351	-15.2998	0.4571165	0.016093975	0.09450945	9.0	307.17402029037476
13	43.62	38.095993	91.9	-26.666666	645.4667	5.603977	9.877506	34.22509	-45.888416	140000	-9.313226e-09	85.063995	-0.008409194	-19.395548	0.475251	0.01576695	0.06940695	8.0	331.9758198261261
14	53.97556	42.384007	97.0	-26.666666	546.73334	5.7878757	10.081303	33.231293	-41.22958	150000	1.2417634e-08	83.08682	-0.011393137	-23.538488	0.46076608	0.015538515	0.09490949	14.0	353.9791028499603
15	40.570835	44.383583	86.5	-53.333332	561.1875	6.81233	10.270864	33.53239	-51.62604	160000	7.450581e-09	109.781746	-0.009550394	-38.313145	0.484171	0.016120208	0.095009506	11.0	380.0317316055298
16	44.257774	35.287956	88.0	-13.333333	578.06665	5.42288	9.456722	32.516975	-43.05206	170000	-1.7539909e-08	90.55097	-0.0089009665	-22.351446	0.46731487	0.015573826	0.07540754	10.0	403.97460770606995
17	45.668888	31.837381	77.5	-20.0	632.4667	6.2605987	8.988837	32.0189	-46.790264	180000	-9.934108e-09	70.24119	-0.009829101	-22.048323	0.46934247	0.015013448	0.084808476	11.0	429.9864294528961
18	46.99111	39.293083	97.3	-46.666668	620.26666	5.629041	8.649368	30.341644	-48.881264	190000	4.967054e-09	78.298874	-0.013911092	-22.132973	0.4541591	0.01513877	0.095109515	21.0	453.64961981773376
19	45.213333	42.645336	94.6	-33.333332	610.6	5.8997602	8.633914	34.16204	-51.217285	200000	2.483527e-09	73.15801	-0.008403992	-17.980276	0.47098088	0.015130865	0.072507255	8.0	477.82920026779175
20	47.247917	41.663708	94.0	-40.0	578.625	4.8758945	9.342167	34.592926	-47.692898	210000	-2.483527e-09	79.08912	-0.007175784	-24.28494	0.47498778	0.015265282	0.07360736	7.0	502.3342776298523
21	47.702084	37.35717	94.6	-26.666666	571.125	5.5147433	9.954532	30.98388	-48.595432	220000	-2.6077032e-08	89.85441	-0.008419733	-35.86151	0.49428794	0.015422682	0.081908196	9.0	525.685537815094
22	52.29375	32.525173	100.0	-13.333333	566.25	6.207271	10.11504	34.681564	-63.74078	230000	-2.6697913e-08	94.769325	-0.008094758	-20.341787	0.4710729	0.015178877	0.07720772	8.0	550.8791463375092
23	47.764584	36.634705	88.3	-46.666668	589.4375	5.891402	10.245032	34.79557	-60.079777	240000	2.483527e-09	82.687904	-0.009875715	-19.616259	0.47547865	0.0156981	0.08820882	12.0	575.2343790531158
24	37.717777	36.049103	88.3	-26.666666	602.13336	6.150698	8.844378	29.764387	-49.14671	250000	-2.1032369e-08	105.38025	-0.00825595	-30.892393	0.47436777	0.0150045855	0.07240724	7.0	598.7842268943787
25	46.97111	40.55594	91.9	-33.333332	585.93335	5.9385614	8.446617	32.92368	-48.09827	260000	-6.208817e-09	82.39056	-0.0084261745	-26.164694	0.47812977	0.015464845	0.090309024	9.0	623.8387904167175
26	41.889584	41.76083	94.0	-40.0	564.375	5.7635694	9.26998	32.71285	-42.01663	270000	1.7384687e-08	106.95191	-0.009908142	-38.61447	0.4849278	0.016025903	0.0850085	10.0	647.0045239925385
27	43.69111	43.096004	91.0	-46.666668	576.4667	5.4819317	10.209237	31.805609	-65.06425	280000	9.934108e-09	108.2579	-0.007840578	-24.66916	0.46965882	0.015121906	0.08410841	11.0	669.6402833461761
28	47.55625	36.37261	90.1	-26.666666	587.875	5.1204014	9.697703	31.657804	-47.04535	290000	4.967054e-09	76.8738	-0.012079363	-18.743542	0.46684703	0.015080241	0.094209425	15.0	693.444326877594
29	37.30625	43.506874	94.0	-46.666668	564.8125	6.307235	8.767958	30.897863	-44.12161	300000	-4.967054e-09	102.70631	-0.009810095	-21.608145	0.48259178	0.015200715	0.076207615	11.0	716.9754621982574
30	55.31875	24.563267	88.0	-20.0	573.5	5.8079047	8.58163	28.330877	-40.120106	310000	-1.6530976e-08	89.605644	-0.008538338	-39.998802	0.47478506	0.015060488	0.07490749	9.0	739.9171211719513
31	53.428894	37.495495	94.6	-20.0	562.0	7.391254	7.472325	28.340944	-40.74263	320000	3.7252903e-09	104.68865	-0.011580589	-42.729397	0.46405795	0.015266593	0.10361036	16.0	762.8976926803589
32	52.60889	30.302294	88.0	-20.0	577.6	6.910975	8.55269	31.510633	-35.75504	330000	4.967054e-09	77.654045	-0.010038988	-21.500673	0.46980086	0.0158745	0.07280728	12.0	785.6021459102631
33	42.655556	30.30977	81.1	-33.333332	621.6	7.3444467	7.6356745	30.058811	-49.367313	340000	1.2417634e-08	73.05542	-0.010050832	-17.368813	0.46415177	0.015226456	0.092709266	13.0	809.1292941570282
34	48.173332	36.16019	88.3	-20.0	604.6	5.758873	7.437529	27.401703	-42.120895	350000	2.483527e-09	66.05209	-0.011394866	-15.490821	0.4563047	0.01597058	0.08950895	15.0	833.5358655452728
35	36.864445	31.690561	77.5	-33.333332	623.13336	6.5274024	8.373227	28.615753	-35.9145	360000	-7.450581e-09	80.26186	-0.0104867695	-23.603415	0.46030533	0.015742654	0.08080808	11.0	860.2308297157288
36	54.124447	35.313477	92.8	-26.666666	593.86664	5.4026566	8.38998	27.526514	-48.351654	370000	1.1175871e-08	97.363525	-0.009007373	-24.50577	0.45314646	0.015940985	0.07380738	11.0	882.2909276485443
37	53.673332	36.781174	89.2	-13.333333	568.2	6.8509126	9.355754	34.93775	-50.744305	380000	-2.673672e-08	67.288216	-0.014018845	-15.23216	0.449477	0.01503909	0.10501051	30.0	905.9312958717346
38	54.65778	36.28165	94.0	-13.333333	580.2	6.9370275	10.281558	32.310646	-49.432243	390000	-1.0554989e-08	62.208893	-0.010230827	-12.135754	0.45818827	0.015586215	0.09200921	12.0	928.7693858146667
39	54.339584	38.249	94.0	-26.666666	565.6875	7.2379103	8.882488	33.934658	-48.91795	400000	1.2417634e-08	70.045296	-0.013463095	-19.313892	0.47056326	0.015013174	0.08780878	17.0	952.5550062656403
40	54.731113	41.295845	100.0	-33.333332	567.0	7.2574477	9.598107	33.51191	-59.967316	410000	8.071463e-09	106.61811	-0.011020072	-23.06105	0.46453866	0.015601754	0.084708475	13.0	977.7213184833527
41	55.262222	34.367786	88.3	-13.333333	576.93335	6.6673174	9.735525	31.002018	-55.15234	420000	-6.2088173e-10	74.0908	-0.008859036	-21.192545	0.46581897	0.015501293	0.0740074	12.0	998.8847398757935
42	51.940002	40.253098	97.0	-40.0	605.6667	7.581568	9.992086	33.50384	-57.18081	430000	-6.208817e-09	71.289764	-0.010396514	-22.35438	0.480978	0.015184089	0.08580858	13.0	1023.4222679138184
43	43.144447	38.731487	82.0	-26.666666	582.4	7.521386	8.516024	30.00088	-43.84377	440000	-1.7384687e-08	96.28811	-0.010965057	-23.736155	0.47220066	0.015057364	0.090609066	14.0	1046.162849664688
44	45.711113	39.186882	100.0	-26.666666	599.73334	6.874367	8.794704	28.879227	-52.52498	450000	0.0	113.1276	-0.011385508	-29.298697	0.49303958	0.015934765	0.09230924	12.0	1069.3524158000946
45	48.49111	35.6119	91.0	-26.666666	603.0	6.267336	7.1375327	32.157505	-40.145134	460000	2.9802322e-08	94.34775	-0.009134659	-33.587162	0.47805992	0.015886286	0.08340833	11.0	1095.2576117515564
46	37.48	38.554703	89.2	-33.333332	594.6	6.0917125	10.827724	34.41641	-64.993225	470000	-1.2417635e-09	99.943275	-0.011444089	-27.873625	0.47671017	0.015111734	0.09130913	14.0	1117.2028810977936
47	45.420834	30.950014	83.8	-13.333333	577.6875	5.2763457	9.68108	31.17456	-46.362473	480000	1.2417634e-08	104.9087	-0.008508456	-32.170574	0.47286963	0.01575768	0.07560756	9.0	1140.5749459266663
48	57.074505	32.84801	91.9	-40.0	556.64703	5.474518	9.937004	28.613949	-64.80768	490000	-6.829699e-09	76.28261	-0.0112132905	-25.187567	0.48068762	0.015345425	0.10141014	16.0	1164.9101531505585
49	47.615555	38.163746	85.0	-26.666666	576.0	7.8157663	8.871771	32.145927	-57.742767	500000	-8.692344e-09	69.73462	-0.019265741	-22.991838	0.48701406	0.015181408	0.11891189	50.0	1187.8099601268768
50	46.313725	36.903008	88.3	-40.0	544.94116	5.5547013	10.263247	28.87238	-51.344975	510000	9.313226e-10	78.45324	-0.010464444	-28.211267	0.487058	0.01659433	0.07830783	9.0	1212.3333613872528
51	49.30889	38.21876	90.1	-26.666666	596.5333	5.954021	10.593327	31.042732	-51.42548	520000	-1.0554989e-08	70.25217	-0.008385411	-19.675917	0.47863626	0.0171637	0.076007605	8.0	1235.574610710144
52	57.16458	31.413406	92.8	-13.333333	567.4375	7.0690804	8.713417	30.315254	-47.124313	530000	-4.967054e-09	73.004425	-0.01314385	-14.808688	0.47347865	0.0153441215	0.107510746	22.0	1256.8852744102478
53	52.308887	37.724613	97.0	-20.0	569.6	6.936793	9.067241	32.28347	-43.22698	540000	0.0	77.68712	-0.010853159	-16.450647	0.4626284	0.015543659	0.088208824	14.0	1280.6362345218658
54	53.222916	37.99885	91.0	-26.666666	562.0625	6.954978	9.700602	30.260775	-44.706978	550000	6.829699e-09	74.94077	-0.01065397	-14.359813	0.4780475	0.015693186	0.085508555	10.0	1302.7262079715729
55	45.915554	37.38709	91.0	-33.333332	592.13336	7.4818234	8.891969	34.296337	-48.879894	560000	-2.483527e-09	88.8577	-0.009330976	-23.089096	0.47763944	0.015149049	0.08230823	13.0	1325.33065867424
56	47.373333	42.44068	96.4	-40.0	596.6	6.2205915	8.463916	28.339235	-54.042366	570000	-4.967054e-09	58.38257	-0.010540686	-16.150494	0.46627116	0.015155755	0.087508745	13.0	1350.412846326828
57	46.05	41.686157	85.0	-46.666668	573.375	6.678659	9.254248	30.319891	-43.16869	580000	9.934108e-09	90.317055	-0.0062259887	-15.591905	0.48335496	0.016446656	0.05690569	5.0	1373.8328387737274
58	49.408333	35.631744	82.9	-26.666666	570.75	6.4260488	8.082918	28.90697	-43.38689	590000	-8.692344e-09	84.50717	-0.008523735	-26.753601	0.48788908	0.016173836	0.08140814	10.0	1397.5099394321442
59	44.822224	48.795258	85.6	-86.666664	517.05554	6.0903506	9.411788	26.438944	-55.915417	600000	-2.2351742e-08	140.6988	-0.008077594	-51.865635	0.4843874	0.015413766	0.07280728	7.0	1419.1097829341888
60	44.31765	52.550537	93.7	-86.666664	532.05884	6.932688	7.195014	27.994036	-35.829483	610000	-3.7252903e-09	99.37856	-0.011109681	-32.61069	0.4698503	0.01520136	0.098709874	12.0	1442.2076511383057
61	49.204445	32.324226	92.8	-20.0	593.4	7.4843044	8.247462	29.779202	-27.066376	620000	-1.5522043e-09	79.63038	-0.008721735	-19.975563	0.4930394	0.015652245	0.07550755	9.0	1464.371419429779
62	49.968887	38.644382	94.6	-26.666666	597.13336	6.2544894	7.378856	27.496956	-43.73627	630000	-2.4524828e-08	81.58798	-0.008401747	-23.956161	0.4789219	0.015252784	0.06730673	7.0	1487.5786352157593
63	47.520836	41.58511	95.5	-33.333332	572.0	6.0042295	8.717475	31.278519	-60.573265	640000	1.2417634e-08	76.73488	-0.010078348	-16.070105	0.46254683	0.015316639	0.089008905	11.0	1512.0872430801392
64	49.219604	36.909664	91.9	-20.0	552.0	5.97905	9.668084	36.08328	-53.586334	650000	-1.4901161e-08	102.780174	-0.01016428	-32.944237	0.4853003	0.015370753	0.10121012	9.0	1534.2915725708008
65	63.833332	27.396494	91.9	-33.333332	548.58826	6.4180307	9.29509	30.903673	-60.574974	660000	-3.1044085e-08	75.55166	-0.010063847	-33.265865	0.47201648	0.016156904	0.07920793	11.0	1557.609748840332
66	46.16875	34.25045	87.4	-20.0	555.75	8.577961	7.783053	31.22031	-34.014606	670000	6.208817e-09	84.6427	-0.016459687	-35.897713	0.4713036	0.015463266	0.10951095	22.0	1581.9433932304382
67	45.719997	34.40156	94.0	-26.666666	553.13336	6.2459054	8.498071	30.745636	-45.852043	680000	1.1175871e-08	83.24276	-0.010711278	-29.21237	0.4766215	0.015928755	0.08720872	12.0	1604.9113669395447
68	52.698036	38.1915	90.1	-40.0	558.4706	5.070212	8.380941	28.56921	-32.81709	690000	-1.4901161e-08	102.83944	-0.014626365	-46.19281	0.48067078	0.01522927	0.09750975	17.0	1628.7177245616913
69	36.075	35.491962	83.8	-26.666666	576.0	6.587493	10.594996	30.96732	-56.285732	700000	2.483527e-09	102.06698	-0.0093150055	-36.62248	0.48477992	0.015346591	0.06890689	9.0	1651.356815814972
70	48.40889	37.93096	89.2	-20.0	557.2	4.8866053	9.082306	28.287886	-43.476395	710000	2.7318796e-08	87.55707	-0.012085778	-27.751196	0.46531442	0.0152592845	0.094209425	16.0	1674.9770200252533
71	42.03125	39.33629	86.5	-33.333332	564.0625	6.4293528	9.348969	31.574564	-51.90713	720000	5.8983765e-09	104.567314	-0.00973029	-33.95836	0.48862052	0.017221691	0.08060806	8.0	1696.975917816162
72	51.8	41.59617	89.2	-40.0	536.0	5.577064	8.824112	26.869692	-35.9782	730000	-1.4901161e-08	67.99346	-0.0101007605	-26.584473	0.47777233	0.015560056	0.09030903	11.0	1719.319586277008
73	54.38431	35.626747	88.0	-46.666668	539.35297	6.714874	8.527659	30.691841	-47.361816	740000	-1.6763806e-08	105.85009	-0.0077620125	-33.138382	0.46556616	0.016982181	0.07970797	8.0	1742.958431482315
74	42.152084	36.507973	97.0	-26.666666	561.375	7.527013	7.0182867	29.124807	-27.87464	750000	9.623666e-09	102.20343	-0.00725488	-33.90321	0.46450698	0.015244105	0.060906094	8.0	1764.4214446544647
75	53.505886	40.387672	97.0	-40.0	538.64703	5.9518886	9.34829	28.593637	-40.148487	760000	-1.6142925e-08	64.936745	-0.008604848	-16.662447	0.46617845	0.0155861555	0.08240824	9.0	1788.708960056305
76	50.219997	37.89279	94.0	-26.666666	594.2	7.6891975	8.679919	32.91153	-31.999945	770000	-8.071463e-09	76.938866	-0.010267927	-19.9557	0.46089783	0.015377979	0.09920991	14.0	1811.8467235565186
77	44.79445	42.1845	87.4	-60.0	531.1111	6.2909865	8.706188	29.830822	-35.87295	780000	1.2417634e-08	74.82221	-0.012753761	-25.527473	0.47747612	0.015163493	0.09720972	16.0	1836.4728827476501
78	54.144444	31.105919	88.3	-26.666666	611.4667	7.0322413	8.716914	30.892223	-44.996635	790000	0.0	70.18575	-0.0084913215	-16.114367	0.47263303	0.015540548	0.08970898	10.0	1860.4511077404022
79	38.850983	52.322754	91.0	-60.0	520.35297	6.503874	9.899756	29.217669	-53.886047	800000	-9.934108e-09	107.43854	-0.014105078	-35.412655	0.462279	0.015956333	0.10021001	18.0	1884.5841898918152
80	52.904167	35.34226	85.0	-20.0	569.375	6.2491364	9.478008	25.74882	-50.0876	810000	2.483527e-09	58.914265	-0.009988489	-14.549801	0.4851706	0.015792267	0.07490749	10.0	1909.376937866211
81	50.897778	32.697872	82.0	-13.333333	585.5333	7.198934	8.929493	27.596937	-45.70713	820000	-6.208817e-09	68.92564	-0.008268588	-13.17373	0.47027755	0.015649654	0.072507255	8.0	1932.4925701618195
82	55.5	39.43282	91.0	-33.333332	536.2941	6.5267887	9.020468	27.133625	-42.456875	830000	-4.346172e-09	69.658516	-0.011690007	-18.323832	0.46369985	0.015535432	0.09240923	13.0	1954.9041528701782
83	38.34074	45.80461	82.0	-80.0	527.8333	6.72062	10.856638	44.24906	-56.35546	840000	-1.4901161e-08	101.76385	-0.009346375	-31.392813	0.49558353	0.015116963	0.09140914	12.0	1978.6102600097656
84	38.038334	56.61513	89.2	-86.666664	485.25	5.3463335	9.22991	27.249125	-51.605484	850000	1.4901161e-08	112.5632	-0.01650564	-37.42419	0.4855235	0.015299144	0.10011	21.0	2001.9460175037384
85	50.07647	35.12298	89.2	-26.666666	548.82355	5.4544487	11.120967	29.504534	-52.19643	860000	-2.483527e-09	93.89071	-0.009466199	-41.855637	0.4932007	0.016116014	0.068506844	8.0	2025.7345955371857
86	50.8451	38.715843	94.0	-40.0	558.05884	6.5701365	8.153531	30.347033	-28.46373	870000	4.346172e-09	81.48743	-0.009733309	-27.20704	0.4839187	0.015292879	0.0929093	12.0	2048.6963925361633
87	42.775925	47.381683	91.0	-86.666664	517.3889	6.0539694	9.14913	28.105858	-30.79545	880000	6.829699e-09	81.42657	-0.00833377	-18.710796	0.4921569	0.016026257	0.08140814	10.0	2074.4037148952484
88	50.158333	36.776436	88.0	-26.666666	545.25	6.9789553	9.151442	30.014864	-34.957664	890000	2.2351742e-08	68.45347	-0.009849123	-21.08166	0.49093506	0.015841333	0.07760776	11.0	2096.2574605941772
89	47.0625	43.11873	100.0	-46.666668	571.3125	6.557024	9.558877	30.44099	-52.670883	900000	9.934108e-09	73.778755	-0.011143506	-17.48842	0.4852657	0.015288376	0.08590859	14.0	2120.7524337768555
90	36.598038	50.12936	83.8	-100.0	530.17645	6.2665358	8.849952	29.715393	-41.096912	910000	-2.483527e-09	97.456474	-0.009927572	-20.687986	0.46570382	0.016227396	0.090309024	9.0	2145.851171016693
91	50.47647	40.861145	85.0	-46.666668	549.2353	6.0995	9.171822	29.597584	-37.713444	920000	-4.967054e-09	68.22171	-0.008474985	-14.581417	0.48555768	0.015363778	0.07050706	10.0	2167.638965845108
92	54.084312	42.06797	97.0	-40.0	561.4706	6.2131824	9.8553095	28.539225	-46.90375	930000	7.450581e-09	79.207306	-0.007934168	-25.45415	0.45661163	0.015800811	0.08420842	8.0	2190.9613082408905
93	42.56889	41.660576	87.4	-60.0	593.26666	7.419828	10.192518	36.733414	-65.42957	940000	-8.692344e-09	80.107346	-0.00805232	-25.630684	0.46612775	0.016086569	0.08430844	9.0	2213.7485291957855
94	55.723526	38.109642	94.0	-26.666666	558.41174	5.310194	9.454847	30.900011	-42.877975	950000	-1.2417635e-09	77.03934	-0.010436195	-17.706995	0.46189818	0.015109678	0.0940094	12.0	2236.5158433914185
95	49.58333	49.188545	93.7	-80.0	524.6667	6.575349	10.27698	30.689098	-43.94259	960000	-1.9868216e-08	87.8043	-0.009288535	-24.408243	0.4653107	0.015921347	0.08480849	9.0	2261.024078607559
96	47.11333	45.147255	91.9	-66.666664	579.4	7.851891	8.797949	30.24135	-47.201206	970000	-1.4901161e-08	76.83364	-0.010335305	-18.669847	0.4479781	0.015047428	0.0790079	11.0	2284.5107889175415
97	37.74222	44.244377	83.8	-40.0	584.06665	6.571624	9.189544	31.011719	-43.18826	980000	-1.7384687e-08	84.4722	-0.007628758	-24.014364	0.46338513	0.016037295	0.08330833	9.0	2306.1824197769165
98	57.1875	39.401123	90.1	-40.0	592.625	6.1782556	9.411118	29.560598	-53.33135	990000	-4.967054e-09	64.28623	-0.009261219	-24.00824	0.46681726	0.016006498	0.07320732	8.0	2329.7314369678497
99	50.695835	34.510426	92.8	-20.0	559.875	7.3544364	8.657909	33.012066	-47.99862	1000000	9.002785e-09	64.684975	-0.0100436555	-13.458282	0.4572036	0.015548064	0.097009696	14.0	2351.412481069565
100	50.311764	45.79436	88.3	-60.0	553.2941	6.270123	10.692988	33.33292	-55.119774	1010000	-4.346172e-09	87.67008	-0.015581038	-32.491272	0.47717276	0.015132931	0.112911284	38.0	2374.940717458725
101	48.39804	40.941586	90.1	-33.333332	554.2353	6.714344	9.205597	32.545418	-45.509647	1020000	-1.3659398e-08	78.85642	-0.009121976	-19.61432	0.47386208	0.015756385	0.065906584	7.0	2396.0671350955963
102	55.019608	40.28187	91.9	-40.0	546.64703	6.624305	10.232276	30.718699	-47.380226	1030000	8.071463e-09	63.331127	-0.01180609	-16.236874	0.47170922	0.015347465	0.101310134	13.0	2420.0584003925323
103	54.005882	42.02507	94.0	-46.666668	543.7647	6.8684344	9.929082	34.97607	-47.319435	1040000	1.1796753e-08	56.637363	-0.009107337	-14.542668	0.46530402	0.015230133	0.072507255	11.0	2441.4947016239166
104	41.86667	51.27347	91.0	-66.666664	524.1177	7.1900682	9.671182	28.550117	-45.235634	1050000	-1.0554989e-08	110.662415	-0.013137892	-33.07024	0.46771896	0.015435189	0.093509346	17.0	2466.699179649353
105	45.15926	41.115696	94.0	-40.0	549.8889	5.583976	10.60587	29.904474	-49.77191	1060000	8.692344e-09	80.2667	-0.01043193	-14.708927	0.4790556	0.015163879	0.09370937	9.0	2491.744395017624
106	47.878944	45.46198	92.8	-46.666668	513.3684	4.9789333	10.611246	34.50977	-47.399	1070000	-1.9868216e-08	75.42237	-0.011470099	-17.6054	0.4665767	0.015047195	0.08170817	12.0	2513.8163769245148
107	54.174507	31.089087	91.0	-20.0	560.58826	6.754628	10.142257	34.821453	-46.53179	1080000	2.483527e-09	72.2369	-0.009263407	-19.166742	0.46767244	0.01657294	0.078007795	9.0	2537.478322982788
108	50.790195	37.255478	81.1	-53.333332	529.82355	7.463612	9.350501	28.88376	-58.082855	1090000	6.208817e-09	83.43241	-0.011361103	-23.94631	0.48042056	0.0155140655	0.08690869	11.0	2560.6797223091125
109	54.56863	38.71368	88.3	-33.333332	553.94116	6.4238873	9.851347	28.38611	-59.41395	1100000	3.1044085e-09	80.93682	-0.008401579	-25.081537	0.46784243	0.015546329	0.08030803	9.0	2583.479250907898
110	49.29583	30.37452	82.9	-33.333332	577.8125	7.670096	10.256949	34.075542	-53.253277	1110000	-1.2417634e-08	82.3204	-0.008453653	-30.096657	0.47915223	0.016743405	0.09520952	9.0	2608.502732038498
111	46.715557	37.90152	86.5	-33.333332	587.0	7.197892	7.896105	30.7622	-40.975574	1120000	1.2417634e-08	77.69916	-0.010063418	-19.764235	0.4777635	0.015841492	0.09330932	11.0	2630.503396987915
112	55.24	39.221325	91.0	-26.666666	558.73334	7.1070457	8.528538	33.35252	-41.561375	1130000	-1.3659398e-08	72.857	-0.008621673	-16.519417	0.45671955	0.016239299	0.070707075	11.0	2654.1255419254303
113	58.715683	34.324127	90.1	-33.333332	548.82355	7.054556	10.445316	29.611212	-47.57827	1140000	-9.934108e-09	73.78086	-0.0072456053	-23.117294	0.4778837	0.015450868	0.07360736	8.0	2678.1393525600433
114	47.741665	40.62305	82.9	-46.666668	552.75	8.274771	8.425596	29.511032	-41.193264	1150000	-6.208817e-09	86.20333	-0.0119567765	-25.365213	0.47773445	0.015180278	0.0921092	14.0	2702.6870591640472
115	54.160786	33.75221	82.0	-20.0	558.8823	5.7160563	9.728256	30.711252	-45.795307	1160000	2.4835268e-08	84.31884	-0.00991758	-30.579855	0.46221736	0.01661593	0.10021002	9.0	2724.030208826065
116	49.535416	37.482758	91.0	-26.666666	586.625	7.8122287	9.578309	29.6882	-52.494984	1170000	-3.7252903e-09	74.116615	-0.00992451	-17.870058	0.46295762	0.015283006	0.0940094	15.0	2747.081830263138
117	53.91333	31.213652	92.8	-13.333333	580.5333	6.931741	8.390117	30.022455	-35.724857	1180000	-1.3659398e-08	78.10828	-0.0085388655	-18.197052	0.4624327	0.016982796	0.07450745	8.0	2768.831564426422
118	38.614586	43.937576	91.0	-73.333336	568.6875	7.450777	9.003477	30.487309	-46.19247	1190000	1.1175871e-08	137.38696	-0.014994622	-39.45446	0.480674	0.015317671	0.10511052	18.0	2793.572628736496
119	56.916668	34.199806	100.0	-20.0	571.5625	5.4387712	9.178795	30.230902	-39.486645	1200000	2.6697913e-08	85.103615	-0.008223912	-25.31719	0.4664344	0.015083048	0.073407345	8.0	2816.2661550045013
120	61.3	27.488714	88.0	-20.0	530.58826	8.028121	8.752663	34.648827	-51.343792	1210000	-1.9868216e-08	77.57497	-0.00967336	-16.96145	0.46520856	0.015918514	0.08930894	10.0	2840.152304649353
121	62.035416	33.955894	94.0	-20.0	548.9375	7.572928	7.970096	32.017517	-33.45804	1220000	-1.9868216e-08	66.10761	-0.01663741	-18.462847	0.47424164	0.015023026	0.10621062	22.0	2862.2436861991882
122	66.53958	28.06973	100.0	-6.6666665	576.0625	8.524502	7.185337	36.514008	-29.770552	1230000	-4.967054e-09	74.65876	-0.009491658	-13.413853	0.4640808	0.016269995	0.07990799	8.0	2886.1895027160645
123	51.52353	39.745186	94.0	-46.666668	546.2941	8.384367	7.6330156	34.893196	-33.29156	1240000	-3.7252903e-09	120.94759	-0.013158533	-35.20219	0.46359882	0.01513511	0.101510145	19.0	2910.4916586875916
124	49.64167	30.412146	85.6	-20.0	555.625	6.8380723	9.621602	32.389187	-40.950665	1250000	1.0244548e-08	71.5401	-0.0092882365	-20.421175	0.46065784	0.015101849	0.08310831	9.0	2934.5284855365753
125	69.24117	19.903503	94.0	19.0	552.7647	7.339312	7.486738	32.579697	-30.878704	1260000	8.692344e-09	86.93122	-0.010943051	-33.38709	0.45511356	0.015218998	0.09760976	13.0	2956.7927696704865
126	51.622227	37.855545	83.8	-53.333332	522.6667	8.801437	7.7021	31.963583	-33.605946	1270000	-7.21775e-09	99.30996	-0.01949777	-26.913261	0.463554	0.015013713	0.10771077	30.0	2982.013244152069
127	63.31961	25.911999	100.0	-6.6666665	547.1177	7.581793	8.052824	30.205479	-48.41517	1280000	1.0399769e-08	74.2953	-0.01079085	-17.212294	0.46148422	0.015370786	0.07620762	11.0	3006.202013015747
128	44.06852	49.31739	94.6	-80.0	527.8889	7.6377883	8.895742	29.218044	-45.954014	1290000	2.3593506e-08	111.79233	-0.01013798	-45.39018	0.46274886	0.016346812	0.083808385	11.0	3028.478319644928
129	51.52	33.4629	89.2	-20.0	586.5333	6.936083	8.98818	29.889542	-30.928509	1300000	-1.7384687e-08	77.76412	-0.010450059	-29.049856	0.45643744	0.015422118	0.08360836	13.0	3050.4986596107483
130	58.027084	35.559895	97.0	-20.0	566.0	5.9082875	10.211669	34.00684	-52.02924	1310000	1.6608587e-08	90.697784	-0.010126945	-21.053051	0.45668843	0.015775463	0.100410044	12.0	3073.992731332779
131	53.848885	36.582336	91.0	-20.0	596.93335	7.996575	9.977477	34.84997	-48.687298	1320000	1.7074248e-08	66.83306	-0.008937477	-19.068834	0.4570377	0.0157314	0.08180818	10.0	3095.715353488922
132	58.055557	40.336983	100.0	-46.666668	502.44446	6.596992	9.254566	26.817715	-45.71517	1330000	2.483527e-09	78.27785	-0.010029147	-21.350412	0.48659	0.015055589	0.0790079	9.0	3120.3551654815674
133	45.52889	34.712917	89.2	-20.0	584.8	8.918047	9.277873	33.57881	-52.674534	1340000	2.8560558e-08	85.35828	-0.010631635	-28.399101	0.4801992	0.015676608	0.09770977	13.0	3144.997506380081
134	44.924072	45.128784	92.8	-60.0	528.7778	5.153736	10.425574	30.928751	-51.45599	1350000	1.2417634e-08	96.03763	-0.009018978	-20.99634	0.47530627	0.0153371105	0.074307434	7.0	3168.631547689438
135	53.877083	32.92865	90.1	-13.333333	564.125	6.5870657	9.802911	32.58253	-48.28875	1360000	4.967054e-09	84.18635	-0.008764195	-25.229086	0.49148643	0.015283215	0.08090809	10.0	3192.6070971488953
136	51.4	43.292915	91.0	-86.666664	487.3158	6.618546	9.456563	29.772068	-53.19006	1370000	3.228585e-08	103.164215	-0.012757107	-26.702171	0.48686543	0.01561726	0.09750975	14.0	3217.717885017395
137	42.28824	42.70068	94.6	-40.0	540.82355	6.8362865	9.687499	32.258	-45.956234	1380000	1.8626451e-09	129.19374	-0.01168199	-43.047363	0.49222907	0.015198273	0.09440944	12.0	3240.293321609497
138	45.379166	39.58831	82.9	-46.666668	547.0	5.646395	9.440186	31.494452	-35.310265	1390000	-1.2417635e-09	96.372765	-0.008071719	-34.12045	0.4790055	0.015926694	0.07880788	8.0	3263.600744009018
139	49.086273	33.118717	94.6	-13.333333	557.2941	5.146239	10.851483	30.79618	-54.83461	1400000	6.9849193e-09	71.705986	-0.0072072973	-20.061975	0.47648957	0.015518676	0.07820782	8.0	3287.352480649948
140	49.707844	30.593225	91.0	-13.333333	550.7059	5.801039	11.43867	31.976377	-55.715412	1410000	1.7384687e-08	60.120556	-0.011203649	-14.791866	0.4636934	0.015147623	0.09190919	14.0	3311.009113550186
141	48.35686	35.344444	94.6	-33.333332	548.0	6.038599	10.832117	31.22609	-57.086403	1420000	4.967054e-09	84.680016	-0.009555043	-17.984953	0.45988846	0.01609995	0.08440844	10.0	3333.507292032242
142	48.825005	33.96689	90.1	-20.0	579.375	6.4968724	10.484871	31.235203	-60.53092	1430000	-1.2572855e-08	57.152607	-0.010602671	-10.760177	0.45383206	0.015169114	0.09440944	11.0	3358.9191427230835
143	55.39608	31.706284	89.2	-13.333333	545.05884	6.543443	10.426702	32.756897	-60.58111	1440000	-1.8626451e-09	64.33106	-0.011184819	-12.599034	0.4568783	0.015023815	0.0850085	18.0	3382.294914007187
144	45.049023	46.221046	88.3	-53.333332	534.1177	7.35791	9.666314	34.1348	-56.940327	1450000	8.071463e-09	67.69998	-0.012817142	-18.82564	0.45734665	0.015664974	0.10021002	14.0	3406.1685507297516
145	45.394444	39.06835	92.8	-46.666668	539.8333	5.7577467	10.244564	31.627062	-62.2253	1460000	-7.450581e-09	77.53368	-0.010033119	-22.451204	0.45770323	0.015205707	0.08210821	14.0	3431.149268388748
146	48.61111	36.020958	86.5	-33.333332	614.86664	6.831573	8.46321	29.888115	-47.06543	1470000	1.8626451e-08	61.53185	-0.00988379	-14.247269	0.44544387	0.015351971	0.0861086	14.0	3455.4383523464203
147	40.261112	44.89871	95.5	-53.333332	517.1667	4.853651	10.211426	28.471735	-60.1597	1480000	-4.967054e-09	128.54312	-0.009359644	-36.500748	0.46754238	0.015212152	0.07550755	10.0	3479.62064409256
148	48.545837	39.501274	100.0	-40.0	546.9375	6.136834	9.139353	32.790054	-40.386044	1490000	-9.623666e-09	81.34353	-0.009026355	-19.822731	0.4557453	0.015656142	0.08050805	10.0	3501.0892763137817
149	51.338886	38.763	95.5	-33.333332	538.5	5.9038553	9.70315	33.865982	-38.96812	1500000	1.800557e-08	77.39521	-0.00958175	-21.178709	0.44455948	0.0152346445	0.08310831	11.0	3527.051702976227
150	47.089584	39.531662	87.4	-40.0	570.4375	6.818215	10.236489	34.12094	-47.245403	1510000	1.7384687e-08	72.22684	-0.010485653	-17.04135	0.45433906	0.015217693	0.08240824	12.0	3549.3321421146393
151	47.527786	44.206497	92.8	-66.666664	517.7222	5.7525315	10.116553	30.973684	-48.43459	1520000	7.450581e-09	84.2965	-0.009067815	-18.65751	0.43478432	0.015751688	0.07070707	12.0	3574.608651638031
152	57.915684	36.835304	92.8	-20.0	551.05884	6.563228	10.778008	34.45065	-52.561165	1530000	-6.7714914e-09	81.16601	-0.00968834	-21.298405	0.43316373	0.015706481	0.08370837	13.0	3597.4600071907043
153	53.02963	35.330193	85.6	-26.666666	542.8333	6.7849355	11.0313835	35.033066	-53.259132	1540000	-1.7384687e-08	62.302425	-0.010323364	-20.166773	0.45306656	0.015720315	0.080408044	11.0	3620.9947328567505
154	53.741177	35.024494	92.8	-13.333333	545.8823	6.6441994	9.406317	36.159657	-37.811714	1550000	-9.778887e-09	77.18569	-0.0072608213	-14.499462	0.45249975	0.015054797	0.06120612	7.0	3644.0971438884735
155	61.053696	31.376764	97.0	-20.0	521.1111	6.1363697	9.774268	31.901293	-37.131798	1560000	-1.9712994e-08	89.77319	-0.009419334	-25.600214	0.44980848	0.015439149	0.07820782	12.0	3667.9660601615906
156	48.60196	35.341446	85.0	-26.666666	539.82355	7.719651	10.15544	30.389359	-53.625027	1570000	7.450581e-09	85.22149	-0.009745654	-27.85437	0.44906506	0.015255208	0.09920993	12.0	3692.2667677402496
157	56.27037	32.7582	89.2	-20.0	536.6111	5.693486	10.088908	28.301289	-54.1012	1580000	2.7318796e-08	73.50375	-0.010462617	-18.866844	0.44404674	0.01575712	0.083208315	13.0	3714.5018696784973
158	53.935555	38.913525	91.0	-20.0	584.86664	7.635425	9.393637	28.8952	-47.42334	1590000	3.663202e-08	72.069275	-0.010810765	-16.818117	0.42858502	0.015016377	0.09170917	18.0	3737.6262986660004
159	43.033337	46.987408	94.0	-53.333332	528.44446	5.5771327	12.327909	33.901627	-59.234936	1600000	-1.7384687e-08	108.51101	-0.013344708	-32.69873	0.4516499	0.016032612	0.097009696	15.0	3760.362558364868
160	51.883335	39.575825	89.2	-26.666666	566.1875	5.571791	10.227426	33.524235	-54.45991	1610000	-1.2417634e-08	75.57457	-0.00921277	-19.130346	0.4454449	0.01549936	0.090009004	11.0	3783.0403134822845
161	55.070366	34.966225	90.1	-26.666666	536.44446	6.1680007	10.806085	30.962486	-60.242477	1620000	1.2417634e-08	60.89568	-0.009942663	-16.452574	0.4669094	0.015059259	0.07830783	12.0	3806.666405916214
162	45.901962	53.35727	94.0	-66.666664	510.17648	7.2295947	9.739653	35.937874	-51.19681	1630000	-2.483527e-09	106.24219	-0.011819077	-33.679886	0.45352426	0.015294496	0.09750975	18.0	3829.9266374111176
163	45.307842	37.716908	91.0	-33.333332	567.2941	6.2276278	9.862293	30.933388	-43.474358	1640000	2.483527e-09	89.3939	-0.008396655	-23.610748	0.45449623	0.015600207	0.07780778	8.0	3853.3646647930145
164	51.939587	34.95538	90.1	-26.666666	559.9375	6.313329	10.100303	33.14099	-50.230927	1650000	-6.208817e-09	73.79617	-0.009686618	-22.795065	0.4534694	0.015289194	0.09390939	10.0	3875.183272123337
165	46.43333	34.229443	90.1	-13.333333	578.0625	7.5015035	9.047988	33.441048	-49.172794	1660000	4.967054e-09	102.65613	-0.010258132	-22.214636	0.46264923	0.0155636	0.08130813	10.0	3900.1503195762634
166	52.1902	37.578106	91.9	-26.666666	547.41174	6.0775247	9.452135	34.709103	-52.046024	1670000	7.761021e-09	77.08486	-0.009261393	-21.488047	0.44129744	0.015606649	0.08170817	13.0	3923.152105808258
167	46.941177	39.57154	94.0	-46.666668	548.17645	6.4726696	9.597136	29.103931	-48.674107	1680000	2.7939677e-09	70.56598	-0.01209668	-14.812949	0.4586275	0.01592621	0.09660965	15.0	3945.89346241951
168	47.47059	40.361652	97.3	-40.0	548.8823	5.548277	9.859847	29.830349	-46.662975	1690000	-1.2417634e-08	76.60199	-0.009242584	-21.507706	0.4592063	0.01627535	0.08240824	9.0	3968.2448015213013
169	50.61569	38.422718	93.7	-40.0	538.2353	5.9593983	10.763401	32.514236	-55.132366	1700000	8.071463e-09	79.61186	-0.008672313	-17.99759	0.45863298	0.0150408475	0.07850785	9.0	3989.7291917800903
170	63.47408	32.331493	94.0	-20.0	517.8333	6.5096436	10.076899	33.11567	-45.339203	1710000	-7.450581e-09	100.35386	-0.008467927	-34.444485	0.46838865	0.01553531	0.08720872	9.0	4013.9734811782837
171	47.75185	47.598377	94.0	-53.333332	524.94446	7.28844	10.997683	29.29867	-56.235363	1720000	-6.208817e-09	106.94717	-0.01327593	-35.734882	0.4631275	0.015532699	0.10291029	18.0	4038.6757395267487
172	50.008335	37.254013	91.0	-26.666666	577.9375	6.934321	10.416521	32.02231	-56.361023	1730000	1.9868216e-08	80.37899	-0.009965559	-19.682684	0.45556083	0.015680762	0.08480849	14.0	4062.1109392642975
173	47.666664	38.05998	91.9	-46.666668	553.1875	6.660637	10.250618	30.943035	-53.370445	1740000	-4.967054e-09	73.19251	-0.011165266	-14.92329	0.46294665	0.015430185	0.08250825	11.0	4085.2752635478973
174	47.55625	36.2756	91.0	-13.333333	591.125	6.3635793	10.654531	33.26508	-49.990715	1750000	-4.967054e-09	94.03446	-0.008709879	-27.528025	0.4546009	0.01588125	0.08080808	9.0	4108.663244009018
175	54.854904	38.613007	92.8	-26.666666	563.41174	5.667739	9.703031	30.750734	-50.488632	1760000	7.450581e-09	82.236824	-0.011473668	-23.07002	0.45234522	0.0150323985	0.098009795	17.0	4132.776468038559
176	49.731483	39.9997	91.0	-40.0	533.8333	7.059717	9.943266	35.147057	-47.762867	1770000	4.0357313e-09	93.395355	-0.011701863	-22.802399	0.4751775	0.016018039	0.09270927	12.0	4158.252662658691
177	57.12745	39.38569	94.0	-40.0	543.0	6.3805532	10.464891	31.701502	-57.114674	1780000	-1.2417635e-09	69.531075	-0.0067970566	-19.835077	0.4568939	0.0150084505	0.07170717	6.0	4182.290724992752
178	52.99608	36.78211	86.5	-26.666666	544.1177	7.267034	9.817199	31.446194	-53.585125	1790000	5.5879354e-09	62.678814	-0.009350701	-19.539427	0.46363425	0.015781911	0.082808286	12.0	4207.196603536606
179	47.78125	35.807602	94.0	-26.666666	565.5	7.1139255	8.914738	34.066547	-38.200138	1800000	8.9251745e-10	72.684135	-0.009382126	-14.472453	0.4675052	0.015830342	0.070607066	11.0	4229.519854545593
180	44.00185	49.839657	89.2	-93.333336	519.7778	6.5146985	9.311106	31.336786	-35.91494	1810000	7.761021e-09	103.49753	-0.0114905415	-32.10214	0.4635299	0.015622277	0.09380939	12.0	4255.198276042938
181	44.987038	41.38237	94.6	-53.333332	544.1667	6.5177655	10.516276	34.894547	-56.730114	1820000	-4.967054e-09	81.22924	-0.011055845	-24.547602	0.44840395	0.015526029	0.09420941	11.0	4278.265922307968
182	32.084316	47.155346	85.6	-53.333332	539.05884	5.463373	10.644596	30.646334	-53.49556	1830000	-2.483527e-09	128.21254	-0.00910708	-41.491055	0.47170714	0.016687846	0.06630663	8.0	4300.6424169540405
183	43.99815	51.024513	90.1	-80.0	522.94446	4.0928545	10.346663	30.069363	-53.838177	1840000	-1.3659398e-08	103.19418	-0.010894249	-38.431835	0.4644425	0.015460643	0.081308134	12.0	4325.819995164871
184	41.958336	38.11972	75.7	-33.333332	595.75	6.7786055	10.500069	40.260296	-46.679867	1850000	-1.2417634e-08	77.00642	-0.010394634	-22.484476	0.4582703	0.015447521	0.07410741	10.0	4349.875403881073
185	49.0549	38.678215	92.8	-40.0	536.7059	5.4551606	10.272635	33.61735	-45.98449	1860000	-3.7252903e-09	73.59945	-0.013831254	-20.443844	0.46441826	0.01520126	0.095909595	18.0	4374.559588909149
186	45.766663	50.972485	92.8	-73.333336	509.26315	5.922333	10.413074	31.113358	-42.706776	1870000	-2.2351742e-08	106.39325	-0.011177893	-34.376095	0.4723312	0.015167605	0.08980898	16.0	4399.254544734955
187	49.18889	45.03936	91.0	-60.0	538.94446	5.5318203	12.442176	32.338913	-67.25326	1880000	4.967054e-09	80.09799	-0.009841192	-23.904886	0.47694695	0.015686058	0.08340833	12.0	4423.044237613678
188	47.507843	41.93699	91.9	-53.333332	546.05884	6.3286653	10.541002	32.615128	-49.377426	1890000	4.967054e-09	81.12562	-0.013019164	-19.850565	0.4853363	0.016153779	0.09570957	15.0	4448.0738933086395
189	42.18235	41.474888	91.0	-40.0	561.94116	6.536567	10.140921	35.081055	-61.347626	1900000	-2.483527e-09	71.03513	-0.0093496	-19.696949	0.48168913	0.01654069	0.08080808	8.0	4469.668492078781
190	41.495834	44.92388	90.1	-60.0	577.75	6.206904	9.9617195	32.03682	-49.702366	1910000	-1.9868216e-08	82.56658	-0.008045767	-21.644262	0.512345	0.0154401185	0.06540654	7.0	4491.527729272842
191	41.32941	49.534256	95.5	-93.333336	538.94116	5.5301733	10.232571	30.346657	-44.193066	1920000	-1.3659398e-08	105.74711	-0.009032676	-35.948788	0.49350977	0.01566414	0.08040804	9.0	4515.399652957916
192	47.360416	38.31092	85.6	-26.666666	560.5	6.7364745	9.040846	38.188744	-37.06505	1930000	6.596868e-10	65.750206	-0.011835611	-17.212093	0.48749125	0.015159051	0.09220922	11.0	4537.472153902054
193	46.322224	39.86806	91.0	-40.0	584.8	6.7098556	9.331192	35.86336	-44.56864	1940000	-1.2417635e-09	63.90801	-0.0074792723	-9.514831	0.482277	0.015996618	0.08030803	7.0	4561.229375123978
194	52.947918	35.567074	97.0	-33.333332	586.625	6.602246	9.756543	36.334606	-48.24886	1950000	5.5879354e-09	89.53414	-0.0067717396	-22.418701	0.4870387	0.015038456	0.06440644	6.0	4585.8881316185
195	41.060783	40.17042	88.3	-33.333332	551.05884	6.470275	8.585023	32.51662	-40.072483	1960000	-2.483527e-09	90.31083	-0.016265623	-31.886236	0.46959713	0.015706254	0.1020102	18.0	4608.190572023392
196	50.47647	41.60538	91.0	-40.0	537.2941	5.398803	10.12226	36.90405	-44.876564	1970000	1.5211603e-08	81.490265	-0.011218257	-21.695501	0.4745737	0.015300202	0.08460846	13.0	4631.737408876419
197	47.182354	42.54603	91.0	-46.666668	560.7059	6.6545863	10.195837	35.473278	-53.44806	1980000	-1.1796753e-08	68.1311	-0.008220251	-19.897617	0.44970012	0.016738793	0.078007795	7.0	4655.969395399094
198	45.168888	37.168747	91.9	-20.0	581.26666	6.235152	10.301357	32.35894	-42.66112	1990000	2.483527e-09	89.876686	-0.008417849	-23.349525	0.45164838	0.015920052	0.071807176	9.0	4679.153426408768
199	44.270588	46.625675	94.0	-53.333332	538.64703	5.595659	11.356072	30.08451	-55.873486	2000000	7.450581e-09	79.348274	-0.011251408	-21.793198	0.47219703	0.015372172	0.09230924	13.0	4701.46831536293
200	45.84	37.636894	91.9	-40.0	603.73334	7.3484445	9.488995	29.678322	-48.806435	2010000	1.8626451e-08	85.30236	-0.007354817	-22.648226	0.458212	0.015705543	0.07450745	7.0	4723.356779575348
201	50.635292	39.999985	91.0	-33.333332	562.05884	5.758625	10.053471	30.977072	-43.8086	2020000	2.9802322e-08	74.745155	-0.009379705	-17.433704	0.4783553	0.016158756	0.07580758	9.0	4747.513724327087
202	40.319298	49.212357	91.0	-80.0	517.1579	6.158004	10.407321	43.67708	-56.36975	2030000	-1.2417635e-09	126.86822	-0.009064087	-32.91897	0.4693309	0.016373523	0.08420843	9.0	4771.944245815277
203	40.73125	41.013103	85.6	-40.0	563.5625	4.952012	10.904648	33.090023	-47.352856	2040000	-3.7252903e-09	74.71902	-0.012462397	-21.607462	0.45745635	0.015186585	0.08320832	14.0	4795.860741615295
204	40.977776	56.57264	94.0	-93.333336	535.6667	5.0282607	10.59778	40.898796	-44.378716	2050000	-9.313226e-09	101.97064	-0.015021739	-30.975267	0.47573152	0.0153161585	0.09720972	18.0	4822.972935676575
205	40.150978	39.22141	87.4	-46.666668	561.7647	6.282454	10.299965	37.506863	-49.236618	2060000	4.0357313e-09	85.01053	-0.0076072463	-28.394415	0.48446774	0.016189858	0.075107515	7.0	4844.538049221039
206	47.617775	44.49776	97.0	-40.0	594.8	5.079134	9.747621	33.674603	-43.585777	2070000	-4.967054e-09	103.7875	-0.01073578	-33.631763	0.4524455	0.015878681	0.08770877	11.0	4867.1753215789795
207	52.64314	34.233997	88.3	-26.666666	554.64703	5.4830565	10.020565	34.00215	-45.241867	2080000	-9.934108e-09	80.21703	-0.008956459	-32.205242	0.466791	0.015156478	0.088208824	9.0	4890.955157518387
208	46.30196	38.665268	91.0	-40.0	555.2353	6.7160096	10.072957	33.982708	-40.40367	2090000	2.483527e-09	76.39898	-0.009684772	-18.814323	0.46367452	0.015961241	0.08430842	9.0	4914.126089334488
209	43.61042	39.478676	93.7	-33.333332	569.6875	6.225156	9.703441	30.04114	-48.213753	2100000	-1.3504177e-08	82.07333	-0.011484844	-18.22829	0.4691912	0.015228477	0.082808286	14.0	4939.5005922317505
210	35.30702	47.87225	96.4	-60.0	505.0	4.6920624	10.666843	31.73357	-59.278263	2110000	-3.259629e-09	131.60384	-0.015679853	-41.977993	0.4735836	0.015403953	0.09840983	19.0	4964.251262187958
211	54.016666	39.788017	97.0	-33.333332	561.9375	5.3039412	9.848356	28.857393	-47.613285	2120000	-6.2088173e-10	110.645546	-0.010369423	-42.98291	0.464125	0.016168796	0.08260826	9.0	4985.476375579834
212	32.65	47.656925	92.8	-80.0	530.3889	6.4035025	10.596117	31.493477	-53.186886	2130000	-2.483527e-09	187.08815	-0.012240712	-65.19741	0.46265218	0.01520986	0.10251025	15.0	5011.486416578293
213	41.333336	38.24371	82.9	-33.333332	576.6875	4.6717525	10.847047	31.305597	-54.670063	2140000	7.450581e-09	101.068855	-0.011554562	-25.153236	0.45471847	0.015333138	0.08420842	13.0	5034.237734794617
214	38.250877	53.944912	91.0	-100.0	498.78946	4.358358	10.573817	35.07385	-48.3398	2150000	8.692344e-09	125.399445	-0.010198749	-40.69862	0.4525456	0.015087515	0.06260626	9.0	5059.505271911621
215	32.183334	44.465622	89.2	-73.333336	530.3333	4.951851	12.218689	35.371403	-55.721497	2160000	2.3593506e-08	127.61529	-0.009059942	-42.06341	0.4482375	0.01545694	0.080508046	8.0	5084.4666974544525
216	45.6625	40.280006	94.0	-33.333332	554.875	4.462113	10.422011	27.72504	-50.80999	2170000	2.8560558e-08	91.62095	-0.0100772595	-28.192183	0.44466838	0.016337832	0.07780778	10.0	5106.092296600342
217	39.70417	37.03426	97.0	-26.666666	586.75	5.429504	9.101228	30.799759	-40.00946	2180000	1.7384687e-08	87.857544	-0.008717393	-19.242785	0.458146	0.016002024	0.079307936	8.0	5129.2313351631165
218	38.280396	47.00376	94.0	-73.333336	538.0	4.657584	9.986764	36.210712	-44.77733	2190000	-1.1175871e-08	123.47671	-0.007842909	-24.599524	0.44380486	0.017212158	0.08700871	8.0	5154.639151096344
219	40.45417	39.843258	94.0	-26.666666	575.4375	5.141431	10.258244	33.24259	-48.196472	2200000	-2.2351742e-08	100.05331	-0.0098800445	-23.995817	0.4658297	0.015260041	0.07680768	11.0	5177.018152475357
220	38.941177	45.734608	89.2	-40.0	539.1177	5.624203	10.235157	32.558224	-47.715538	2210000	7.761021e-09	88.189735	-0.011105649	-21.65595	0.48431358	0.015843127	0.078007795	11.0	5200.892191886902
221	46.904167	35.356968	88.0	-20.0	561.125	4.9486074	10.1498785	30.005304	-50.589043	2220000	-2.483527e-09	75.75544	-0.00998973	-18.802477	0.4604833	0.01588729	0.07820782	10.0	5223.972050666809
222	47.394123	45.645416	93.7	-66.666664	537.94116	5.3486733	9.691219	27.209848	-49.700226	2230000	-1.6608587e-08	102.98539	-0.011670885	-30.706697	0.4646932	0.015522446	0.081908196	15.0	5246.952455282211
223	43.42157	43.128403	92.8	-33.333332	547.1177	6.4959345	11.380224	39.13101	-55.02566	2240000	2.9802322e-08	89.27209	-0.0069109574	-21.851639	0.45861205	0.015304367	0.061606165	6.0	5270.837442159653
224	35.644444	50.808052	91.0	-60.0	519.2778	4.9846425	11.253924	32.18909	-57.03039	2250000	3.1044085e-08	104.33576	-0.009021991	-27.163717	0.49208772	0.015015085	0.093209326	8.0	5293.8313364982605
225	45.70196	36.939663	83.8	-46.666668	554.0	5.7004147	10.116959	27.762516	-48.744858	2260000	-7.450581e-09	87.73478	-0.017663686	-23.058859	0.46804094	0.015029768	0.103710376	42.0	5319.266466379166
226	36.58444	42.27199	93.7	-46.666668	609.6667	5.9172034	9.963315	33.436172	-62.005253	2270000	-1.8626451e-09	84.413864	-0.008331833	-19.886543	0.4654355	0.015715355	0.06480648	7.0	5342.624330282211
227	41.100002	44.715717	84.7	-80.0	506.26315	3.6727552	10.88064	33.80083	-63.410122	2280000	1.4901161e-08	118.19854	-0.012142641	-30.013931	0.4602295	0.0156681	0.08390839	13.0	5366.869612455368
228	43.915684	41.048466	94.6	-40.0	562.64703	5.347747	10.854415	31.186106	-58.828712	2290000	3.063663e-08	85.2111	-0.006996644	-22.75505	0.46650866	0.015425079	0.05360536	5.0	5392.078207731247
229	42.15294	34.913036	90.1	-20.0	575.58826	5.6243415	10.427109	31.350914	-44.896946	2300000	-1.1175871e-08	84.32961	-0.0094974935	-22.77549	0.45992795	0.015502489	0.089108914	9.0	5415.196410894394
230	40.487038	46.180035	94.6	-80.0	521.1667	3.89592	10.149445	31.567364	-50.2169	2310000	1.5522043e-09	100.87549	-0.009683139	-33.065365	0.4440775	0.015553378	0.085508555	11.0	5441.4952075481415
231	37.073338	40.33221	97.3	-33.333332	591.5333	6.1628547	10.159064	35.687725	-39.3194	2320000	1.6763806e-08	86.42133	-0.009950521	-22.016647	0.44138288	0.01659306	0.069806986	11.0	5464.608789205551
232	39.389477	47.556595	88.3	-53.333332	515.5789	3.6552327	11.626956	30.294134	-46.139194	2330000	2.2351742e-08	81.00498	-0.012400113	-20.571474	0.45353308	0.0154783875	0.10071007	14.0	5490.926750659943
233	45.355556	37.034626	95.5	-33.333332	531.1667	4.4844956	11.230607	31.709044	-45.324005	2340000	-4.967054e-09	86.037415	-0.0105460165	-24.816916	0.4631168	0.015311453	0.07560756	10.0	5515.754810094833
234	46.361404	42.910202	91.0	-66.666664	516.0526	4.790894	11.878169	31.05386	-52.22491	2350000	2.7318796e-08	116.22021	-0.009659364	-36.66793	0.44707537	0.015808428	0.07230723	12.0	5539.118653535843
235	51.0	38.652203	92.8	-26.666666	527.0	6.0310745	10.744488	35.637665	-46.801205	2360000	1.4280279e-08	74.60129	-0.010750328	-16.874548	0.4533228	0.017381744	0.09460946	10.0	5562.382652044296
236	49.284317	38.564503	90.1	-46.666668	550.8823	5.664535	10.612769	32.41051	-46.255093	2370000	2.4059166e-09	71.72802	-0.010924205	-20.297684	0.45690036	0.015385716	0.087508745	15.0	5585.751993894577
237	48.05686	36.314392	90.1	-33.333332	553.2941	6.3469415	11.398465	35.81754	-53.036194	2380000	6.519258e-09	82.91246	-0.014310596	-22.915491	0.4580206	0.015260241	0.09810981	28.0	5608.525171518326
238	47.445835	32.99522	85.6	-13.333333	566.125	5.679291	10.284065	31.06897	-44.076504	2390000	-1.3659398e-08	82.74882	-0.01008616	-18.545599	0.44154477	0.016328268	0.07460746	11.0	5631.842278718948
239	41.603706	45.708363	88.3	-53.333332	530.3333	5.8253155	10.591677	30.855497	-46.78827	2400000	2.7318796e-08	111.08508	-0.011038038	-27.432295	0.4685831	0.015863668	0.09050906	11.0	5654.330396413803
240	36.14375	40.379898	94.6	-33.333332	568.4375	5.117374	10.396193	30.305435	-50.25654	2410000	9.934108e-09	79.72907	-0.009388583	-19.58538	0.44429803	0.015330178	0.087308735	10.0	5677.201280832291
241	43.40444	36.60529	91.0	-26.666666	580.6	5.0645003	9.886771	32.202213	-48.80364	2420000	1.21071935e-08	76.84136	-0.010054727	-18.609732	0.44284785	0.015290224	0.0880088	11.0	5698.536980390549
242	38.42456	44.53867	88.3	-73.333336	508.6842	4.644022	9.783331	30.216028	-38.77931	2430000	-1.3659398e-08	124.63934	-0.009779916	-31.05332	0.46311736	0.016006513	0.08770877	9.0	5725.037584781647
243	36.800003	43.81833	82.0	-66.666664	534.2778	5.441126	10.208631	28.58633	-44.86186	2440000	9.934108e-09	117.564026	-0.016020557	-27.111015	0.4829619	0.015161462	0.107310735	17.0	5749.352100372314
244	37.303703	47.086548	98.2	-53.333332	526.1111	4.7904387	10.224342	35.239487	-56.65867	2450000	1.7384687e-08	109.456055	-0.01725054	-28.23472	0.47318783	0.015055803	0.115511544	39.0	5771.851844549179
245	36.77333	37.219822	95.5	-33.333332	592.06665	5.9639254	10.502774	32.350883	-45.576935	2460000	-6.9267116e-09	85.195496	-0.009522262	-18.548195	0.46537653	0.015416778	0.083208315	14.0	5793.879948616028
246	32.454903	47.05175	90.1	-53.333332	559.5294	4.6950183	9.330866	29.344528	-40.85322	2470000	7.450581e-09	107.03973	-0.011949598	-27.078865	0.4670478	0.01523152	0.08520853	13.0	5819.33397769928
247	47.388237	34.105114	91.0	-20.0	543.7059	4.5805993	10.168506	32.29432	-39.87549	2480000	-2.483527e-09	100.875916	-0.011621836	-33.888916	0.46917072	0.015345931	0.07790779	15.0	5841.98314499855
248	33.791664	43.312508	91.9	-73.333336	569.1875	5.6983466	10.131756	33.730564	-46.186344	2490000	-1.3969839e-09	111.67959	-0.0099873245	-42.895874	0.46553874	0.016289065	0.08460846	10.0	5867.822167634964
249	42.205883	36.153973	89.2	-33.333332	550.5294	4.8357573	10.095959	36.216637	-46.736874	2500000	1.7384687e-08	115.56387	-0.01267356	-34.236183	0.4606776	0.015414099	0.100410044	16.0	5889.666893959045
