Epoch	AverageEpRet	StdEpRet	MaxEpRet	MinEpRet	EpLen	AverageVVals	StdVVals	MaxVVals	MinVVals	TotalEnvInteracts	LossPi	LossV	DeltaLossPi	DeltaLossV	Entropy	KL	ClipFrac	StopIter	Time
0	93.92831	21.891813	100.0	-60.0	182.81133	30.646692	14.424496	61.46428	-9.904372	10000	-4.967054e-09	105.391174	-0.009113518	-33.157764	0.40146542	0.016367039	0.090009004	7.0	29.511585235595703
1	96.78149	5.8454504	100.0	65.2	179.7037	30.015747	13.7555685	56.30598	-5.49221	20000	-4.9670536e-08	45.477573	-0.010685071	-13.206017	0.40089288	0.01529957	0.07770777	15.0	55.92168402671814
2	96.96001	4.6421623	100.0	74.8	175.38182	30.736456	14.410522	62.25866	-11.144524	30000	1.7384687e-08	37.790787	-0.008941747	-5.817454	0.4057782	0.015185851	0.07390739	10.0	82.8946361541748
3	96.99629	5.017819	100.0	67.0	181.59259	30.504713	14.447089	61.8478	-2.9639277	40000	8.071463e-09	35.440792	-0.0073197796	-5.7429414	0.4056503	0.016479878	0.08520851	9.0	111.14784169197083
4	97.68727	3.036688	100.0	86.2	177.8	30.247986	14.690026	61.012093	-17.368303	50000	9.313226e-10	29.249893	-0.0068180547	-7.589773	0.4053822	0.015341683	0.07070707	8.0	139.88348627090454
5	96.89811	4.2594395	100.0	76.6	179.92453	31.50133	14.318705	61.412674	-16.709965	60000	1.5522042e-08	34.603596	-0.011339539	-9.2455015	0.39900768	0.015133232	0.080208026	27.0	168.62180280685425
6	97.14815	3.5480168	100.0	88.0	180.62962	31.006424	14.887031	62.621548	-10.561471	70000	1.4901161e-08	28.675623	-0.0077490546	-5.586167	0.40209326	0.0157749	0.07750776	11.0	195.75294065475464
7	97.23396	3.4995925	100.0	82.0	182.32076	30.202507	14.953265	62.725773	-9.214046	80000	-3.1044085e-09	27.553411	-0.009372587	-4.4697833	0.3997878	0.015227082	0.081308134	22.0	222.31214046478271
8	96.490906	5.701013	100.0	61.6	178.78181	30.673212	15.0036545	60.953663	-15.541031	90000	-9.934108e-09	33.324352	-0.014487267	-6.4820633	0.40572414	0.015183159	0.10141014	31.0	253.02643871307373
9	97.23703	3.6395104	100.0	85.0	180.87038	30.795288	13.98023	59.46168	-1.3813227	100000	1.0050523e-08	30.267118	-0.014525357	-4.7147217	0.40639046	0.01507357	0.09420941	44.0	282.0132212638855
10	97.33818	3.1835656	100.0	86.0	178.03636	30.680603	14.865805	61.91896	-7.6228614	110000	6.208817e-09	27.150759	-0.011589206	-4.0749745	0.4129695	0.015206386	0.103310324	27.0	308.74865913391113
11	97.07169	3.7933593	100.0	80.8	185.4151	30.508022	14.527511	60.7257	-12.91804	120000	1.2417634e-08	33.0022	-0.009414496	-6.838268	0.395542	0.015219624	0.083708376	19.0	334.01512479782104
12	97.538185	2.878099	100.0	86.2	178.07272	30.64648	14.817709	60.407135	-3.6974466	130000	-3.1975407e-08	28.63027	-0.008390136	-4.7507224	0.40195334	0.015409764	0.082908295	14.0	361.6050353050232
13	97.549095	3.040865	100.0	86.2	176.47273	31.23064	14.621531	60.16044	-1.2407827	140000	-2.483527e-09	25.316507	-0.0059184446	-4.262235	0.39673376	0.016007734	0.08690869	7.0	387.9279074668884
14	95.6566	6.565246	100.0	63.4	181.71698	30.552996	15.5992365	62.38799	-15.9380455	150000	-1.4901161e-08	32.703796	-0.01034189	-6.5384555	0.38944158	0.015108625	0.103310324	17.0	414.98260259628296
15	97.50182	3.3440034	100.0	82.0	178.41818	30.561413	14.492312	61.23381	-11.791457	160000	1.1796753e-08	28.109182	-0.007278578	-4.904692	0.38442898	0.015121241	0.06970697	11.0	441.2512686252594
16	96.19616	5.4626694	100.0	73.0	184.53847	30.326845	14.594355	59.989872	-4.256681	170000	2.3593506e-08	36.525967	-0.008717584	-7.5701904	0.38985863	0.016886858	0.07120713	10.0	467.56417989730835
17	97.476364	2.6709185	100.0	86.2	178.6909	31.016785	13.971009	59.135586	0.13468346	180000	3.1044087e-10	33.629383	-0.009311571	-8.5799055	0.38795432	0.015255739	0.07820782	17.0	493.9258303642273
18	96.111534	4.713061	100.0	78.0	186.65384	30.31978	14.543898	61.273666	-9.886448	190000	9.934108e-09	32.47546	-0.008572692	-5.3219275	0.38801232	0.015863566	0.0739074	13.0	521.2687718868256
19	97.33703	4.432844	100.0	74.8	180.09259	30.187721	14.688788	61.294716	-18.519209	200000	4.967054e-09	35.143513	-0.00917887	-7.2621746	0.3922523	0.015542966	0.0720072	13.0	548.1617138385773
20	97.33818	3.054147	100.0	86.8	176.6909	31.067972	14.590077	61.419304	-6.061273	210000	-7.450581e-09	29.957613	-0.010621165	-4.9996758	0.39551625	0.015044634	0.0910091	27.0	575.4147441387177
21	96.784904	4.0343523	100.0	80.0	185.24529	30.35453	14.631284	62.182587	-7.514949	220000	-1.086543e-08	31.324411	-0.008858464	-6.5602856	0.3992782	0.015683925	0.08620862	11.0	602.3606181144714
22	96.70909	4.7422004	100.0	70.6	177.87273	30.49339	14.435891	61.343132	-6.17936	230000	-1.2417635e-09	30.38839	-0.008442129	-4.8292985	0.39532864	0.01553788	0.08990899	15.0	628.2790167331696
23	95.424995	17.105265	100.0	-30.0	173.89285	31.172626	14.8753	62.264507	-27.559042	240000	-7.450581e-09	78.91486	-0.008870754	-18.768694	0.39629364	0.01571731	0.075307526	9.0	654.7035703659058
24	97.0963	4.6017294	100.0	76.6	181.40741	30.4302	14.223207	58.03333	-7.885149	250000	3.7252903e-09	39.19521	-0.00947803	-12.551312	0.3866653	0.01525033	0.0860086	9.0	682.3386490345001
25	97.33077	2.8971827	100.0	87.4	184.13461	30.148067	14.47091	61.28629	-9.03144	260000	1.9247333e-08	29.561487	-0.00845741	-5.0662026	0.383401	0.01592393	0.10361036	12.0	709.9438734054565
26	97.10566	4.69823	100.0	69.4	183.79245	30.379229	14.389147	62.30093	-17.128134	270000	6.829699e-09	29.759447	-0.0071035754	-4.788559	0.3989865	0.016500346	0.094109416	9.0	737.6255643367767
27	97.60741	2.6463008	100.0	90.4	178.46297	31.003448	13.690056	60.637287	-1.321485	280000	-1.1156469e-08	32.352444	-0.00547713	-7.1893506	0.41142046	0.016480908	0.07170717	6.0	764.4196212291718
28	97.26667	2.7941737	100.0	91.0	179.48148	31.362896	13.992502	61.109165	-5.0799284	290000	-1.2417635e-09	28.650824	-0.007363092	-6.9144325	0.41096035	0.015043345	0.075007506	12.0	791.7312669754028
29	96.91321	3.4355543	100.0	82.0	185.86792	30.417952	14.670571	61.34458	-2.9020417	300000	-1.7384687e-08	30.306158	-0.008719704	-4.8113785	0.4229428	0.015170199	0.082308225	17.0	819.4612691402435
30	97.30545	3.0816417	100.0	84.4	176.90909	30.876104	14.063936	61.7257	0.03205292	310000	1.1796753e-08	25.6662	-0.010531169	-4.519216	0.42158404	0.015195918	0.07760776	34.0	848.3173427581787
31	97.20377	3.703235	100.0	81.4	181.1132	30.947275	14.676199	62.304615	-4.6450157	320000	-8.692344e-09	23.88201	-0.008590628	-3.9166431	0.42304492	0.015299129	0.08170817	15.0	874.4287328720093
32	97.08888	3.4513907	100.0	86.2	178.46297	30.87884	14.607841	60.88936	-5.6887035	330000	-1.8626451e-09	27.925941	-0.0065240934	-4.4270744	0.43333983	0.016686259	0.08410841	9.0	900.953887462616
33	96.95926	3.7531967	100.0	80.8	182.37038	31.303127	14.292531	60.27687	-12.528873	340000	-7.450581e-09	28.524979	-0.009228411	-4.9839215	0.43614635	0.015479519	0.08220822	15.0	927.6962044239044
34	97.796295	2.3290405	100.0	92.8	180.31482	30.93826	13.973476	61.16651	0.031683356	350000	-2.6697913e-08	28.031616	-0.008666475	-4.7621	0.42926872	0.015259941	0.08520851	17.0	954.1308941841125
35	96.76538	3.4866166	100.0	82.6	186.36539	30.152515	14.988073	61.936188	-14.138058	360000	3.8494665e-08	27.73916	-0.006141553	-5.2709236	0.4276121	0.016372547	0.10961097	8.0	979.9307625293732
36	96.1963	5.751456	100.0	69.4	181.46297	30.214613	14.582217	61.57085	-14.486838	370000	2.9802322e-08	35.165287	-0.006544834	-7.95295	0.43010125	0.015139163	0.07910792	8.0	1008.9217946529388
37	96.01154	9.476482	100.0	34.0	184.92308	29.995195	14.523414	58.32659	-5.223008	380000	-1.9868216e-08	41.082188	-0.0075761355	-10.836856	0.41711974	0.015421246	0.080008	9.0	1036.9982481002808
38	95.8353	5.036448	100.0	71.8	189.96078	29.570177	14.872391	63.607594	-12.385863	390000	2.9802322e-08	34.419857	-0.0061105043	-6.909359	0.42283496	0.015368902	0.08150815	9.0	1063.7531216144562
39	96.41569	4.757301	100.0	80.0	188.47058	29.219917	14.606545	60.65633	-10.999465	400000	2.20413e-08	29.417213	-0.009883881	-5.8979173	0.41079143	0.015022035	0.08150815	22.0	1090.7618925571442
40	96.1577	6.5641613	100.0	58.0	187.07692	30.060495	14.033264	60.27667	-7.530865	410000	-1.4901161e-08	39.473614	-0.011275205	-7.486652	0.41466284	0.015457104	0.08360837	18.0	1115.9660787582397
41	97.15926	3.2544851	100.0	88.0	181.77777	30.245195	14.423894	60.861057	-6.7910943	420000	0.0	32.453457	-0.0064205616	-4.752069	0.41122034	0.015018169	0.089908995	9.0	1143.0682475566864
42	96.44444	4.1939406	100.0	80.2	180.87038	30.806343	14.427227	61.182213	-21.227303	430000	-1.6298145e-08	31.246742	-0.011725881	-5.0576463	0.4140757	0.015112548	0.09570956	43.0	1170.5550894737244
43	96.26154	5.2930346	100.0	73.6	185.26923	29.880178	14.722813	61.944332	-14.199749	440000	-7.450581e-09	37.084763	-0.009935041	-9.218036	0.41274098	0.015343641	0.08730873	13.0	1196.0523357391357
44	96.71851	4.323668	100.0	77.2	177.62962	30.967922	14.239741	59.122704	-2.625336	450000	-1.44355e-08	32.338116	-0.007932137	-5.0127773	0.4139488	0.01557691	0.090609066	11.0	1222.7083749771118
45	95.92653	7.759517	100.0	50.2	197.79591	28.672407	15.547969	61.6425	-19.27383	460000	2.483527e-09	44.40402	-0.008134738	-13.7873	0.40913597	0.016713882	0.087508745	7.0	1248.0006136894226
46	97.0923	3.3789988	100.0	85.0	185.0577	30.29971	13.111705	55.687912	-4.621732	470000	-8.7699545e-09	34.88215	-0.008644952	-10.53167	0.40034962	0.015296985	0.09630963	14.0	1274.0326302051544
47	96.38868	4.4900584	100.0	76.0	182.96227	30.397137	14.357979	60.486507	-3.1465197	480000	-5.153318e-08	27.721016	-0.0064553483	-4.3754315	0.39854753	0.016305385	0.080208026	9.0	1303.2890920639038
48	94.66792	14.913988	100.0	-10.0	186.35849	29.92496	14.450489	60.9351	-6.280031	490000	-4.967054e-09	85.532684	-0.007984638	-14.409149	0.39929453	0.015002142	0.07220722	14.0	1330.206591129303
49	96.615685	3.9279475	100.0	85.0	184.05882	29.25765	14.850886	58.841682	-17.169357	500000	2.576659e-08	32.20758	-0.008971342	-9.273851	0.40181962	0.015038569	0.079507954	17.0	1355.1725389957428
50	96.93847	3.664075	100.0	85.6	186.1923	29.768137	14.7161455	61.5228	-4.028462	510000	-4.656613e-09	28.81708	-0.010984182	-5.139746	0.39609805	0.015668882	0.08850885	17.0	1382.272837638855
51	97.143394	3.307254	100.0	86.2	181.1132	30.45689	14.435672	61.373226	-5.792541	520000	-2.7939677e-09	26.478338	-0.00960053	-4.203463	0.4058847	0.01536023	0.083808385	24.0	1410.1242003440857
52	97.04529	3.7980416	100.0	84.4	182.45284	30.632204	14.744222	62.085957	-21.361738	530000	-1.07878195e-08	29.404516	-0.0139925005	-4.256414	0.41359463	0.015406695	0.09470948	46.0	1439.039858341217
53	96.30197	5.1033816	100.0	77.8	189.88235	30.042442	14.826371	61.474277	-11.397029	540000	-1.7384687e-08	33.099716	-0.010219309	-8.695875	0.41223896	0.0153220445	0.08030803	16.0	1465.2512166500092
54	96.35294	4.7122016	100.0	79.0	187.94118	29.010956	15.207979	60.851437	-8.720461	550000	-4.967054e-09	28.419464	-0.009147659	-5.6231766	0.4063801	0.015256829	0.08330833	12.0	1491.4877965450287
55	96.32692	4.5988336	100.0	80.8	185.0	29.242971	15.066255	62.09628	-9.764156	560000	1.6142925e-08	30.873312	-0.010019577	-5.1230683	0.40973917	0.015491036	0.102410235	15.0	1518.7919616699219
56	95.1849	8.757087	100.0	56.0	182.24529	29.88234	14.493397	61.00679	-10.209825	570000	2.483527e-09	40.516598	-0.009429924	-7.2015643	0.41573235	0.015342817	0.09560957	12.0	1544.7163364887238
57	97.17359	3.3858833	100.0	86.8	181.49057	29.70091	14.456191	61.60247	-20.337173	580000	-1.6763806e-08	37.08634	-0.0057634586	-7.641415	0.41608134	0.016092708	0.06050605	6.0	1571.30384349823
58	95.08236	5.5833335	100.0	71.2	188.15686	29.975391	14.687132	60.267662	-14.035924	590000	-1.3737008e-08	33.920544	-0.009415691	-9.260133	0.41724896	0.015807994	0.09070907	13.0	1596.917007446289
59	96.24906	4.886007	100.0	76.0	180.20755	29.797407	14.704238	61.74498	-16.820898	600000	-2.530093e-08	33.96167	-0.007220641	-6.6966834	0.41549268	0.015711322	0.086608656	11.0	1624.2523295879364
60	95.43334	5.240406	100.0	78.4	181.18518	30.1137	14.921497	61.1138	-17.925497	610000	-1.9247333e-08	27.649	-0.008197444	-4.881418	0.41296884	0.015235561	0.0930093	11.0	1650.1919283866882
61	96.69057	4.6013236	100.0	74.2	183.01888	29.93845	14.723556	60.525574	-17.077847	620000	-1.2417634e-08	29.518723	-0.008952611	-6.4008102	0.39524272	0.015073198	0.07730773	15.0	1677.9881196022034
62	95.6151	4.8492517	100.0	81.4	182.96227	30.37938	14.595887	61.847637	-6.8260574	630000	-4.4703484e-08	38.291836	-0.010597423	-10.7426195	0.39891067	0.015011995	0.08720872	12.0	1704.2944316864014
63	91.91923	23.339146	100.0	-30.0	189.0577	29.01008	14.913853	61.642303	-17.849907	640000	0.0	150.1915	-0.00724488	-36.926895	0.3950429	0.015734298	0.059805978	10.0	1729.7828409671783
64	96.52963	4.285576	100.0	75.4	180.57408	28.66481	15.517173	57.11942	-16.987856	650000	3.1044085e-08	40.284275	-0.0077355546	-17.105932	0.3840891	0.015192366	0.0820082	10.0	1756.5637493133545
65	96.75094	4.068082	100.0	84.4	180.94339	30.037127	15.204349	62.161472	-21.360899	660000	-2.2972623e-08	27.772467	-0.008145154	-6.3152003	0.38764834	0.015016936	0.070007004	13.0	1782.4837238788605
66	96.65556	4.1933665	100.0	80.2	179.37038	30.849905	14.679186	61.8339	-11.582971	670000	1.2417635e-09	29.92571	-0.0139659615	-4.918368	0.38308406	0.015249091	0.09890989	54.0	1811.7149677276611
67	96.08846	5.463362	100.0	68.2	188.32692	29.150372	15.312019	64.31152	-8.892916	680000	-9.623666e-09	30.789734	-0.0074010226	-7.680332	0.39568034	0.01587849	0.06810681	8.0	1837.1257333755493
68	96.40784	4.355742	100.0	79.0	186.84314	29.593565	14.48925	61.354527	-7.9297504	690000	-8.071463e-09	33.543163	-0.01397306	-5.5997987	0.38847494	0.015136772	0.096909694	41.0	1863.9257729053497
69	96.381485	4.8220587	100.0	75.4	181.64815	29.947302	14.37086	60.468536	-24.756548	700000	3.259629e-08	31.859549	-0.00886126	-7.662939	0.39011988	0.015037224	0.08710871	12.0	1890.8891580104828
70	96.91698	4.1221786	100.0	77.2	182.54716	30.097834	14.599719	60.907585	-6.257643	710000	2.483527e-09	26.81585	-0.01649931	-4.483481	0.39317548	0.015062332	0.11231122	78.0	1918.678611278534
71	96.48148	3.949593	100.0	79.6	183.66667	29.829805	14.849786	62.220753	-6.4222865	720000	-2.4835268e-08	26.25746	-0.011260375	-5.211621	0.3833202	0.015003127	0.10651066	25.0	1948.5520429611206
72	96.23077	4.8245187	100.0	79.0	186.5	29.440569	14.709383	61.686493	-13.813071	730000	-1.14863115e-08	41.520786	-0.011150808	-10.589668	0.4015877	0.015188848	0.08750876	13.0	1975.9215986728668
73	96.0	5.004767	100.0	80.2	188.73077	29.01868	14.57459	64.21318	-6.0953293	740000	-2.7008355e-08	31.641302	-0.010561898	-8.891553	0.3828028	0.015113366	0.077707775	17.0	2002.2929906845093
74	96.305664	4.316988	100.0	82.0	181.16982	29.398283	14.950253	61.39292	-3.0945063	750000	-3.1044085e-09	36.583405	-0.014444694	-10.283067	0.3800775	0.015075825	0.09420941	50.0	2033.1818807125092
75	96.82641	4.6192436	100.0	76.0	183.86792	29.657728	14.705008	63.598644	-15.190147	760000	4.967054e-09	30.981665	-0.006998723	-6.7661004	0.38624486	0.016502233	0.06330633	8.0	2056.944757938385
76	97.19246	3.7412465	100.0	82.0	179.84906	30.669529	14.197504	59.49859	-3.7570019	770000	3.3217173e-08	30.645418	-0.007548347	-5.488503	0.3871568	0.016628169	0.07780778	12.0	2081.536866426468
77	96.63077	3.7854753	100.0	83.8	184.84616	30.446978	14.665054	61.871063	-4.459995	780000	-1.8626451e-08	27.40605	-0.0071620382	-6.022747	0.38443306	0.015478998	0.07540754	9.0	2108.2805438041687
78	96.87408	4.6811357	100.0	75.4	178.90741	30.132338	14.4293995	60.91543	-5.421614	790000	-5.5879354e-09	28.745173	-0.0076143057	-5.528133	0.38601556	0.015941389	0.08180818	13.0	2134.139374732971
79	96.769806	3.731234	100.0	80.0	182.13208	30.29806	14.4027605	61.36656	-2.046254	800000	1.5522042e-08	28.885355	-0.013700227	-4.588562	0.3773544	0.015032376	0.093509346	60.0	2163.0943143367767
80	97.79259	2.4723547	100.0	90.4	180.05556	30.27882	14.424523	62.23319	-1.1381946	810000	1.5522043e-09	24.227068	-0.0074636415	-4.057698	0.3800232	0.015131165	0.080708064	14.0	2189.2345428466797
81	96.86667	3.8699217	100.0	77.8	183.77777	30.817848	14.587955	61.281464	-6.5441995	820000	1.5522042e-08	29.376802	-0.0134902	-7.2692227	0.38223937	0.015255426	0.09450945	46.0	2216.871212720871
82	95.47924	14.912997	100.0	-10.0	183.20755	30.208612	14.356935	61.060757	-4.0017347	830000	-2.6077032e-08	84.454185	-0.008457369	-16.77533	0.38174114	0.015220296	0.08890889	10.0	2244.0457530021667
83	96.48302	4.126753	100.0	80.0	182.13208	29.505713	14.970067	61.04063	-20.788265	840000	-1.800557e-08	29.130396	-0.012486088	-6.5408535	0.3885477	0.01514059	0.09220922	34.0	2270.9123995304108
84	97.07547	3.9378617	100.0	76.0	184.84906	29.645414	15.1244545	61.433544	-12.718469	850000	2.7318796e-08	30.385447	-0.010120825	-4.601647	0.37952912	0.015525602	0.08180818	17.0	2299.2878124713898
85	96.31852	5.702438	100.0	70.0	178.46297	30.939943	14.087904	60.876698	-6.572659	860000	-2.0561856e-08	31.02271	-0.009846219	-4.7107525	0.3855065	0.015246607	0.09650966	24.0	2327.88721370697
86	95.8	6.0979185	100.0	65.8	186.73077	29.746817	14.862518	61.9139	-12.79791	870000	1.6880222e-08	33.426666	-0.0076876474	-6.1185718	0.38556996	0.015102088	0.092709266	12.0	2355.2379150390625
87	95.947174	5.484682	100.0	76.0	185.24529	29.271023	14.9452915	60.91644	-11.591833	880000	4.284084e-08	31.994139	-0.009276695	-6.808724	0.38771296	0.015349126	0.08320832	13.0	2382.299615383148
88	95.07059	10.5315075	100.0	29.8	189.86275	29.004585	15.112366	60.753605	-30.140902	890000	1.4901161e-08	36.883106	-0.0076408572	-10.793099	0.38917688	0.015132315	0.07120713	9.0	2410.5217492580414
89	96.270584	4.6632185	100.0	82.6	188.35294	29.143816	14.925566	61.012756	-6.408929	900000	-1.4901161e-08	31.457499	-0.007810498	-7.4300017	0.3855964	0.015061836	0.07850785	14.0	2437.3182067871094
90	96.350006	3.8971143	100.0	86.2	186.40384	29.155958	14.859861	61.5052	-20.456741	910000	-3.1044085e-09	35.02136	-0.0069579254	-8.049005	0.39047208	0.0153111415	0.078707874	7.0	2465.2691447734833
91	97.07273	3.4591353	100.0	82.0	174.98181	30.815195	14.230618	60.524406	-17.535408	920000	1.7151857e-08	26.858627	-0.011590297	-4.654432	0.39572045	0.015086703	0.09470946	31.0	2492.1910388469696
92	96.72593	4.3018165	100.0	82.0	180.07408	31.038996	14.282833	61.41298	-3.9151564	930000	-1.44355e-08	30.40502	-0.013406321	-4.8377647	0.3960794	0.015014112	0.09610961	32.0	2519.3060598373413
93	97.0	3.5018358	100.0	86.8	175.92857	30.999813	14.242503	61.46775	-0.67306185	940000	2.8871e-08	25.61641	-0.010115646	-4.0118556	0.38572225	0.015046164	0.099509954	18.0	2546.376496076584
94	96.429634	4.789867	100.0	77.2	181.57408	30.595789	14.48628	62.007454	-12.656149	950000	8.692344e-09	30.321966	-0.0070764893	-7.4543834	0.39061186	0.017419145	0.0860086	6.0	2572.98845243454
95	97.21429	2.7194688	100.0	88.0	177.58928	30.53574	15.083184	60.88038	-5.842356	960000	2.483527e-09	29.89765	-0.0044371006	-6.386352	0.39138135	0.015284143	0.086708665	6.0	2599.645895242691
96	95.93962	8.356634	100.0	40.0	184.30188	30.609833	14.451203	60.636806	-20.578043	970000	1.8626451e-08	33.570553	-0.01075799	-8.116836	0.37629429	0.015652737	0.09210921	21.0	2626.0664517879486
97	95.7283	11.782629	100.0	13.6	183.18867	29.513643	15.089897	59.39975	-20.85287	980000	5.370627e-08	38.970524	-0.0078099524	-10.13971	0.383163	0.01601495	0.0750075	9.0	2651.2002029418945
98	97.12453	3.4466777	100.0	88.0	184.39622	30.195286	15.057092	59.39105	-11.564126	990000	6.829699e-09	29.19301	-0.0127390325	-6.194914	0.37401745	0.015111393	0.09470946	50.0	2680.6045954227448
99	96.11852	4.631697	100.0	76.0	179.68518	30.56217	14.667207	60.951065	-4.9027705	1000000	-2.3903945e-08	33.190247	-0.009240397	-5.201282	0.37753597	0.015116657	0.08360836	18.0	2709.054196834564
100	96.99231	3.5585132	100.0	81.4	185.15384	30.122965	14.8319845	61.198917	-10.8480425	1010000	-1.2417635e-09	29.508667	-0.008165435	-4.273214	0.38175726	0.015433229	0.07480748	17.0	2737.249372243881
101	96.77143	5.0635147	100.0	66.4	175.26785	30.872229	14.931098	61.42016	-14.592575	1020000	9.934108e-09	27.015368	-0.008868285	-4.920328	0.3802803	0.01612913	0.093309335	13.0	2764.9048092365265
102	95.037735	8.05088	100.0	64.0	184.01888	30.45601	15.423688	61.287903	-18.000544	1030000	-2.2351742e-08	43.31538	-0.011467293	-12.24123	0.4053005	0.015274067	0.0940094	13.0	2791.506191968918
103	96.45186	4.5418525	100.0	81.4	180.59259	29.758469	14.822962	60.34276	-5.0212255	1040000	1.8626451e-08	29.516157	-0.016337018	-5.5135674	0.38800693	0.014438308	0.10111011	79.0	2819.1356410980225
104	96.929634	3.778332	100.0	86.2	180.42592	30.118887	14.283686	61.13523	-9.164752	1050000	2.483527e-09	32.62677	-0.009369227	-7.351419	0.38294175	0.015027967	0.09930993	12.0	2845.0499765872955
105	95.879234	5.5307493	100.0	77.2	181.39622	30.281914	14.2048855	61.456818	-8.763703	1060000	-2.0489097e-08	37.070152	-0.009507959	-7.8272758	0.3894283	0.015023787	0.09210921	18.0	2873.0748987197876
106	96.12453	5.653948	100.0	68.8	181.96227	29.695173	15.052557	61.619965	-14.798355	1070000	-1.1175871e-08	34.555702	-0.00923146	-9.059365	0.37857142	0.015058133	0.07810781	15.0	2900.7548542022705
107	96.8151	3.5249727	100.0	84.0	181.28302	30.380194	14.5703	60.22766	-4.0798182	1080000	5.4637592e-08	29.937393	-0.007959832	-4.8928294	0.38783863	0.01549068	0.091709174	13.0	2929.853573322296
108	96.443634	4.283871	100.0	80.2	178.98181	30.86337	14.153584	61.228638	-9.093242	1090000	-1.2417635e-09	30.95706	-0.0077150553	-5.2227063	0.38029113	0.015012629	0.07740774	13.0	2957.4200043678284
109	97.54815	3.077321	100.0	88.0	181.62962	30.132235	14.558109	61.24349	-12.644744	1100000	1.5987704e-08	31.391684	-0.0075538233	-5.0828934	0.37493095	0.015465555	0.08210821	11.0	2984.3583896160126
110	96.71852	3.7011547	100.0	86.2	179.05556	30.978722	14.344721	60.64415	-3.2103531	1110000	-3.0423205e-08	28.7722	-0.006784804	-6.052723	0.37258983	0.015359203	0.084708475	11.0	3012.1551077365875
111	97.45926	3.4112294	100.0	80.0	177.01852	31.163963	13.970165	60.86167	0.48102626	1120000	2.8250119e-08	28.89572	-0.014499334	-4.247106	0.37087402	0.012428995	0.09910991	79.0	3040.956438064575
112	95.96364	5.4915595	100.0	72.4	180.8	30.956217	14.513179	61.63125	-19.267893	1130000	1.8936893e-08	37.476063	-0.008539397	-8.265599	0.38879994	0.01647714	0.07780778	11.0	3068.6318740844727
113	96.6566	3.910002	100.0	81.4	183.96227	29.963106	14.448638	60.38798	-6.397097	1140000	2.7939677e-08	32.620174	-0.009190227	-5.6326804	0.37448573	0.01501749	0.08420842	14.0	3095.472191810608
114	96.89434	4.3918624	100.0	76.0	181.69812	30.144533	14.499879	61.372406	-8.084605	1150000	1.2417634e-08	32.52241	-0.00812102	-5.315239	0.36313462	0.015303609	0.08240824	11.0	3123.4113125801086
115	96.97819	4.5473948	100.0	76.0	176.98181	30.750393	14.161929	60.769337	-0.8402474	1160000	-1.8626451e-09	29.425644	-0.006851165	-4.1139717	0.3557924	0.016351406	0.07410741	13.0	3150.033280849457
116	97.477776	2.720408	100.0	89.2	181.59259	30.84625	14.478306	61.704525	-2.634457	1170000	-2.0489097e-08	29.987642	-0.005799378	-5.1326256	0.35896397	0.01501698	0.073507346	11.0	3178.9833266735077
117	96.68302	6.707634	100.0	53.2	184.96227	30.12275	14.958528	61.62337	-8.647119	1180000	-1.6142925e-08	29.068382	-0.007684868	-5.8853297	0.3605378	0.016460773	0.07580758	14.0	3207.1081581115723
118	96.776474	3.9096959	100.0	84.4	188.19608	29.30739	14.984715	61.488247	-14.174937	1190000	8.071463e-09	33.177418	-0.00661186	-5.148009	0.3619189	0.015226659	0.0869087	8.0	3235.316396713257
119	96.83846	3.7208433	100.0	82.0	184.61539	29.50387	14.878623	59.828274	-7.669386	1200000	1.1175871e-08	27.662882	-0.0072065615	-3.7520409	0.35868117	0.015302771	0.072607264	11.0	3261.8322999477386
120	96.73207	3.854905	100.0	76.0	184.71698	30.078428	14.904331	60.629124	-5.7487307	1210000	1.3348957e-08	26.615265	-0.008570968	-3.586789	0.36419776	0.015270795	0.10031003	16.0	3287.217651605606
121	96.80384	3.730847	100.0	85.0	185.3077	29.780836	14.613181	60.566837	-16.211008	1220000	-4.1909516e-08	35.51888	-0.007479777	-6.342972	0.3642424	0.015107944	0.07920792	8.0	3313.2639412879944
122	96.94903	3.5193233	100.0	86.2	187.66667	29.994087	14.373776	60.389503	-8.121025	1230000	2.173086e-08	28.629852	-0.009016284	-4.915857	0.36670515	0.015511748	0.089008905	15.0	3339.208606004715
123	97.55095	3.7416384	100.0	76.6	186.39622	29.673368	14.493142	60.8665	-14.904906	1240000	-6.829699e-09	30.499308	-0.008418705	-7.1848907	0.3546934	0.01500684	0.08060806	14.0	3366.6519677639008
124	96.513214	3.9583702	100.0	86.8	180.64151	30.478209	14.67385	60.456844	-5.7804327	1250000	2.483527e-09	27.670883	-0.008918169	-4.5986886	0.3582799	0.015004151	0.08980898	16.0	3393.610715150833
125	96.840004	4.419362	100.0	75.4	179.21819	30.719652	14.321161	61.73707	-3.2232602	1260000	-7.450581e-09	29.946959	-0.011339527	-6.1997013	0.36346087	0.015120506	0.08410841	26.0	3421.0917532444
126	97.11273	3.2951229	100.0	83.8	177.65454	30.791275	14.667012	61.58627	-3.32154	1270000	7.392373e-09	22.593176	-0.0074587576	-4.0545044	0.359308	0.015610482	0.07640764	14.0	3449.450075149536
127	96.96296	3.430813	100.0	88.0	178.24074	31.164562	14.572262	62.10243	-3.5843494	1280000	3.1044085e-09	25.956375	-0.009582537	-3.6267636	0.3634297	0.015925853	0.0809081	14.0	3474.23673081398
128	96.2151	5.5672693	100.0	70.0	185.79245	30.30142	14.708329	61.77291	-23.898626	1290000	2.2351742e-08	32.456642	-0.008247302	-6.1545024	0.359473	0.015570358	0.092009194	13.0	3501.1408636569977
129	97.2717	2.923966	100.0	90.4	181.54716	30.090834	14.480318	59.70605	-4.352024	1300000	2.1109978e-08	28.230316	-0.006319204	-4.193769	0.34824285	0.015423715	0.084808476	9.0	3528.281482934952
130	96.3	6.7037582	100.0	59.2	177.87038	30.715355	14.513953	60.50221	-8.853157	1310000	-2.173086e-08	30.189438	-0.0074082543	-6.66741	0.35546353	0.016113857	0.071807176	9.0	3554.121738433838
131	94.750946	12.975036	100.0	13.0	186.8868	29.10346	15.400719	60.858196	-17.879614	1320000	-1.2417635e-09	41.87903	-0.0070603117	-17.288729	0.36194205	0.017028285	0.08540854	6.0	3581.3681621551514
132	95.45769	8.036966	100.0	49.6	189.0	29.008154	15.723731	61.12259	-19.62849	1330000	-2.2351742e-08	39.3444	-0.007568239	-11.254794	0.35685277	0.016012987	0.08060806	9.0	3608.4631044864655
133	96.19643	7.315394	100.0	50.8	176.71428	30.332436	14.265319	58.655205	-21.474085	1340000	-7.450581e-09	32.45305	-0.0058218897	-7.027023	0.3539809	0.01638977	0.06640664	7.0	3635.8480229377747
134	96.361534	4.7688155	100.0	77.2	186.28847	30.229465	14.597399	58.09127	-17.14851	1350000	1.3581787e-08	35.91693	-0.009861345	-9.319385	0.3420647	0.015559125	0.08360837	15.0	3661.946308374405
135	96.25185	4.902031	100.0	77.2	182.88889	30.48862	14.488709	62.07266	-12.810982	1360000	-7.450581e-09	29.788301	-0.0067091123	-5.728628	0.34171566	0.015544075	0.06720672	10.0	3689.8624970912933
136	95.99607	4.6769342	100.0	82.6	191.58824	29.174223	14.960558	61.866394	-10.785903	1370000	-9.623666e-09	31.234459	-0.007452166	-7.8428054	0.33603445	0.015270653	0.083808385	10.0	3717.5443522930145
137	97.00741	3.7378867	100.0	85.6	182.38889	29.746578	14.122695	61.739044	-0.5186794	1380000	1.3969839e-08	31.348787	-0.010094091	-5.718265	0.3326546	0.015283108	0.080408044	17.0	3745.756166934967
138	96.70545	3.9267576	100.0	85.0	178.8	30.509975	14.603001	61.59413	-1.1566422	1390000	-8.071463e-09	29.269896	-0.009021788	-5.088728	0.3331946	0.015544345	0.07740774	17.0	3773.54936337471
139	95.93077	6.9653964	100.0	60.4	186.26923	29.336235	15.573556	61.666485	-17.718437	1400000	-1.6142925e-08	42.690907	-0.0062816697	-11.862285	0.3478198	0.015595742	0.05130513	5.0	3799.1363883018494
140	96.3963	5.373942	100.0	65.2	179.90741	30.461767	14.625618	56.6853	-9.132015	1410000	-8.071463e-09	32.053753	-0.010550052	-6.853439	0.34803247	0.015200354	0.0880088	20.0	3825.6137363910675
141	96.877785	5.112572	100.0	73.0	176.37038	30.542028	14.949693	61.0046	-10.311075	1420000	-3.9115548e-08	28.923958	-0.0066586845	-6.1455026	0.36267734	0.015571937	0.082908295	8.0	3852.1710879802704
142	93.86923	16.654123	100.0	-20.0	186.51923	29.995668	15.245303	60.56003	-26.223795	1430000	-1.7384687e-08	62.357075	-0.008331352	-27.443367	0.3615186	0.015476848	0.08180818	10.0	3878.490100622177
143	96.86793	3.7947216	100.0	86.8	183.67924	29.985062	14.589161	59.272995	-19.866096	1440000	-1.21071935e-08	34.29382	-0.0082893735	-6.7756557	0.34974918	0.015320207	0.07740774	13.0	3905.616881608963
144	93.98077	15.506191	100.0	-10.0	187.96153	29.390434	15.494966	61.43629	-17.996387	1450000	1.1175871e-08	71.20809	-0.010172229	-26.65554	0.36069474	0.015002842	0.08860886	18.0	3931.934072494507
145	97.31636	3.6842058	100.0	80.2	178.18182	29.846272	15.025762	61.08313	-12.281456	1460000	7.1013346e-09	35.17301	-0.008790736	-8.286548	0.3581593	0.015729658	0.07120712	15.0	3959.7305204868317
146	96.63077	5.4606824	100.0	70.6	187.5	29.418926	15.886663	61.690792	-32.391808	1470000	-1.5522043e-10	37.347168	-0.009054706	-9.82873	0.3655111	0.015348951	0.07320732	10.0	3985.7703428268433
147	96.49811	4.693894	100.0	80.0	183.90565	29.94506	14.810655	60.33924	-14.331161	1480000	9.934108e-09	30.874388	-0.01594401	-6.1064706	0.37546209	0.0152087845	0.09960996	52.0	4013.459245443344
148	94.661224	9.250897	100.0	46.0	199.55103	27.93456	15.402998	61.486355	-27.270054	1490000	-3.7252903e-09	41.6273	-0.010567863	-13.205261	0.37762204	0.0151790185	0.073407345	10.0	4039.5104429721832
149	97.5077	2.8459046	100.0	88.0	185.11539	29.116047	14.0333185	60.22283	-19.693172	1500000	5.5879354e-09	31.384138	-0.006911917	-7.1744275	0.35650995	0.015315727	0.06980698	10.0	4064.94438624382
150	97.126915	3.474529	100.0	79.6	182.96153	30.448442	14.427527	62.11259	-9.80415	1510000	-1.1175871e-08	29.163946	-0.0096773645	-5.5570636	0.36059508	0.015333959	0.082008205	21.0	4091.5083503723145
151	94.965385	12.278168	100.0	25.6	186.15384	29.077845	15.481618	61.945953	-21.475447	1520000	-5.153318e-08	40.46463	-0.009894103	-12.376859	0.3680259	0.015758313	0.085808575	9.0	4117.139222860336
152	97.43529	2.736738	100.0	89.2	191.03922	29.584686	14.93143	57.60465	-22.460762	1530000	1.4280279e-08	33.68628	-0.0053045675	-9.324609	0.36442676	0.015002005	0.06520652	7.0	4145.177832126617
153	96.308	5.5303106	100.0	75.4	193.64	29.00073	14.985966	59.243168	-26.994171	1540000	9.613966e-09	32.477444	-0.009827609	-7.6243935	0.3620952	0.015326093	0.08330833	12.0	4172.765783071518
154	95.744	7.5605335	100.0	57.4	193.36	28.92379	15.01818	59.215775	-27.26283	1550000	-6.829699e-09	44.717846	-0.008011956	-13.031562	0.36533102	0.015222113	0.08590859	10.0	4200.5009117126465
155	96.64	3.4933078	100.0	84.4	193.3	28.846052	14.752316	60.435467	-13.279537	1560000	-7.450581e-09	31.858322	-0.011216904	-6.716418	0.35990325	0.015095522	0.088508844	20.0	4227.65592956543
156	93.675995	13.399336	100.0	9.4	194.92	28.784117	14.5343275	61.66554	-23.623932	1570000	1.7074248e-09	44.004574	-0.0085677365	-14.089241	0.36589202	0.01784953	0.07470747	7.0	4254.951681852341
157	94.756	12.048255	100.0	17.8	190.92	27.331472	15.486274	60.807037	-22.373468	1580000	-9.934108e-09	39.778564	-0.007913682	-9.864177	0.37403086	0.01641915	0.08420843	7.0	4283.565631389618
158	93.52245	13.79783	100.0	12.4	197.14285	27.4997	15.53201	59.70819	-26.237843	1590000	-2.142042e-08	43.500774	-0.007437919	-13.081276	0.38501048	0.017037096	0.07950795	7.0	4308.9294900894165
159	96.21154	4.7024403	100.0	76.0	186.76923	29.359426	14.201969	59.06227	-3.1315734	1600000	2.3593506e-08	36.180283	-0.0077350936	-7.453427	0.3728414	0.015381366	0.07830783	14.0	4335.876386880875
160	97.40377	3.8698618	100.0	78.4	180.37737	30.512442	13.914818	60.94266	-2.878694	1610000	-1.8626451e-09	26.420752	-0.007953248	-3.6279576	0.37609467	0.015679894	0.07530753	11.0	4361.514358758926
161	96.05	7.1171374	100.0	52.0	185.82692	29.922184	14.758893	60.385216	-11.143554	1620000	-1.4901161e-08	38.45156	-0.012179225	-8.546748	0.37521374	0.015105456	0.08780878	25.0	4388.4147045612335
162	97.68149	3.028633	100.0	88.6	181.27777	30.469156	14.106288	59.924053	-5.0423775	1630000	5.5879354e-09	32.5412	-0.008430482	-7.2212157	0.37364328	0.015315536	0.06980698	11.0	4415.814736843109
163	95.37255	5.755	100.0	76.0	189.33333	29.513947	14.972854	60.76634	-4.5788193	1640000	-8.692344e-09	37.147587	-0.0067499173	-7.5639825	0.37660155	0.015665779	0.08350835	10.0	4444.950494766235
164	96.796295	3.9694185	100.0	83.2	182.11111	29.85255	14.046612	60.626476	-8.854776	1650000	-3.1044087e-10	34.277832	-0.009571842	-6.1109524	0.37383056	0.015197619	0.07150715	19.0	4472.547415971756
165	96.74717	4.0797987	100.0	81.4	183.16982	30.240604	14.457906	60.673046	-4.6487007	1660000	-9.701277e-09	30.193579	-0.009777736	-6.148817	0.36920604	0.015002851	0.082808286	27.0	4500.519728183746
166	93.650986	17.16151	100.0	-20.0	191.2745	29.0875	15.134485	60.989864	-17.487976	1670000	1.1175871e-08	86.257935	-0.012363502	-27.51503	0.38004732	0.015040919	0.09230924	33.0	4529.036905288696
167	95.55295	5.7285786	100.0	73.6	188.7255	28.398998	15.006199	56.35667	-23.630001	1680000	-2.7163575e-08	33.165787	-0.0091070505	-8.413619	0.37936234	0.015080206	0.086508654	12.0	4557.211549282074
168	96.33962	5.9499273	100.0	61.6	185.45284	29.742037	14.659299	60.71618	-10.058882	1690000	-6.2088173e-10	34.026287	-0.010823521	-7.8037496	0.38000008	0.015080814	0.08850885	15.0	4583.487670183182
169	97.2	3.2872715	100.0	88.6	186.03847	29.601292	14.49453	60.39715	-0.63976705	1700000	-2.8094897e-08	25.894648	-0.010793428	-4.6304893	0.37502694	0.015034545	0.08410841	28.0	4612.188659906387
170	96.46923	4.2984586	100.0	80.0	187.90384	29.575531	14.760387	61.942574	-14.820674	1710000	-1.6618287e-08	29.15756	-0.011681877	-5.2175	0.37752032	0.015316665	0.08150815	26.0	4641.129745483398
171	96.83077	5.323588	100.0	64.0	183.28847	29.643078	14.67031	61.50148	-15.635318	1720000	9.313226e-09	33.444397	-0.015725605	-8.710448	0.37903723	0.01512257	0.09390939	41.0	4668.161659002304
172	97.21111	3.4311032	100.0	86.8	178.62962	30.59631	14.19485	58.61085	-7.3692427	1730000	-9.313226e-09	26.764883	-0.007655645	-4.2604394	0.38021007	0.0154844625	0.0770077	9.0	4695.485236406326
173	94.25	9.562819	100.0	54.0	185.03847	29.790266	15.32367	60.41854	-29.587296	1740000	-1.2417634e-08	46.0258	-0.010377518	-11.114761	0.3738927	0.015275061	0.09360936	18.0	4724.301554918289
174	97.025925	3.4576905	100.0	84.4	180.05556	29.592617	14.49307	57.859955	-5.0433674	1750000	-3.1044085e-08	28.141802	-0.010471672	-6.879461	0.36064184	0.015343614	0.08210821	27.0	4753.36274766922
175	97.32308	3.312483	100.0	88.6	185.8077	30.192059	14.427085	61.908073	-11.24188	1760000	0.0	31.621687	-0.009878169	-8.488194	0.3681831	0.01503935	0.08170817	16.0	4782.582926034927
176	96.41923	4.541816	100.0	76.0	188.09616	29.601803	14.8199	61.16649	-14.56479	1770000	2.483527e-09	31.780115	-0.011820809	-5.665897	0.3680584	0.015122215	0.08750876	33.0	4811.045058488846
177	96.93078	3.9026396	100.0	80.2	183.48077	29.734877	14.498115	62.187244	0.29645932	1780000	-1.7850349e-08	27.602747	-0.009164498	-4.276798	0.3708937	0.015208281	0.07840785	18.0	4838.270743608475
178	97.10545	3.4964616	100.0	85.6	179.81818	30.38507	14.862007	61.672173	-15.202167	1790000	-1.800557e-08	25.112564	-0.006230388	-2.8359706	0.36742273	0.015013565	0.08360837	13.0	4864.337349176407
179	96.8	3.6217453	100.0	82.0	183.38889	30.505043	14.668828	62.032665	-1.8973854	1800000	7.450581e-09	27.527742	-0.0063551827	-4.9723115	0.37646747	0.015029736	0.067606755	9.0	4891.058310270309
180	97.20769	3.3309646	100.0	84.4	182.13461	30.255386	14.490641	62.224857	-6.2095494	1810000	-1.800557e-08	25.420607	-0.0066079707	-3.5556953	0.3742455	0.016286815	0.07950795	12.0	4918.663732290268
181	96.81132	3.0877519	100.0	88.0	184.4717	30.317556	14.439428	62.100826	0.32887912	1820000	3.158736e-08	22.831888	-0.0080924565	-3.361943	0.37507915	0.015055578	0.07880788	20.0	4944.594035148621
182	97.14718	3.6350806	100.0	83.8	181.32076	29.837906	14.775501	61.804153	-10.10344	1830000	0.0	30.266912	-0.0069532953	-6.5443587	0.38605508	0.016065082	0.07240724	9.0	4972.57955956459
183	95.50189	9.500794	100.0	34.0	186.1132	30.2238	14.51719	61.099346	-23.113455	1840000	-3.3527613e-08	40.67983	-0.010466409	-9.731786	0.37915584	0.015642999	0.09310931	23.0	5001.021305799484
184	97.25926	3.259318	100.0	85.6	180.2037	30.037699	14.065161	59.328724	-12.791735	1850000	-1.3659398e-08	33.17068	-0.010040205	-6.26581	0.38990438	0.015301277	0.09740973	24.0	5026.988396167755
185	96.47548	5.6916	100.0	62.0	182.92453	30.661709	13.952028	61.540794	-5.9278483	1860000	1.3038516e-08	34.203045	-0.00978009	-6.0367074	0.3972851	0.015170875	0.08590859	29.0	5054.488689184189
186	96.30189	4.6510897	100.0	76.0	183.71698	30.215363	14.456744	61.5016	-9.330503	1870000	-1.8626451e-09	27.799612	-0.008469245	-4.052387	0.39467427	0.015385835	0.07130713	16.0	5080.42027592659
187	95.26667	7.0181465	100.0	68.2	191.43137	29.203356	14.883363	61.480167	-25.337622	1880000	-4.8428774e-08	33.03062	-0.009847843	-6.744942	0.3770964	0.015986828	0.102810286	15.0	5107.641973972321
188	97.290565	3.235316	100.0	86.0	185.0	28.964054	14.29808	60.408463	-8.4687195	1890000	4.148266e-08	33.054203	-0.0066463663	-8.574536	0.38629505	0.015529588	0.076007605	7.0	5134.231187582016
189	97.441505	3.2144387	100.0	88.0	182.83018	30.589893	13.925345	60.47922	-6.3816156	1900000	4.967054e-09	25.542944	-0.0069518965	-5.2433248	0.37628475	0.015067582	0.075007506	13.0	5162.376554727554
190	96.60784	3.6012986	100.0	83.2	190.54903	29.664385	14.756318	61.26227	-14.888235	1910000	1.6142925e-08	29.541086	-0.007932867	-5.162876	0.38293123	0.015289593	0.086708665	11.0	5189.346650123596
191	96.81176	4.6673517	100.0	74.8	185.2549	29.4972	14.703826	61.27676	-11.44326	1920000	2.173086e-08	32.108196	-0.007943209	-5.096421	0.37497547	0.015121102	0.076207615	12.0	5215.643727779388
192	96.524536	4.3531337	100.0	78.4	179.8868	30.716185	14.241349	60.44428	-0.7521685	1930000	-1.8626451e-09	29.650015	-0.011783403	-4.2554836	0.36624196	0.015325431	0.0890089	49.0	5243.359281301498
193	96.84615	5.17057	100.0	72.4	183.88461	29.836473	14.896347	62.734512	-12.716295	1940000	8.692344e-09	32.08045	-0.011629862	-8.399253	0.3809601	0.015573268	0.088108815	15.0	5270.539954900742
194	96.74909	4.061029	100.0	78.4	178.12727	30.273289	14.4806185	61.808315	-9.960884	1950000	2.3593506e-08	28.5354	-0.007201936	-3.9176636	0.37846458	0.01585493	0.08820882	11.0	5299.140385389328
195	97.27924	3.7237306	100.0	77.8	181.0	30.822773	14.412757	61.917004	-1.1117312	1960000	-6.208817e-09	25.531113	-0.013568743	-2.602913	0.36895037	0.014083157	0.09940994	79.0	5326.98921251297
196	97.381134	3.366038	100.0	84.4	183.5283	30.633045	14.380727	62.13186	-11.527321	1970000	8.692344e-09	29.658157	-0.01356277	-3.903167	0.36510813	0.015484625	0.09370937	44.0	5355.203857421875
197	88.07347	31.808346	100.0	-70.0	193.7347	27.596931	16.211466	63.389053	-23.650387	1980000	-2.6697913e-08	125.10725	-0.008825995	-50.778164	0.37780666	0.015225324	0.061406136	7.0	5381.919455528259
198	96.38148	10.349684	100.0	24.4	181.7963	29.161741	14.698183	60.692078	-32.917526	1990000	-4.967054e-09	44.359974	-0.0061271205	-15.1587515	0.35354558	0.01501245	0.061706174	10.0	5408.684663772583
199	96.50371	7.5385175	100.0	46.0	181.48148	30.493982	14.773188	62.51035	-13.157077	2000000	4.5324366e-08	33.150173	-0.007844232	-7.53878	0.3587208	0.015226434	0.08250825	14.0	5435.011679887772
200	96.934616	4.31611	100.0	79.6	185.09616	29.613035	15.207101	64.11749	-17.009026	2010000	1.4280279e-08	33.62409	-0.0076840897	-9.414259	0.36280015	0.017037949	0.09890989	8.0	5462.510760545731
201	97.244446	3.7183561	100.0	80.0	180.51852	30.545889	14.527022	61.558296	-14.038052	2020000	6.208817e-09	26.51668	-0.006930758	-4.2330785	0.35224113	0.01514851	0.0720072	13.0	5489.096609354019
202	96.21154	5.702552	100.0	72.4	188.8077	30.118242	14.83105	62.77806	-13.539881	2030000	-6.208817e-09	36.66098	-0.008292891	-6.949388	0.35582912	0.01634233	0.07630763	12.0	5517.083802938461
203	97.58519	3.3188243	100.0	85.6	178.22223	29.851877	14.348088	61.424038	-4.702274	2040000	-5.5879354e-09	28.419922	-0.00580704	-6.6293445	0.35610613	0.015707493	0.07300731	9.0	5542.717743635178
204	97.42909	2.9424586	100.0	86.2	176.89091	31.274164	14.565648	61.824833	-0.43686694	2050000	2.173086e-08	23.649137	-0.009574637	-3.4078872	0.35235825	0.01503558	0.08130813	35.0	5570.577855348587
205	96.622215	4.8510656	100.0	76.0	178.61111	30.913986	14.674929	61.95894	-13.415449	2060000	-6.2088173e-10	34.756947	-0.009227324	-5.43931	0.36046755	0.015549979	0.078007795	21.0	5598.619684457779
206	97.361534	3.6179128	100.0	83.2	181.0	30.079851	15.167618	62.105755	-2.6298504	2070000	2.7008355e-08	31.045809	-0.007155729	-6.7138286	0.35985932	0.015626173	0.07740774	14.0	5624.130477905273
207	94.99245	11.978785	100.0	13.6	184.67924	29.566011	15.219839	61.908737	-14.957713	2080000	6.2864274e-09	38.305965	-0.0064389952	-10.876205	0.36936042	0.015945017	0.07920792	8.0	5651.999815702438
208	97.32727	3.4395273	100.0	86.0	180.47273	30.080267	14.907181	61.32784	-11.286628	2090000	-9.934108e-09	26.5992	-0.007366599	-4.786546	0.3719541	0.015657429	0.075207524	14.0	5680.543062448502
209	97.53961	2.8662205	100.0	88.0	181.94339	30.653992	14.459096	61.501217	-6.854793	2100000	1.3038516e-08	25.807983	-0.0077595175	-4.5181766	0.3730193	0.015331213	0.07960796	14.0	5707.587468862534
210	95.649994	14.966572	100.0	-10.0	184.86539	30.135225	15.124266	60.503967	-39.36206	2110000	-8.071463e-09	40.33986	-0.010128588	-15.246269	0.37578878	0.015462984	0.097109705	16.0	5734.081734657288
211	96.46666	5.3917394	100.0	68.2	186.82353	30.025682	15.342084	61.861366	-9.58562	2120000	-2.2351742e-08	35.20516	-0.008107543	-6.5840974	0.3716282	0.01564159	0.08920892	11.0	5760.53467798233
212	97.35294	3.4746342	100.0	85.0	189.54903	29.441267	14.9854355	61.31959	-19.044971	2130000	-1.6142925e-08	30.822195	-0.006645765	-6.6329026	0.37729004	0.016221536	0.08220822	7.0	5786.707510232925
213	96.9	5.4311514	100.0	64.0	177.92592	30.403824	14.493697	59.642845	-2.9874377	2140000	3.7252903e-09	33.695736	-0.007245775	-4.977114	0.38172582	0.01589453	0.095909595	14.0	5813.556037187576
214	97.311104	4.7376614	100.0	67.6	176.55556	30.949663	14.2978945	61.686802	-22.553806	2150000	4.346172e-08	29.180021	-0.010230984	-4.520571	0.37565288	0.015090939	0.08760876	25.0	5840.453500509262
215	95.21923	15.131184	100.0	-10.0	182.67308	30.819609	14.645321	60.872826	-4.390586	2160000	9.934108e-09	81.711296	-0.0145650655	-19.683212	0.37689602	0.01516633	0.09450945	75.0	5868.467110157013
216	97.42909	3.3373735	100.0	85.6	176.89091	30.516207	15.052228	59.94745	-24.994911	2170000	1.3659398e-08	30.984495	-0.0113011515	-7.5718656	0.3777108	0.015006687	0.09580958	30.0	5895.81834602356
217	96.33704	6.6761956	100.0	56.0	181.25926	30.363874	15.349995	61.53364	-14.205531	2180000	-7.450581e-09	38.257565	-0.010856144	-7.2498193	0.3884625	0.01572168	0.095309526	23.0	5924.569233417511
218	97.84643	2.3880627	100.0	92.2	174.91072	30.949762	14.468615	59.491844	-6.948998	2190000	2.7318796e-08	23.598139	-0.006419745	-4.3592033	0.3800312	0.015553755	0.090009004	13.0	5950.890697956085
219	96.59246	5.6954093	100.0	70.6	179.5849	30.874146	15.055381	61.471	-5.465098	2200000	1.4590721e-08	33.25194	-0.0071375035	-5.6717973	0.40426707	0.015753118	0.08880887	9.0	5977.618070840836
220	97.721436	2.8959765	100.0	87.4	176.39285	30.488089	14.810004	61.41053	-26.340553	2210000	-1.5522042e-08	25.630997	-0.008390923	-4.6495414	0.40731493	0.015026766	0.08670867	12.0	6006.0271089077
221	97.88929	3.069881	100.0	80.8	175.39285	31.57816	14.734769	60.93136	0.65359783	2220000	2.483527e-09	27.678991	-0.009025819	-4.654093	0.3958263	0.015674623	0.087408744	21.0	6033.695293664932
222	97.74	2.6135795	100.0	88.0	189.22	29.234402	15.929497	61.74007	-31.835873	2230000	-1.2417635e-09	37.963787	-0.009012482	-11.145115	0.3943121	0.01539138	0.089908995	12.0	6059.543742179871
223	96.5434	8.4264965	100.0	39.4	181.75471	30.126575	15.102499	60.572094	-32.94327	2240000	4.718701e-08	32.20431	-0.00968182	-6.7562947	0.3985174	0.0154227065	0.07870787	17.0	6085.2859580516815
224	97.21851	3.06238	100.0	89.8	180.85185	30.181093	15.422021	60.993145	-20.080881	2250000	-3.601114e-08	27.625818	-0.0077972696	-5.538029	0.3975173	0.015791597	0.096809685	12.0	6111.138277053833
225	97.888885	2.822572	100.0	88.6	177.88889	30.63625	15.009348	60.384003	-22.014856	2260000	9.313226e-09	23.907072	-0.006491989	-3.948373	0.40118253	0.016041888	0.099709965	12.0	6138.49474811554
226	97.65357	3.2411394	100.0	80.8	177.16072	31.134863	15.122803	61.550125	-10.917675	2270000	5.525847e-08	25.527687	-0.0082302615	-3.149109	0.40614596	0.0150151765	0.0860086	16.0	6166.115026950836
227	96.49435	5.0119257	100.0	74.0	182.5283	31.03019	14.735108	63.896282	-5.916732	2280000	-3.0578423e-08	30.13909	-0.012909736	-4.8256664	0.4018127	0.015103198	0.10581058	65.0	6196.542818307877
228	97.022644	6.5357833	100.0	54.0	181.20755	29.838095	15.156615	60.83716	-12.511771	2290000	3.7252903e-09	39.313953	-0.008489597	-5.550195	0.40577388	0.015422176	0.08270827	12.0	6222.965945720673
229	97.83077	2.5417693	100.0	90.0	183.84616	30.488344	14.409695	60.073917	-16.9874	2300000	3.4924597e-08	29.680323	-0.006742219	-4.2343864	0.402809	0.015688406	0.07760776	12.0	6249.267635345459
230	96.52076	3.7959936	100.0	83.8	182.43396	30.67933	14.571817	60.65343	-4.899787	2310000	1.7384687e-08	35.80219	-0.008964467	-7.109986	0.4010149	0.015530984	0.08620862	10.0	6277.216255426407
231	97.32727	3.5571926	100.0	77.8	179.21819	30.803158	14.308726	61.065384	-8.427588	2320000	3.7252903e-09	27.830887	-0.006883699	-6.092119	0.39998427	0.01567153	0.06960696	9.0	6304.147495985031
232	95.543396	11.909874	100.0	26.8	184.13208	29.707724	16.073412	61.53968	-25.95541	2330000	1.086543e-08	38.838398	-0.0058572455	-11.52972	0.40627292	0.016125454	0.0740074	5.0	6331.309664487839
233	97.21133	3.6107628	100.0	84.4	182.54716	30.634396	14.585332	57.758934	-4.142984	2340000	-2.2351742e-08	27.754614	-0.006458171	-4.1791797	0.40013424	0.015212127	0.07590759	11.0	6358.276348352432
234	97.89434	2.5728931	100.0	88.0	184.26414	30.821411	14.3481245	59.305294	-3.5204268	2350000	-3.2712705e-08	27.648544	-0.006587567	-4.779017	0.38752556	0.015007342	0.08230823	13.0	6384.350348949432
235	97.73333	2.5779693	100.0	90.4	179.37038	31.006924	14.585008	64.58175	-10.727553	2360000	-7.8774365e-09	23.285234	-0.005732695	-2.1137676	0.39336863	0.015336874	0.0789079	12.0	6409.696716547012
236	97.67037	2.5676498	100.0	90.4	177.2037	31.180046	14.530835	59.679047	-2.5326376	2370000	-6.193295e-08	24.782286	-0.008311703	-3.4539292	0.39057708	0.016114002	0.09310931	16.0	6437.412709951401
237	97.37778	3.079121	100.0	88.0	178.40741	31.185242	14.588872	60.58718	-13.80413	2380000	-1.7695129e-08	27.270819	-0.006721053	-3.301965	0.3829938	0.015420531	0.078907885	15.0	6465.644349575043
238	95.612	6.928713	100.0	56.8	186.82	29.248104	15.696121	61.70823	-23.46444	2390000	4.4703484e-08	38.339092	-0.0068669003	-9.5250635	0.3882614	0.016771652	0.07290729	7.0	6491.849627971649
239	97.324524	3.6489801	100.0	83.8	182.45284	29.35808	15.284037	58.968174	-18.794445	2400000	-8.692344e-09	29.318552	-0.0073023154	-5.5607243	0.39211634	0.016941702	0.08440844	13.0	6518.582560777664
240	97.11923	4.033181	100.0	80.8	184.11539	30.342237	14.722801	60.056458	-14.713557	2410000	9.934108e-09	31.28209	-0.006897101	-5.6624546	0.393994	0.016092157	0.08150815	9.0	6544.061010122299
241	97.703705	3.0846672	100.0	85.0	177.11111	31.061369	14.455211	60.39946	2.2909782	2420000	-1.5211603e-08	21.82782	-0.008541825	-3.3988705	0.3963596	0.0150725255	0.09630963	15.0	6569.50567817688
242	96.91764	3.8520029	100.0	77.2	190.03922	30.314373	15.098152	62.017143	-13.829181	2430000	-8.692344e-09	29.192627	-0.011944917	-4.793323	0.3974398	0.015111561	0.0940094	29.0	6594.906773090363
243	97.17308	2.7707338	100.0	91.0	188.8077	29.536686	14.408451	61.01069	-3.5102694	2440000	-1.0244548e-08	30.072672	-0.0064508566	-4.7303963	0.40036473	0.01504121	0.06950695	7.0	6621.856633901596
244	97.988884	2.323285	100.0	89.2	183.09259	30.512327	13.923961	60.2063	-0.795677	2450000	2.0411486e-08	28.621782	-0.00822821	-4.2538915	0.39025906	0.015149725	0.091509156	14.0	6649.016703128815
245	97.64529	2.468715	100.0	91.6	180.5849	30.789343	14.40081	61.933617	-4.183074	2460000	1.800557e-08	23.125391	-0.009996283	-2.2810524	0.3831704	0.01511652	0.084608465	50.0	6676.549128293991
246	97.589096	4.685827	100.0	66.4	175.58182	30.747534	14.858819	61.96576	-14.884805	2470000	2.3283064e-09	28.97692	-0.006536128	-6.214388	0.39828852	0.015249364	0.07150715	9.0	6701.697923660278
247	97.75094	2.7647114	100.0	84.4	180.60378	30.868969	14.966364	62.370464	-13.356547	2480000	-1.21071935e-08	27.045835	-0.008998894	-5.5813613	0.38874593	0.015812956	0.09080908	16.0	6729.26574921608
248	98.149994	2.0206146	100.0	93.4	186.76923	30.281847	14.431716	61.238464	-2.654697	2490000	2.6697913e-08	27.131388	-0.0115743475	-4.0038204	0.39423093	0.015077519	0.098709874	28.0	6756.243500471115
249	97.366035	3.330304	100.0	83.2	182.03773	30.482183	14.248474	60.71969	-8.571415	2500000	-3.5700698e-08	28.994606	-0.009168816	-4.69574	0.40082598	0.015630707	0.09220922	15.0	6785.167838573456
